1000
2688944938888617943080958179844174504183021109430472598330527604914336330019084
335870642424312665123514530406595908644660287844007756096
615874626273013564623564148406592947639668957844027750737
0
071006765005830975534578334841359133809811149542618109880
2688934938888017253050958875244194504189021109239475508336128700917236070117406
2688934738888617243080958479844174504183321109230472568330521604987356037012007
072002766605830979536273334845359333834811149542148504583
372134768675820979534240533840359233164018349542119509780
672006766605830974533278536841579933504811149542141509780
432430315639976576922722243877535610808767325475584488461900364753478859491508728618927043834563547
7
2688934938838617240080958471844174504183021109230572708330527604917336030012306
675890652271043665823564538406599943649568987844007756700
2088934978888617243180988479864174504183021109200472808530927604996336030012006
665870622291013665823564538406593949149668977844037750807
0
7
432584315334976086922779975077545917808197345775584188461905764753175859994008776618967043834513247
072006766605880972516278334841152333504811147942158509784
6
685870623271013665929532538409595249690668187564007770704
3
432530385339976876922722943277535617808157315475584488451900764756178889491408718618927445834563246
212306764605800945534278353841359334804805189542148409786
3
2688932938588617223089958479845574504183063909230472508330527681917336038012006
442530381336976866922721943277532610808156325475584488461700764753178859491508718618927061832563243
0
072006665601830242514278334195359336804862149532148509787
432580315339976826927722943277535610808157325475584488411900784753178859491549738618927043834563247
072006756605820979567278334841359333804811149542148509784
2688944938888617643080958479844174504983029104230472502130567604617336030022883
6
072003736603890909784278630801359337100811147544848549786
072076766645853979034228468842359332804314549542148007784
0
432530315339976826922722943277535610808157325475584488461900734753178459491508718618927043834563243
072606786905830979534275334848359333804811149542141508384
6
042006766605330977534278335841759313804891149542144509784
7
2688934938878317243080958479844174504183021109230474508392527604947336030012406
615870624271013675823564338906595941649668987874087759700
615570122271003665823564538206525049649668988844507750700
1668934238218653243080958479845172504183321109230472008330527604957339036112004
605670620241013660823534531406595949649668967844007750707
432530315939976426922722943177535610808107015475584728461900734753177650491508718614967543834563247
082008796602830979534378334841359333804839149542148509784
3
432530315339976826922722943277535610808157325475584483462900764753178859491508718618927043834566240
2688934938888617243080958479844174504183021109230472508330527604917336030012002
615010622274013665823504538406595949649668987844089750704
672006766605830979513298394815459393804811849542243505786
072006669605830979534574534821379333204811149542148409783
0
415870113271803658861264038408392936669665959644627750786
615870622271013695423564538906305941649668987874207150706
7
6
2683934338882617243080958479044114504183021109230474508330527604937334030014000
2688634938888617243280958479844174505183021169250472508330527604917734030016000
2688434938868477213880957479444174804183021109239492548330527604917336030012007
432530351333971826922722943277535610808157325475584288461900764753176859491508718618227143134563243
432530315339976826922721943277533610808457325471584488461900764753178859491508718618927943834563247
072006766605630979523278339841359933805811749242138209987
432530315339976824922722943277535510808157325475584438461900764753878859491508718618977043834563246
0
1688934938888617843080958479874274509183021109230472508330527606917737030702006
078006786605830697534278334841359333854111539542118509086
695877129271013635823561533406595949497618983844007750700
072006700609833979915278334841359333804811149542148509707
614870622271082265823764538706595949662679987944007751704
2688934938888517343080958459844674504103021109230472508330525644917336090002006
615470322227093563823564538406595949649668987844007750903
072006766645030979534978334842339313804811143542143519780
2388944935788637245049658479049574704983721309230472508330757604917823030011004
4
515870622271019755823564538406595949649668907844007750703
078306066605860929534271364741319333805111149542149579783
062006766602830979030278304841359333404811149932140509787
432530315339977826922722943277535610808557325475585488461900764753178859491508718618927043834563247
432530315339276826922722913277535610208157325475584488461900766753178859491508718618227043834573244
7
2688934938888617243080938479849174504183021109230472508330527604917336030012373
2681914938988617243080968479844174508185021109230472508330427604917336030012006
212870626274819665753564738436595929649668987443007750720
2088934938888617263000958479844177544183011109060472808038627604919336016012073
0
3
6
012005666605830979534278334821359303804811149542148203780
072056766605830479524271334541359333804811148542148509736
432530315339976826922722947277535610808157325475784488465900764753178859491508710618927043834563247
2688464938842617249885952479844074504163021409230572508333527684910536030012503
432530365339976826932122943257935610808197325475584488861007764753178859401508718618927043834963643
6
7
432530323369976826922722943277535660808157325475484888491970764253278856891501718610026043834563246
073006766605830479534278334841359333804819149442848504783
032706769605730029064205334881399117807211149542308598707
2688933938388617243080958479844124504283621109230262508330527604917336030012003
7
2680934938818617243080958489844574504180081109230472503330527604715336030012006
4
072006166695833979534238734841949312814888142522148509580
2638934938888617243080958479842174505183031109230476504330527604917336030012003
6
2682934938485515246088908679854174504183021189720472506310527604967336037012003
2089934938888647243020958479844179504183028109230472508330527604111336037012003
0
074060766150810979534278334841359338904811149542148509787
072006766686830079124278334849053438816883149342148509753
2681934935888617243780978479844174504180821107230472508330527008967836030092000
572806766605830979534278336741359333804811141547148509787
072006766605830079134278334841354332504836449540144509786
3
2688974638888914243050948179844674504188021140236472700330222673937338099014010
872106766675894989524258334841359303804811199542148589783
7788934938888617243580928479847174106183021200130470508333527609917336030092000
435530305329976826922122943277535610868153325445584488465900764753179859491508718618929043434563286
7
3
2688934958888917243386158479844174504183021149230472508383523609917336030012007
615870622241413665823564538446595949649668987844007710803
372066766605830979534278334811359733814819199542148509784
062000766605830979525238334841359333878811109547148579586
432590315739976126922722543277505610808107397475484888861410764703178879438548758918923743834563236
4
3
2688634938888647243086958470854174506181921109230572507130520604199536030062086
4
615870622271915665823168538456541949649668987844007750700
477006756606830379537278334841959433694611441832148500786
072006766805650979532278334841349333804811149542148109787
635870622271019665827504568406995649649968887844007720904
619870622172013665823564538428595951645668987844007750707
2688934938888617243080958979844064504183021109230472508730527604917936330012007
045870612271018665824513538966592949640661288844017750707
432530315339972826942720943277535610808137325475584088468300764753108819491508718618927042834566240
615870622271013665623564538406595949649668987544007750804
072006366605830979534298334841359333803811149542148509780
432530315339976066922522973277575610808607325475584488461908764763148859441508018618927043834563447
515890622221063665823586579406595249649664987464707750706
625870622271013665823564538401695949649665917884007750704
7
0
615870622271013175823564538406595949649268987846007750710
422536315339906826982722943277535610808157325475584488461900764759175859491508719618927043834563246
072006161205830949504278334841321333843111049343148509083
7
042006766005227879534278334935359335804863149542948709080
615870793291913635823504536406595839446668487844002750706
432530315639976836922722749277535612808197327935544488427900764750178950491508738618827083234563216
2688934938888617243380958572884174904583041109230472508330527600917336030012000
832552315339906826922722943277535610808157925475584488461960764753178857491568018668921043834563240
432530355339976886922792943277535610808157325475584488061900764753178859491508718632927043834563243
076005962605833999574388934841353733804861145547148509380
032530315339976826926722903277535610808157325475584488461900564353178859497508718618927043834563243
6688934938888617263080958477844174504183621109132472508331527604917336030012000
072006767695830976538279834941889339004811149542168509783
615570322271013665897364431413395949649668987846007750704
2686934935898617243080958479844120004183051109230472508330527604917336030012004
3
072301766605832974534278334841159333804811149242148500584
432530315339976826922722943077535610808157325875584488491900764753578809491508428618927049834563244
615894692271013665863504538403595949649668987844007750700
070056764605830979534278334841359333804811149542148509787
4
2688834939888617643080958479844174504103021009230472005910547604917339031012303
4
2648934748888617242002150479844174504100091125230473500338523098917636230082633
7
3
073006766505830972834278330811059333104811149542148509780
432530355637076826725025745277535610802157325485524447461409764475178759495508718218927043834569244
615864672271017665833284531406595749609668987844007120700
615870622271013615824564538406755949649658987844007770706
6
2688934948888617203680058479844174544183021154939472501330527709717030660012006
4
072026060605070979534278334841354333824811149544148509784
076006716605860979531278334841552333804811179592148509783
232530315359976086922822954277534619808157324476584488461900768753177859401508718918924043834563243
072006767605830909534278134841359493804811149540148509780
5588934938828614243080958479842174564183021109230472598330527602917336030082004
655870022274013668825564538466515940299668983844007450704
432530310309976826922722943278535610008157325675584588461900764753078852491568418618927043832563246
2688934938888617243080958479344174504883021109210472508530507604917736030022003
695870024971010665833560534406591945649665087844407750700
0
2688934938888617243080958409844174254183021109230472578330527604917336000012004
0
2688989938887617048080978479844174504183021103232472708330727604717336090012104
0
615870622271513635823564438426595959662632987824005750703
272006766606850859574278334841359333860811149542148501784
432540315439476826322718945277932710400940325475584580451600764753172039011508718608927043834563244
6
432530315339976826922722943277835600808157325475584288461900764753178859491508718618927043839564246
7
7
432532314439976825922702943272935610808147325475584688361900764753178859411108718618927043834563246
072006766505830979534278337841355333854831139544148559784
3
072006763605833979514378433841359313804811149292148409784
7
832530315339976826982722943253535680808457385475524488461900764753171859491008718619927043834562246
2688934958888697243030958479149174589183021109230472508330527604717363030012006
432530315339976126922712949277535610808157327875594488461900664753178851491508718618927043834563243
4
2688634932888014243080958479844174534583021109230472504330520694917336037012007
432580345439976826922722443279535610808457325403583488461900784763178859491508818618927043834523744
432530317339976826322722943277535610808157325575588488461900764753173859497508418618927643834563844
132530315001976824922925941207575410808157028491584486475900764749178859796409718018927043834363246
073006766605830979534298154941309333804811147544148508784
615850632271013563824264538406595946689668989873007750806
3
3
2688955168888617243085655475774174504183021179230472598630527004917336030012013
7
4
432539315369976826961722943277535610808150325475584408451900761753163859491508718618927043834363250
772006766605836979534278334841309330804811941542168509780
3
0
2698934938888617248082958479844174544183021109230472508330527604987336330012000
4
615870622871017665823564538901595949649668947846087750703
2688629948888617243080938479844144504183021109230472508335627604917336030012006
072006766605820079540278334841359233804613149743148009283
7
615870622271023661023560537406545949149668087874007750700
432530815339916823922722943277535610808117325473524468461900764753175659492508718618927443834563246
072006766605834977564278344841359333806811149542148509706
2688434938888217243030978479844174504183021109230472508330597600919336030512006
0
072006566805830959534208334491359333804811149592148519783
7
2678936930988617243080958479044171564183021105230472508330527604918336630012000
072002506665230979534179384841759053808811447552148507780
615870322871013065823564038476595749643368987844007750703
711870682071019665823564538477595949949668980849004750107
6
2688934958888615843080922279854174504183021109200479508930527604917336030012006
402570315339936826125722943277835610408157325872584488961907764033178859491508718614727543832563243
615870622271013165823569038406549999641668981844037730703
2688934988888917243080958479844144504183321109280472508380527604917336030012583
2581904032888617243080958479847174514083021606238972508430007608917336070912060
0
615870622271013662823564538406595949649668987846007750707
2638934935482617243080955179044159074183083109230472503335827684967336030012087
2688934938888634243080958479843174504183021109230272598331727607917336030012007
072006766605830679784277334849359333804811166547248509783
4
615870821271613020823564538509595949649060987844047950904
2688934938880612243080958459844174504183021909230472508330520604917336030012903
6
432530815339976826922722941277533610808157325415584488461200764853178859491508118818927093834560240
2686934937888167213080154479871174504183021109230476508830923204917135030012000
2682134648888617042088324479845174504183051109230472548330527604917333630012006
432530315339976826922722943277537610808137305875584488463900764753678858491508718618927044834563244
432560315339176826922722943277535610808157325475584487461900764753178859491508718618927043834563240
072846466505830579594278334441059288408811749512848409784
2685934958888617223084958479844174504183021309230472508330527604917356030012173
012000927655830969534278334841353313004811145542148599746
510670322276043866023594538326555449639168387604207750700
715870622271028665823564538406595949648664987814007750706
432530515339986726922722943277535610808157325475580488461920764753188859491508718618927043834563244
615678622271113665823564538486595949649668987845007750704
438570622274713665829564588216585449249658907544003820803
054605766655871609523278333854169633178815149541158541726
9684934938883617743030958479844474504283061109200472508630527604917376030012700
2688934938888617243088958479844174504186021808230472508330827604917336030019007
7
072707766635830979234278334841359333204871149542147509787
072000766605830979534878634841358333864811149372118507453
452530315369976826922622943277535112808157325475584488461901764753218859491508718611927043532563243
432430315339976826922722943277535610808159325475584488461900764753178859481508718618927043834563243
4
0
611870622381023666823564538406595949649018987844002747704
615122022577013665823564538106695449476269377931702750557
2837938938888619283030958479844074403183029609260478198330627604907336030073096
432530065339976824922722943257035610801157325475984488461900264753178259191808718618927043811563237
2682934938588617243080958479844115504183521809230672508330527604917336030002007
432630315439996826922722943277535610808157325473984488461900784753378859491500918618927049838563247
072008766605830979534278334841359333804811149542148506780
072006706305630999534288334849350333404811549542148509784
2687934938888617243080958479844174504189021109930472508330527604917336030012000
615870622271013665823564538406595949649668987844007750701
422530815339976826922722943272536610808157325475584489361900764753178857491508718611927043834463250
2688138938888317243320958674844174504280021109230476508330527694947336037012004
432510315331976876922722943880525610408217325475564488461900734751158809491568718618927643864519247
7
615870622271913365823212538406595989609628987844057750706
615870622271013685323596548106595949641668987844087750700
615870622271013665823564538402595945642668937844007750700
0
072076766605030979534304374849354336804816119542168506756
7
2688934938888617243080958479844174504183021109230572598330527604917336110017000
419530215339976826922772943762535610808557325475588488461900764753178859496008718618927043834563246
432533315339976826922782943577537610808157525375586488461900764753179849494508718612927043834563247
432560315739476826920722943277736171808157325475584988461900764753178859497508718618927043834773243
074006766605830979534278334841359333804811143542148509780
875870632264013465823024438106595949649666987844007880264
2688932938888617243780955879848544574153021109270452569305527604917236030012007
432530315337276876906722949277535610808955975873584478411700764753118859441508788618927033834563240
2688934908385667243085958579944174504183021109130472508330527604917336030018007
432530315309916829922722943277535610808157325475584488461900764753178859491503719618927043134563446
2288734338888617243880958479844174504171081109230472508337567644914336030012003
7
4
434530312339976826326752943877595610809157225475584488961200764753178159495508708618927053834563244
5068574938888617245880958073844284504143031108230472508330527684937336030014404
072006166645830979532278334842359333804811149442148509780
2688924934885617243080998479844174504113021509230472408330527654947336030012006
6
072006786605830979531278334841359333004111149542142501783
428500015339956826922622947274539610808157325475584488461200763713178859491507718618927043838963246
4
072002726605830991532276334841358333859881049572148500746
072003296605530979534248330848358333509811239542108509786
615870623273013134823564538106598949649668988844007790706
3
432530315339976626922722943277535610808157325475584488461900764753178059491509718688927043834563240
7
615670622281013665893564538403595289605661997743087750700
2688934038818617241080958479840174504183021109230872808330527644917336030014000
432530315339976226922722943277535910808517325475584488461300764653375059497503710818927043834563240
2688934958888617283080958409879174534183006109230472508330527604917336030812514
644870622256713665823564538906998849549608982840007450700
2688932734888617243080956479844174508180021009230472508330527604917336030212007
3
432530315349976826922722943277535610888157925475584488461980764753178859451508718618927043834563247
615570691271013662833561438406095244340628917844006750857
875870622271013685853564438401593949649668917842107756277
615070622271013665823564538406595949649668687844017750700
2698934238808617243080953410844174504183021109200772508271527604917336030012956
615870622261083665823564538406595969649618887944007750697
072006766645860979539378334841358363404811169542148509780
6
432530315339976826922722943850535612808157325405584488431900264713178850491658728618957043834563246
432540315339976826922725943277535610808857125475584488441900764733173859441508718618927443834563240
013006766606830979514272384841369333804810110582198509784
932530315399976829422722943547575680808387327472584488461900764753178899491508718618927043834563247
615170620261073665823764528709595949648669989844383791856
432530315339936826722328940277535610802157325474586488461950764723176659491508718618927643031563840
3
613840602271013665803564538406590949649668187844007750706
615870625271013665823564536506595949649668987844007750704
2688934938888617243082958479844174504183026109230472508335547604917336030042006
6
0
432590315339976826922722943277535610808157325475584488461900764753178859491508718618027043834563247
6
0
412530315339979826922722943577535610808157325475584488461900714733178859491508718618927043834563247
072006766205930979234218332807361533804811349442148506287
4
072800996605830979534978333841339333805811149242148509783
432130315366673826922027943277535610808157325476524488461900754753108856491505718618927043834569240
072006162605800979534478335845354303854811139542148909787
072006766605830979534278334841359333804811141545148509786
462530012339576820122722943277535610808257325455584488461300864853178850491508010694921040284563294
2683934832878617243030558475844165504187021109230492508330579609917336030052007
070016766646869979574208224841359333704845749542348569584
2688934938888607843080998479844174504183921100930472508350587604717336030013003
4
432530390339976826922722943277535610808157325473584488461900764753178859491568718608927043832563246
072606366605830979534178334815319333804711149648148289680
2687734238578617843020448469880164544183028102530472500330941624937136230012103
6
0
432430315339973827942722943277735610805157323455584488461900768703178859491500638618957043834563247
7
652840672941013660325544538406592949649668987840006750706
015006776604830976134277434941359853893811149548178509784
617875622271113605820589338406397649649368987044067750706
7
079006766675030972532248334841379333064811140542148709786
4
432530315339976826922722943272535610808157325475584488461900766759178859491508718618924043834563246
872796966605730979530278332881357331804812149572148509787
072006484607835979534678334651359233804811147542148102736
7
615879622271013665823564538406595949649268982844602550704
2638934938888917243687958479834374504283021109222472508330527654914336430012000
075506466605860859944288331861359333201816140502148009586
432530355339976726922722913277535610808157325475584488461500764753178859491501018614927043834533246
615850692271263665823554538406595949849658982844007750706
2687934938888657543080978379844174504183041809630472598930597664913336038012007
070205622605830979234298391841356303834811109143848539783
073006779605710970534238894641359353474850147642448349783
3
432530415134936826522722943277535230808157325475584388461902764753178859495538718618927043814563244
078006767605830979534278334841839333804811649546648609786
432570319339976826922722643277535570808157325475784488461900764752178859491508718618957943834533247
072006734605830979534208334849359333864831149542148509784
615584622271013665823564538416535949649668987844007700706
3
2682274934788617282080968479843174544483021178980872718333517604917336030512040
6
832522315339976826922728943205535610808153120475584488461900764754178858421268714618927043834553277
2688934933858617243080958479844174504123021309230371508730527614917336030012003
4
331540315379976826902722943227531615868157325475584489461900764753178859498508718618926443814763287
0
614870622261013665823504538497595949609668987844003750900
072006066605832979534274324881359834809219119541348009784
432730315339976826922722943277535616808157325475584482361900764753178879491508718418927345834363247
302006746205831979534273334841559333808810199042148502786
2688934918888815543080958429844174504183021109230442578330526604917339030272006
3
2688934238998617243080928999444174504987008109230432508330527604919336030012006
2688934138880917243080958479844124294183021109230472598330527644917336430012003
432530335339976826923722943207535610808157325475584442661900764753178859791508718618927043834563244
615870629271013665883474538276505949643678387844009750203
2688934938888617243070948479844174104183726109230472508334527604917336030012003
072006762405830976034278334841359334204871149548141509786
072037766101578079334208334841359133819811749543145509886
432530319339975826922722943277535610808157325475584488461900764753178859491508718618927543834563244
3
2688934938888617243080954479844134564153081109230472488330527604913336030012000
3
615870022271813669823564538406595949649668988846007750700
962006766605861959534278334741319138804281149522148709484
072006766605890679534271334251355333884816189542148509787
7
072700766605830879534078334841359353834855545562148509733
2688934933888617245080958179844674504183021103230472508930527604707336030012007
432530315399976826922726943277535610828142325475534478461906764753172859481508718613927083834963240
725535347309976824922722943277530613808157825474584488461900764753978879491508718618927043034168144
432560315339977826922722943277535610808157629475594488861900764753078859491508778618927046834563840
076006766655430939534278334841350333104811149541148509086
615870622278013665823564538406595909745868977244007750786
072006766605890979534273334041559333804876949512148509784
2681954938838517243080958478844104504182061109210462908337127604117304130012007
4
432530315339976626222722943272535610807157325475424488461900764853178859491509717788927012834568443
432530372339977822922722943207535610808157325475584288471906764753171859491508018618903048884563223
611875622231919165103474038226572949659068987544007760706
615870612275313665923084338456997949690368987845062780700
432530315339976821932722943277535610808457325475587488461900764783178859411508718618927043834563243
615878617251413665323568538006597943649668987844007750606
4
6
2788334948888617243080958479844174504783021109230772508330557694967399030012006
2688933938888617243082958479844174504183021109200472508330527604617336030018000
2688934938868617241180908443847164504183021109230472508330524604717306030012004
614870622471013665823364538806545949649668927494007950700
2888910938878617243080958479849114506583020109430972508330527654917336037012000
072006746698030972534348330843359323854811149542148509780
7
432530315339976826922722943270535110808157325474584488401900774753178859497508718618927043834563246
615470622760013665813864438406595940649648987841007750706
432530315339976826922722943277533610808157325435584488469908764753878859491506718688927043834563247
2688934938888617243981958479844197504183621109830472508330527603917336030016000
614872122279023665123564531436594941645659981844597550104
432170395779978836022722943277535610808157320475564488460900762710978859491508718618927043883523290
4
2688937938888817243080948479844278364183021479230472508230527602917336010022137
2688934438888617243162758679644174504183021169200472508330537604917336030019003
8633934918888617243080958479844174544183081109230492505340527604957336230012000
0
072046766605870979534278334851159333894810169347147509786
3588930938888617273080959479894174504183021109230572502335527604917336030635303
432530315339976826922722943277515610808157325478584489462900764753188856491502718618927043834563243
6
4
625890822276613565826564538403595959549908981844007710703
4
072006726625830969534278334843359370004810149842470543184
2088934938888617243080958429844174524183021103230472508330527604917935030014007
315870522261013668833564538406595149649668987844007750707
4
715810624271003611523564684906595949843668087844988756404
432530315339976856922722943077535560808157325479584488461100764753178359491568618618917043834513214
2688934938864617243080958479844173504183021102730472508330527604917136830012003
615870622271013365824564532358595949649668088844007750700
2678964938888617243080958479844172504183021105230472908330527604917356430012003
2688934938888017263080958479844174504183021189230472508330527602912336040063083
115870622271013455823564938476595949649668987847007750703
4
2681964938888617243480978479842194504113021119230472528329527604917296034012000
434530315339976829922722943277535613808157325475584488461600764753178849491508818618936043836563210
4
072006766445830979581278334441359335814814149562148509786
615800126272613665823564538406595949539648987844007750700
7
0688934938588617243080958479844174524113021149230478508330527608917336030012007
635076622271013565823262538406595999649668587894001558784
6
2688739998588617243080457575844874504183021102230482508330527604917836030012003
432170515339976836922722943977535610848157325475584488461900764753178859491508718618927043834563244
7
1688934938888617243780459478844174504293021109230172564370527604917336080012003
6
432520310539976826922722943277535610408157525479584488471900764753178849491508768618227043834563267
7
7
432530315339976826822722953277535610808157365477584488451990764753178859491508718618927043834563240
3
072006766505832979834278064911351397804841149142146764777
4
4
432530315839976826922722943277535610808157325475584488461900764753173856492508716618927043834563103
615870022271463665823564338936525449649660987844007750706
2688914938888617243640958475844174504173021109230472508330927604977638030212007
070016769605831979114278334841352343804911109542148599784
615870622231613665823564538606594949669068987844007750706
432530315339976826922727973272535680828157325475584488461900264753178852491508718618027043838563240
615840622265013665323564538446565949652668987044007150604
617840622271013475823564538406545947659668987834507750704
2688930927883699243080508479844464164183024102860577389330527004997335030026493
432530315319976826922722943277535610803137325475584488461900764753178855498508718618927063834596247
2688934938888617243080958479844174504183021109270478508335527604917338035010004
7
232530315339976826922722943277235610809158325975584488169900764753874859492568718618927043434863246
3
432439315732576826322722943913535610808152225470584498861960764733178859491778718618927043894563143
615870622271083665823564538406595949649668887844007750704
432598515339976824922722943277565690608137225015581448261900764753178859891508718618947043834563246
6
6988934938888617213040958279444474504181021109230472508230827004919336030082006
675370122271493665423564528976594941602668985844007930704
272806766605832979534283313893359333705810149549129509486
812069766605836979534278534841959133894819199542169509687
2683934938888617223880958479864174504183021309230472508330527614917330010012003
439530315339976826922722943277530610808157325475584488961900664753178859491508718618927043834563243
605870629273013260373564578406595669245668987851007750703
615870629271013165826564539509595949649668087844006650893
3688938928888617143080958979243174909183021109230472728334527604912356030066000
6
615870622276913665823564538406095949649668907854007100706
2688937938830617243080358419844674504182721109230472508330527604917436030012006
952006764602830979534252332841359333804816149949843579783
615880714278013618873560538403585649647668986674207709726
315810322271093685833564738406515749646668967844007150703
432530015339976826972622943297535510806157325475684488461900769753179859491508618698922043834563213
2688937938888615843080958479844174574183421109230272508329338684917336733012056
3
634480622294013665823569038400595949649664996854907550703
2688964138888617943780958479844114504183041109230482501330521604917336095012406
432530315339976846922722143277535610808157325475584488461900764723178559391508718610977043834563243
415875622226013665823568598406395949659668987844007750206
2688934938888617243080958479844174501183021309236470708330527604907376730012004
2688934938888617243080958479844174504103021609230472508430327604917336030012034
7
7
2688934938888617243080958479844174504683021109230472508230587604917336030012004
072466764605890979574218393890359336801781147542185509744
615870622279013635723084528406595949649668997854007750706
072906366605170979534298334841359341804801149542148506746
072006766605860959534278334841359333804817149542148509783
2688934938888627243083958433414174504680016509232478508330527604917936030099007
2688335968888317246080958479844174504683021109230475506330537604917336030012054
7
015870622291395665823564538406595949649668937144007750730
7
0
432530315331876926920722843277535610808157329475584488461900764753178859491508618648927043854563246
072086766685840273536278334441859333204871149542148509086
432528315339976826922722943277535610808157325475584488461940764753178859491508018618927043884563244
074109066634868977534238764831359333807811199052188509707
438530315339976826922722943277735610808157325475584288061910764753178859491558718618987043834563244
2688934924888217243080458405844373504194061105230472905330528607017386030016007
432530315349976806922622943771068610808157525875580488561900764743178859467808718617917043234563240
7
431530315339976921922722943277535614808157325475584486461900764753078859491530718618927083334563244
2188334499888617243080358489884174504193921160230472508330597637913336030016006
078006770605830919504568321841359373804801149512128509180
7
072006776605530559534278334841359333804818149542148501783
3688934938888617843080958479844174504183021109230472508390527604917866330012003
915860622271013665828264078706515949649668987844517757704
4688934938883817243380958478894174594593025929230492008330527664916336034012007
3
615690641278013675923564538406595942649668989844007150734
482530315339976426922622943267535620808157325475584468461900764732178859491508718618920043834563246
615878622221033665823564838406595959849665980814086552103
432535315319970826920720146273536660808457322405584938461900464733178855491008718619992143804561247
432530315339976826924722943277535610800157225475584487461900724453178859491508718663922043894563540
012006768605830979234278334801359333889811749542148529786
432535315338976856922722943277535616808757325475584488461900764753178859491509718618927043834543247
915970122231013665823564538406565949649668987844007795703
615870692474013785823589568406595246649168987894007758914
6
2688934938888811243080958479844174504181025609230472508330520604917336080613004
2688934938888617243084058479844178504183021501230472508330527604914336030012004
072096576701030979337195314841359331834811249542148506727
072006766605830909584878382871989339804611149542148599780
613820621261013665823564338407597949679963987844017751707
6
432530315330976026922722943777535610808157325475584488661900764353178856891500728618927043133563247
570006766605530979024478934841359357804811161542147509780
116870622281013635823564548406695919680368987819067159700
2688934938888237743080454493844174501183021199230912508330527605912336030972906
0
432530305039976826922722943277535610808157520475584488461900764752178859491508718618947043834563246
615870622271011665823164538406595949649068587844007750707
432530315359776826929782543274565980808257925475584488461700764553478859491508718318125643234563244
452530315337976526922722983277535613808157325475588488461960764753078859491508718618127043054563244
615870622271013665845563938406505749649661387844007500300
432532315179976826922725943877565610100157525475584488441000764753178954401508718618925495834563246
912006066605830979530278334841359333808811149542148509180
072006066005840479534278334841324333813811149542148509787
7
2688938938888610248080958479844174502191021109230472508330527604917336030012000
072066766635830979534078334847359562804871143546148509780
2688934938888617443080958479844174504181021199230472508330527604917336030012000
614870622271013642809964538406595989649668987844807750354
072006766575830779534078634891359334804811144542148505700
432530315339976826922722943077535610808157329475586488464900764753178859491508718618927043834553243
7
3
072076776675236961334278334801389033314401144542148500786
0
072009766605830179534278334841359330804311289542148509687
615870622271113665823564538406585949649668987844007450703
072006766605830979534272334841359133814811144542148549787
672006766605830979534277332841359393804251149541148509786
614870422581003625723564538606535946249642987644007490703
062006766605837979134778334841359383844811649542148509777
615870622277013669823564538406595949649668987844007750707
2688934988888617253080558479844174504188021109230472108330587604913336030012004
7688934938888917848080054479844172504783021159235472708330527614916336030014007
9688984938888617243080257169824173504183021109231472508330527704917336030012006
2688974938888617640080958475844134504183051109230479508330527607917436930012900
0
072206766945364977534218334141359333804811149542108509777
0
2688934038888917243680958479744104504180051109930470508330527604917336030012006
0
615870309271013645833564538605558969699668987844007952747
062006766645434979538238734544350930804811149240148501280
2688932938888616243080958479144153004183028179230472208330244604917136032012056
2688934938888647243080908479849174504188228109230472508330512604905336130982994
2688934932888517103080951479845174504403021109230472508330527609917336030012006
2688934938888617243080156479844174504183021109280472908330527604916336030012004
0
932006786631850077564873434143359737904811149540148501983
012006766605833979545272334841312133801811349542348504780
6
2688934938880911243080958479846174500113021109270471508330527604947336530012000
462430315539976826922726945242535670308157925475588488461900764753178859897500718618927043134864240
4
615877612274019618823564658708591939642668687244809750700
8698934932888617243280958479848174604103521109330492508330927694917336738212007
7
072006366601360909534278334891359337804311649542128509786
2688930938288619243080958479840114504133021155330472508339527604917336030012603
6
2688934938888617243080954470844117500183021109230492578330527604917336030012006
072006066605830979534278334841659333507811169542148509780
732530315339976026922722943217665610808177325475484388461900764753178859491503718618927043834563177
617870632271013665823564538406590949679468977844037780703
2828954838082617249080888479844173504383021109330472508330527604917316030012004
7
515870622271013665820534438406595949749660987844005750204
2683994934847117243430953429844664504123021109240852508330527604917336030712003
3
072706786605830779514278234801359043904811579582197509217
2686924938088617283080958489844174504184021169238442508338527664917336030012006
615871622271013665823564538406595949648068989844037750703
616810622231013661423563238406595945689668547844007755707
6
432530345339076826922723543277535610208154325475584088461700764753178859491508718618927043834563040
2688134938888627243080908443844174504183021199430472588330527634947336030025006
432530315313974826922722543237535616848156325475584488481900764759178859491508718618927043834503946
611870622271213665823764538421595949049968987843007750706
615870622271513662423554534406595343609668987844007250200
713870621271016665823564538406995943649668687844007750707
072006766602830979539270334821159333884811149842848709786
6
6688935988888617443030958479844154504183021109230472508330527674918336050075004
072006767602831979934277034741352333334811149593143509786
072006766605830979594278334841359333804511149542148509786
615870622871013665823564138404595949649668987844007050407
7288934138888217143080257499524175504183021309430472721330327604911336070912004
2688934938888617243080958479844174504183021109230475518330527604917336030012007
2688934938888617143080958479844174574183021314230462503330527604811336030012004
077006766695830979534278030855359323804811149542148509780
615870622275413665823064538906598949649668987874007740754
012006766605232979033258304441358333801817109592340539786
6
215870222871013665823564538406595949649668987844107752700
072006766601530909534278634848359830804841149538158509777
3688934838888617245080758989844174504173021109230472508330527604973337030052006
412630335339976326922722953277535610808757325475584488461900704753178359490568716618927043847663943
072096766705530979534278334841289733804816501642148509880
6
079006766645830979534278334141159933804811149542541509784
532530215339296826922725943877735619808157325475584488461900764753178859491508718617927143834563244
432538375339976826792722543277535610808152327475181488465970764753178859491528718618927083834563247
4
615870662271013695823564538406595949649668987849003750707
165840652274013905803564538426525929649604888844007750707
032366866605830879534578434841359313804811189542042599783
432550715339976826922722943277340610107107325475570488451900764753178854491508758618927043834563247
615870620271073665823564538406595949649668987944007710706
072006766105830979534278334841359333104811149542168509784
2688934938888617543080958479844174504183021109230472538331527604917306030012000
432639315359966881922722903267535614808257325475584488461900454753178859471506718610927043134563243
076026766645830979534278334341359233808891149542142509783
4
431570315339976826922722943277535610808557322475584488461900764753178659491508718618927043834523244
432530315339976826922722943277535610808157325475584388464900764753178859491508616618927743884563244
655870572571813625823564538406595949649668987544007750707
3
215675622261013565323564518406594947647668513744717740336
6
072006766705430979534278334841359333804811149542148409780
032530300339976826922723943277535646804157325975584488461900764753178859791508718638027343834563247
432540315339976826927722943277535610808167325475584488461900764753178859491508718618927043834563243
2588934938688615243080958279894374552183023109230472208390527604917316030012807
0648934968888617543080958475844574504183021109230472508330527604917336030012007
432530313339976826922722947277535610808137325475544688461990769753103859451501788615127043834563240
632430315339476821920722943277532610868757325375584488461708764753178859491508738618927043836563214
0
2648134938888617743180958479844174504493015106290472508330577672917336030018003
0
2688934937888917243080958479844174604183021109230472508930527604917332030012000
625819622271013665823564838406295349649668987844007750707
432530315339075826722722943277535610808157325275584488761955764753178859491508718918927348884563237
3
7
2618934938888617243080958479844174504183021109230472508330527664917336030042006
432579315309976826922742943277530615808159305475584422461900164753178859491508718618927043134563244
431530315339506827122722733277533690809157325075584488464900764253878859497504718638925043834523254
2888944038889617243080958479644173604183024109230472508330527604917336090012006
4
6
4
0
3
072006766600830979534278334841359333804811149542948509764
3
2688934938888417243080558479844174504182021169260472508330527694917336030012004
7
4
7688934938888617243080938439844174584183081709230472508330527608987336030002003
3
6
3
6
4
725870622271073065823164558406195619449838587844007159707
615879695271013666823530535406595949845668977841707750706
4
189456746965530970534978334841756636204811149962148509786
072006366605830979534270384541359333804801149542848509786
3
3
072006766605830979534278334881359433801711149542148509786
615873622278013665823564438406595949649668987874007750703
079006766605840979634278334841552326804811109542121509794
2688284938828617543840958479844174504183021809232376501339227604917386033712700
7
072005166609830979534278334966559333104711224143178509734
432530515339976826922722943237535610875157325475584488461900764753178859491508718618923043834563244
2686934938888712245080959479844174564183021709430472308330527604919336030012000
2388834938888667943084948279844124504483221003298462308330527604917336030012003
2568134938888617243080958379844174106583021139210472508330527604957336030017007
072006386605830979534778404841351533804811149542148509783
0
072006769605830559534238334841359633804871149542348509726
615819622271013665823564138406495949649668985844007750703
7
432530315339976826929722943277535610808157325475584488461900764353278859491508718618927043834563244
072006766605530979534178394841359333304880119455142806780
3
072006766605830979504278934540369333804811189742848549730
2648134938688617243080928479844174504183021109230372508330525604017306030012007
615870622271013615829060584406595949649668987824017750900
076006766605830979534578334851359333804811149542148509383
615870622271713665823564538406595949649668987864007750707
615875621271013665822564538027592049649628987944907750706
115870622271003664823564138408535949143668987844007750263
2678934935088517243080258479844454524184027719237332578380527604917336030012006
071406762605830979539278334841359333804811149502148509784
2688934938886617243080658479844134504143021109930473508330527604917336028012000
072006764665530979554478334541359333805811549542144639783
4
3628934938888717243070558472814114544183621109230372508330627504917836831062604
079006736605830879534278334741359333404111149542148509787
4
072007746605830979544279334801359333854211149502448587784
685870622271013665823365538406597949649068987764000753704
2688634938888613244080958475844684594183021109224472208300527604917336030012003
072006726605830279532478334872357633804811149542147509786
615470622273513465853549538406997949619668987844044750704
0
432534315139976826923522443277535610808157325375784488461900464753178559491538718618927043834563847
615870422271013665323564538406595449649668387244007750700
685870622271313669823564192406595979649668987842807720706
1688984938888617243082978479834084108583021109230282508330517806967336034212003
7
2998904998882614243080958479844104504183021109230472508330527604917306030012000
615836187591013465823574538406535959449668487844007720703
615079620471010645833553448406592975619668923344007790757
072006746605830979534278334841354333804811149542148509783
615870622274015665823564538406595949742668497844007553700
4
9
672006766605830975534278234841359323804810149542148509784
632530315339976826122710948277035670808157320475584488261800764753170859891548718518127043834563253
615570622271413665823565508406595949282668977844007750100
432530315339976826922712943277535610808157325475584488461900764753178859491508718618927043234563244
439520311339976826122722943277525640838157328475584488463900764756878559481508718618927043334553343
7
0
072007866205835279364268338840359333804911149533148529780
615870622271013685823564538406595949649668487244007750104
3
7688034938888617243080958469044144504183621109390352508330527609917336038012097
685810652271493365873514138405095442649668987844007750704
2688934933928617243086954473824174504187021103730472508390507644917336030912796
072006766625830979531576354043159333804891549549148509913
1684934938888617243088058429544174504189121109230472558330577204967335030012003
012006716605830992534278334884377333804711840723648509880
6
072106667605830979514278334841359337104811149522848509780
432530315369976836924722943277535210808157325475584288461900564750178859491108718612927043834583246
2688231938483617243080918579844174594783021109230479508330527654917336030012006
432530315339976826922722943277535610808157325475584488461900764753178859491508718618927043834563245
022006556605830979514278334841359333864811149542148809786
462530365339976826922722943277505630808177325475084488461900764753678859491508718668227043734566243
432530315339976126922722943277535610808157325475584488461900764753178859491718718668927143834563244
6
432530335339976896922732943277535810808157325475584488461990764753178855491508718618827043834563243
432530315339976826922722943577935610808157325473584488469900764753178859491507718618977043834163244
415876652671013665893561038406655949949668987944007750700
2688936938888617243080958479874174504183028107230272508330527607917336630012603
072006786605830969534278334841359333804814149542148509786
2688934938898617543080978479844174504183021109230472508330527604627336030012003
432500315339976826622722913227575670808157425475584488461900764153148249491508918658927043854561243
615870622271013569823564538406595649649668987844087750706
616870459271013663823360538504545949643668987874006050787
072006766605830979530278134641359333804811149542148509783
412530315839976826922722941277535617808157325175584088461906764753178859491508718018927043834563244
615670529222013673621594038436295949649660987834001550700
2688534978888613243080758479845174504183021109230472508339527604977336030012007
432530315339976846922622943277535610808157325275584488461900764753078859491508718618127443834563247
7
482530215439976626922722943207535610801157325475584488461900764753078859491508718618427045804563247
432530315339376826922722943277535610809557325475584488461940764753178159491508718618927043854563243
432530435339576826922722943277535610813157325475584488461400764753178859491508758618927043834563246
432530315338976826922762943277535600808157324975574488411600764753178859491508718618927043814563240
072006766625830579534278334241359333805811140542148509780
432030315339976826922722943227575610808857625475884418461901764753173859496808718618927043134563257
662016766605831379575575332831359333800811749542148559686
7
7688934878888017293090958379844104504183021109230772508330527604915336030012000
407530315339376826922722923277935610808157325475584488461900764253178859499203718618927043834561246
092006766671830979530271334871359313802111149587948509783
072006726601830679534278334841359333804831140542548609787
615870622251713665823564538406597949649668987844207752106
432530355339976896922722943217536610828157325495584588466900764753178859491508718618927043834563246
0
2688934838898617243080958479844174501183021199330372508730527664917336030012003
432580315339976826922722943277535610800157025405584498461900764753178859491508718618927643034563244
7
690870650571013635895564538406595949649668187847007750700
032530315339976826522722943377535617808154375475584480561900764793178959791508718618927053834563247
2188934548888617243080958479044173504183021609210472508330527604917336080012007
075106766617830979534275334841359333804828149631148509783
615070142271913665823564538408165449440668887057007250707
615870422271090665883564538606595949349668987046007750700
432530315339976826920722943277535513808557325495024486491900764753178859491508188618427143834763240
032006766605830979534278334841359343804211139542148409783
715840612381011602523560138406595949749368987844207750704
4
4
6
2688934938878617244050953479844274504183021109230472508330527304717336070612006
072006766605837875534278334861359333804811849542147509786
2688934938888617243080958479844174594983021141130472708335527600917336030012003
2185964438888614243080858479848174504183521119830472508331527304910336036012000
615270622271413568823564536709595949649068917840007419807
072016766605130969534278332852159313804711180542148509680
2678184936528617243080958479844174504183020137230472508335547804919332030012003
068008253605863972534233334841301393822811849542148509484
2684934934588617343081958369804174504183027109230402508336557609917335036092000
2788134918888617243086958479844174504093021109239472598338527604867336430012006
0
7
6
7
215810022271013665823564538496595949649668983843067750700
615870622271013263823541558406594944649668987874047750207
842006766605830377534272334441363333704881149542143809686
179006776905830979534278338841759323804871149542148509747
492500315339976896992722943277535680808157325475584486468900794755198859491508778623927089636563434
432530315539976126922722943277535610807157325875584485461900764753172859491518718618927043834593240
072046766605834979524278334841359633804821140542188509786
072056766602830979534268394521359333203811149542148509750
615870622271013595823066588204595049249678984024007560704
052007766635837975534274354941759431804841140542163509784
615830622274610725821562531404595139660664947041007759704
773006766205870949134378324841159337804811169542148509784
482530315339976866922722943277535610808157325475582468261901763753178859491503718018927043834563246
432530315339976826972722943277535610808337325475584484461800764720168859391508718618927067834661244
615870622271013665823564578966595949649668987844007750706
432530315339976126912422943277535617308157325475284488461930761753178859491508710618927043834563243
072006766605430979534278334841359333804811179518108609880
2188934938888617243080958419844178504143020169230472508330529504917336030712006
072006866805830979594278334810359332804811149542148509787
062006766605830979551228332248359333392511146042188501780
433530315339976826922732946277535600808157325471584488461700764753178859494508018618927043839563246
072006766605830979594278334841359333804811149542148609780
4
072006666605891970734272334841289333808811199542143509484
2688934938888617241080958479841174504183921109230472508330527604917332030012064
7
617270602271013605823064838936895949649668985844525750760
605870622271813685423564533406585979649608987144007769753
432530315239876826912782963677535610849109625475584488551900764753118819491508718618927043834563344
2688934938888617043080908479844274504583051119230482508030027104917338030023006
645850622271013665844569538404595940042668984844007750707
4
3
2688924938858617243080950434854174505183521109130172508030527604917336030062003
072606766605830973504270334841359373804812149542148599784
438530315339976826922722943277535810802157329475584488461900764700178859411508718618927043837563247
615067623293813665823764539406591949659668957844405710774
430534316335976826922722243277085630808155325575585488461900764753178879461508712618927143737563243
072006766605830479594278306841352533804811131542148509786
072026769645550979534278334842359333864811149542148559787
5648934938818613247680058489844174504183121109830472508330547638917336030032004
619875632251023666729564538407595949649768987844007250700
042606176665330978634278334841351317854811149543148509783
432530315339576826922722943277535610808157325497084486461900764753178859491508748618927843884563240
832537315339986816922722943277535610808157325475584488461904764753128854491508718618927943834563244
615876162271013669823561536406783349449668987814327749700
2688034938888617243087958475856174504163021109230472505330527604917336030012003
2688934938888117243080958479844174505183021104230472508331527604917335030007006
078006766638830479034276338841359354804311149541148509780
2688934438361819243000668479844174000183381159930472528330527604917357030012756
6
2688934578886617243030988479844574504183001109430470508130527304917336030012606
2668930938888617243081958409846174509183021109250472508630527604913336060012006
615871622276013665823568538406595229649668987844007750704
432530315339976886922722943277535610808157327475544458461900964053177889491509718617927447834563246
7
2658934938888617143080958479844174503183021109230472508330523604917136030012086
7658934939888617240080958479844174504183021183230472408830527604917306530037007
7688934998888621243080956479844174704181021409235482208930527604917336930011004
072006766605830979534278334841359333804811149542148509788
205875622271016665823564938866595949645862477874007700706
2688934938888617243080958479844174504183021109230472508330527604917336090012006
615270620271039342623564538406585999149668989852087742707
615870622670012365823769538606695249349668957844717650707
432530315332876826922622944477535610808157325475594488461900764753176659612518718618928043834563204
072002766805830979534278334878319333804811149542146509793
072006766605830975594278365841359333804811149542148509783
432530318333956826922722973277535310808157325475584488461920764153178859691508718618347043854567136
072006766627830979504228231841659309804810196548036507430
6
9288934938888617262080955775834170504183081108270472508330477494911330000012206
683830622278013465823564548486591949647668987344007750013
539530315339976824952722943277535610808157325475584488461900774753178859791508718618927043834563244
615874722271033665523504138404595940049668897944507850744
2628931938888617243095957479844174504183021109230472558330527604917336030012000
2688934938878617243080958479244174504196021109230472578330527600017336030012004
072901706609830979534213134840059633804801189597144509783
2688934938888612143080958479844174504183021109230472508330527604917336030012013
3
3
072056766608830979530278934821359333804811149542148509757
472006566605830979534278334841156333804861149522148509784
2688434938888617243983958479841674204183021609238472508330527604917306030212000
3610934038888615248082948479842174504183022409230472606350927604917336530013003
3
012006766105830979594278305741359333804811149542148509754
0
615870642911013665823524538430595949649658987844002750627
282008766675830979994278314841359333888011149842148509150
072016761605830979434209327811559330844851149942118506780
072006766605730909534218334848359333854811149542848509784
172006756605830578434903331841359999904213149346948569786
2688934988888617243080958479844173504183021109230472508330521604917336030012004
615870662271413665823564538406594949649668987844007750706
2688934978888617243080958479844174404183021109230462508930527624918336030012000
3
615870622276013664803564538406575949649368987844007710740
0
072006766604835979534278332841359333804811169542148509780
432530315339976826922322943217525410808157324475584468461900764753178859491504718618527043834560243
731530319339270866922762943877538610898147325675514486461900764442178859191508018918927043834563273
2688934338888617243081958479544174504083021109230472508930527604917336030012007
4
6
082006766605835869534278334841309183804811142542141509736
3
672006766605830979544278334841359333804811149542148509784
832530315339976826922722993277335610808157325475584488461900764753178859491508718776927043834563244
2688934938888617213889958479844174504183021105230400508530527614914332330112037
048056366604630929534278376841368336804812149500148519887
