1000
280182040105286352470344186087653530944274945434001560
137
387
866761375616698871703795514484450613981062303205295719868076259724
866701325616698870703795514484450613781062273205295719865077259726
756087044671998891814012773161
552082043671698791817012743164
280182044105586332820344136087653570964279945434001560
280182040105586332420144186087653570964279945434001567
866761375616692870603791514484450613781062973205295719868076259727
746082043671998891814012753360
42943803467462881740950242911641308648492623196911533654
282182045105586332420344186087653520964279945434001567
471
156082048671991891814012747167
756082083671998891814016743170
42943803467462881740950242921641385609492623196911538977
280182040605586322420344186087653570964279945434001561
606082043671978891814012843786
280132040805586332420342186087653570961279955434004567
756082043671998891814013743147
456082043608958691814002743160
280182040105586332420344106080653570964279945434001566
424
756682043671998891814012743160
280182020105586332420344186087653570960279945434001566
280182070105586332420344136087653570964279295434001561
756082043771998891814112743161
370
807
780182090105586332420344115087653570264272945434001066
157
280182040105586332420344886087653570964279945434001590
42743803467462881940950242921641305649492623191919538677
280182040105586932420344186087053570964279945434901561
894
42943203467362881744950242921641805649492523196911538671
504
106
756042041676498991814016743164
044
866761375616698871703795513484450613781062973205295719868076259796
42943803467462881740950242911631305649492623116911536677
280182040105586332420344186087653570964270945439001564
007
886
866761375616598870703765510484450613781062973205298719865076259721
866761379614698870703795514484480615781062973205295719868076259720
280182050105586332420344486087653570964279945434001566
42443803467462881340950242921641305649492623196911538677
756082043671298391514011243437
42943803467462881540950242921641305649492623296911538674
756082042601998891834612767161
556052043671998891874512743167
42943803467462881741950242121641305649492633796911538676
866761375616698870303795514484450613781062973205295719868076259714
886761375616698870703795514484450613781062973205295219869076269720
42943803462462881746950242921641305649402623196911538670
866761375616698870703795514484450613781062573205390719868076259727
866761375616698870703795514484450613791062973205295749868076259726
866761375616698870703795514984453613781062973205295716868076259727
456082043671998891814012746166
640
866761375676698870703765514484450613781062973205195719868076259724
756082030171998491714022748161
640
866761375656898870003795514488450613781062973205295719868086259724
42913803467462881740950242921645305649493623196911538671
42943803467462881740950242821640305649492623196911538677
280482040105516332410344186587683570964279945434001566
753082040671998891814012743164
42943903467462881740950242921641502649492623196911538671
856082043061991491814012743164
280882040105586338420324186087633570964279945434001561
756082143671968891514022793160
047
194
847
863761375616698870703795514424450613781062973235295719868076259720
821
164
866761375616398870703795510284450673781062973205295719868076259726
280182040105586332425344186487653570964239945434001366
866711375686698870703795514484450613781062973005295719865076254724
056082043671998891814012743166
756082043672998091816312743160
281182340105586332420344186087653570964279945434051561
42943803467462881740950242921641305249892613196411532676
42943803467462881740950242921641305649492623196911538675
280102047105586332420344186087653540616279945434001561
756082043671998891815012763161
866861375616638870703799514384450613781062975205295719868076259727
42973803461462081720960242921641305649492193196911538674
397
280182040105586332420724186087653570964279945434001560
766082043671998891814012743160
42943823467462881740958442921641305649492628196911538676
280182040105586334420344186087653070964279945434001561
42943883467462881740950242927671305649492623196911538671
866761370614698870703795514984450613781082973285295719868076209721
862761375616698810703735814484450612781062973205295719768076259721
756082043671998891804012753260
756882043671998499814862743661
44903803467462881740950242911601375649492623196911538671
280182040102586332420545186087653570964279945434009561
181
748082843671998891895032943360
280182040105586332320344185087633570764279945434001561
42943803467462881740950242929641305649492623196911538771
301
759082043601928891814012743160
42943803404462881740950242921641305649492623196911538676
076
384
880188740105586332420344188087673570964259944434001567
680182940205586332426344186087453570964279945434071567
746
42943803467462881740950242921641305649492623196811538670
056082043671991898814012743061
861761175614698870703795514484450613781062973205295719868076259726
430
42943803467462881740954242921641305639482623136911538677
42943803467462881740950242161641301649492623196911538657
280182042105586332420374186087653572964649945434001560
280182040105582332420344186017653570964279945434001561
866761375656698870003795514484450613791062973205295719868086259727
360
181
863761377616668870703795514484452613781062973205295719868076258727
756082343671978091614512743460
756182043971998891714012743564
756086643671998899814012747164
280182040105586332420344186087653570964279945434001568
866761375616698870703795614484450613781062973265295719868076259724
467
311
866961375616698870703195514484450613781062973205295719868076259726
280182040105586332420344186087653574964219945434001554
862761377610698860703795514484450613781062973205295719868076229124
756082042671998791314012743160
866761475616698870701795514484450613181062973205295729868096259920
756082043671998891814012843967
866761375610698870707735514484450613781062973205295719863076259724
757082043671998001814012743167
987
756022043131998891817012773164
866761375616698870703795514884450613781062973205295712868076259726
280182040105586332420342184087653570964279945434001560
280182040105586332440344186087653570964279945434007564
171
100
45943803467462481740950242921641305649492623196911538671
756082041671998891879012743264
866761375606698870703795514484450613781062973205295719868086059727
987
280182040105582332420304186087653570964279545434001567
351
146
351
746482043671998891834012732164
280182040105086332420344186087653570944979945434001567
42943883667462881750950232921641305649492623156911538671
280182090105586332420344186082653570964279995434001560
42243803467162881740950242921641305649472623196911538670
42943803467462881740950242721641305649452623196982538601
42943853465462881740050746921641305649492623196911535677
056082093613998891844012743167
421
280112040105556332920344186087653570964279945734001560
220182340105586332420344186087653570964279945434081564
756082043677998821814082753164
280
886
42943803467462889740950242921041305649492623196911538476
42943833467462881740950242921641309649402623194911538674
866764375616698890703795514484450613781062943205295719864076259720
280182040605586332420344194087653570914279945434001567
866761375616698850003795514484450613781062973205295719868076259727
866661395616698570703795584484490613781062973205295719808076259727
917
664761375616698870703795514484450613781062973205295719868076259724
866762375516698870703795514484450613781062973205295719868076259724
42943803467462881740950242121641305646492623196911538674
356082043671996899816012743167
756082043671975891814212643166
280180040108586332425344186087653570964279945434001560
280182041805586332420344186087653570969279945434001546
756082043676998891814014723154
42943803467462881740950242921661105649492623396911538471
307
866761375616198870703790514404950617781062973205295719868076259726
280182040105486342422444186087653570964279945434002564
866761375616698870703795515480450616781062973205295719868076259727
546
664
866701275616638870702795514484450613781062973205295739818076250727
866741175616698870703795514484450613781062973205295713868076259720
866760375616698870703138514484450613781062973705295119868076259727
42943803467462081748950242921641305629492623196911538671
557
866761375616698870703795514484150613781062973825295419828076259724
834
280182040105546332429344186087153580564279945434401367
285182040105586332420344186187653570964279945434001567
356522043271998861814012743967
865751375616698870703795514484450613781062973205295719868076259727
866761375616698870763795514484450663781062973205295719768036259720
42943803467462881446951242621641305649492623196911538670
921
756082843671998899414012743161
870
866781375616698870703795514484650693781062973205395719868076259721
280182010105586332420344186087653570964279545434001564
869760375616298870703795514484450613781062973905215719868066259721
280482040105586332420344186087653570974279945434071561
866961875616698870703793514484450613781062973205295719868076259724
280182040105586532620344186087453570964279945434001564
866761375616698870703795514488450613781062973205295711868076259727
166
866761372616698820703795514484452613781862973205295719868076259724
114
117
289182040105586332420344186087653570964279945434001260
866761375616698870703795514484450659781462973205295719868076259780
866761375611498870703795214484450613781062973295295719868376259724
147
866761375412698870703795514484450613781062973205295719868056259720
780
844
866661375616698870703795514484450613001062973205295719868076249724
756082063676718899814012643167
756082013271998891864012013166
756082043671998291814012743166
866761375616698870203795514484450613781062973205294719868006259727
756082043371998891814082749160
42743807467462881742950242921641305649432623196911538670
280182040105586332420344186089673570964279945434001561
280172040105586332420344186087653570964279945434001764
280180040705586332420344186087853577464279945494801564
280082040105686332420344186087653570964272945434001561
800
280182044105586332420346116087653570964279945434001560
47943803467462881940951242921641305449492623186911538670
866761375616698870203795514484450613781963973205295219868076269720
47943803467462481740950042921641305649492623196911538676
494
42843803467462881740950242621611305649492623196911538676
42943803467462881740950242921641605649492623196911538677
756082083870998891814412743161
42945803469462881740950242921641305649494623196911538677
280182040105486352420344586087653570964279945434001564
716
42943803467562881740950242921641345649492623196911538676
866761375616698870703795514484450613781062923205295719868076259720
42943803467462881740920242921641345649492923196911538976
866781375616698870703795514484350613631062973605296719868076759726
280182050105586332420344186587653880954279945434001064
131
621
756082048671798891814012743967
756083093671938891814012743164
866761375616698870703795514484450613781062973235295712868076279927
756062023671998891518012743164
280182040105586332420344486087653570966279945454401567
756082043671998491814012787161
786082443671998891814012743361
280182040105586334420344186087143570964474945430001564
756083073671998891814012743261
42993803461462881740952242921641305649492623196911538674
42643863467462881740950202922141305649492623196911538676
280182040105586332420344186089653570764279975434001567
42943803462862881740950262991641305649492623196911538670
866761375616698870703795614484450613781032983205295719808076259727
42943803467462881740960242921641305649492623195911533670
431
706
280182040105586432440344196087823575964274945439001567
736082043671198891814012749114
42943803467462881740980242929641305649492623196911538674
866761375616698870703795514484450513701062973205291719868076259721
752082043671398893814012733160
280182049105586332420344186087653570964779945434001561
650
940
866761375616698870703795514484450613781062973205295719868076259723
866761375616698870703795514484451613781062973205295719868076259730
784
280182047105586332429344186087653570964279945434611560
556089043671998891804012793166
560
866761375616698870703795514482850611781062973205295719868076259726
42943843467462181740950242921641305649492623196951538670
42943843467462811340950242921641305649490623196912538670
197
866761375614698870703795514484450613781062973205296519868076259727
034
280962040105586332420341186087653570964277945434001566
753082043671951897814012723167
866761375611698870703795514484450613781062993205295719868076259726
406
866761375616698870703795514484450613781052973905295711868076259791
42943803467462888740950242921671305649492623196911518671
42943803467462881044950242921641305649492623196811538674
280182050105588132420344186087653570964279945434702567
42943803467462881770990242921641305649492603496911598676
810
756082043871991891814012749181
180182040105586653420344186087653670964279945434001554
866461375516698870703795514484450613781062973205215719868076259726
540
866761375616698870703795514484450413700062973205285719818076259726
42943003467462881770910642721641305649492623196911538604
180192040105586332429344186087653570964279945434001764
614
747
758082744671998891814012743161
226
756082043671997891814013743126
756082042671998891814212743767
42943803467462881720950242921641305649472623196911938677
866761375616698870703795514484450613781062973605295719868076259724
42943893467462881740250241921641305649492623106911538676
280182040107556332420344186087657570964279945434001567
011
996
42046803467466831740950242921641305639492663196911538671
866761375616698870703715514484450613781062273205295719868076259721
756082043671998692814012643180
42943853467462881740950242941641305649492623196911538670
346
280182440105586732420444186083753570966279945434061567
42943803467462881740950292981641300649492623196911538674
680182040105586332420344286087653570964279949834001561
566261375616698870703795514484450614781062973235295619868076259727
42943803467462881740950242911641305649492623118911538771
866761375916698870703795514484450613781362973205295719348076259724
180
817
756082443671998891814017743167
756082043671998891814012743162
280182047105586332420344186083653570964279941434001560
42948803467462881740920242921641305649492623196911568676
200182040101586332420344186087653577964279945434001566
756082043671998891814012748177
194
42943803467462883740953242921601305649492623196911538676
041
280182040105586332420344186027373572964279945439001560
336
756082033671998891814512743164
306
866761675614698870703795514784450713781062973205295713868276259724
42943883467462881740920202921641305649492623196911538677
866761375616698870703795514484450613781082973205295719866076259720
896761375616698870703795564484450613781062973205295619868070259720
516
044
280182040505586332420334186087653570964279945434051567
280182040105586332420342186097655570964279945436001566
440
756082033671998801884012649167
866761365616698870703795514484450613781062973205495719868076259724
42943803467462881740950242921641305649492623396911534670
756082473471968891814012743366
280182040105586334420344086087653570964279945854001566
280172040105586332400344156081653570964279945434001560
866761375616698870703795514484450613782062973206295719868076259720
746082043681998895124012773160
72943803467462891742950249921641305649492623196211538671
260182040105586336220344186087653560964279945434001561
280102040105586732420344186087653570964271945434081564
280182040105586332420044186487653570964279945434002567
42933803467462881040950242921641605649492623196911538670
280182040105586332420344186087553570067279945434001560
207782040105589332420344186087653570964279945404001567
280182040105586832420342886287653574964279345434001567
756082048371998891814012743161
644
866761375616698870703795574284450633781061973205295719868076252720
466
756082043671498891804072723174
286185045105586332420344186087053180964279945434001561
230182040135086332440344106087653570967279945434001566
280182040105586332450344186087653570964279045234001560
866761375616698870708795414484450613781062973205295719867076259721
866761375616698870763795594484450613781062973205295719868076259726
800
42942803462463881740950247921641305649492623199911538671
151
42903803467462821740950222921641305649492227196911538677
866761375616608870703795514484450613781022973205275710868076259724
280182040105586332429374886087653570964279945434001530
097
866761375612694870700795514484950613781062973205295719868076259720
756082043671998891864012840160
866761375616598870703795514484450613781002973205293719868076259724
746082043678998891814012743164
866765475616696870703795514484450613751262973205295719868076259726
866761375616698870703795514484450613781062973205291719868376259720
42947809467462881740950242921641305649492623196911538674
42943803467462881746950242921643308649492823194111538676
756082043671298890894012748166
756082094474998197714012743161
866761375616698870703780514486450613783062973005295719868076259727
280122040105386339620344186087653570964279945434001961
866761345616648879703895514484450613781065973205295769868076259720
250182040105586332420344186087653570964279945436001564
866761377616698870703795514484456613788062973205295719868076359226
42943809467062881740950242911641305649492623196911538670
42943803467462881740950242921641305649492623006911538677
270182040105586332420344186087453570464279945434001561
756082043671992091814012753161
280182040105586332420344116087653572964279945434001561
866761375646698870703795514484450613781562673205295719868076759720
866761375616698870703795514489450613781062973205295719868076289121
866711325616698878700795514489450613781062973205295719868076259720
756082043671968891844017703301
756382043671998891884012743161
756082043671994891814019243166
866761375616698810703795518484450313741062973205295719868076259724
42943803467462889740950242921641305649422623196911538674
190
42943803467462881740950842921648308649492623996911538677
756082043671998891814012443186
756082043671998896814012763764
280182040805586332420344187087653570964279945332001564
204
42943803467462881740950242921641305649492523196911568570
581
42943893467462881740970242921641305649492623196911535670
42943803461462887740950242921641304649462623196991538670
280182046105586332420344187087653970964279945434001567
280188016105586332420344186087653570964279945435041567
42943803467462881740960242921641305449492623196911538671
046
756082045671998891814012743167
866761375616668070703795514484450633781062973205295719868576259721
866761375616698820703795514484450619781062973205295719868076859721
42943803467464881740950242921641305649492623194911538677
796082043641998891814015743140
310
880282040105586332420344186087653570964276945434001567
454
766761375618698870703795514487550613771062973205295714468075259721
756082043671998892744012743160
234
283182040105586332420344126087653370964279945434301560
49943803467462882740950242971641305649492623196931538676
756082483671996895804012743161
866
314
141
756082073671998891816012713167
706082043671598841914012740161
46942703467462881740950242927645305349492623196911538670
42953803467462881740950242621641305849490626116911538670
280171040105586332420344189087653570964279945434001560
756082743571918891814012743166
280182040105586332220344156087653520964276945434901560
42943803467462881740950242921641355249492623196911518671
280182040105586332920344186087653470964279945434006561
280182040109586302420394186087653570964279945439001560
756082043771998891815012743160
056282043671978891011012543164
866761375696198870703795514484450613781062973205295719768076259721
866761375616698870703795514484450613781062973807295719868076209727
756082547571998894844012743160
42943803467462881740953242921641705649492623196911538670
756082043671198891814012763140
756082043241998891864012743161
866761375616698870703795514484450619781062973205297719868076259726
866761375216698870703795314484450613781067973205295119868076219721
756082043671998991844012143164
126
280182040105586332420346186012653570964279845434001564
527
866761375616698870703795914484450613981062973305295719868076259724
756082943671998821814012643136
42903803467462881740950242921441305649492623196911538976
280182040105586332420344186087653570964269145434001561
280182040201586332420344186087653570964279945434001560
866761370616698850707895514484450613781062913305295719838076259724
624
280182740505586332410344186087653570964276945424001561
42943803467462984700950242921621305649492623196911538670
280182040105586332420344186087653577964279945434000564
866261375616698870703795514444450614781062973205895719868076259726
280182040105586332420340186084653570964279945434471564
327
100
285482040105526332460344186987653570964279945432003166
866561075616698870703745514484450613781062973205295719868076259724
276
866761375619698870703795514484450613781062973205295719868076959726
62943803467462881740920242921641305649492623196911538674
161
816761375816698870703795514484450613781062973205495719868076259724
756012043671990891811012743166
280182040105588332420344186887658570964279945434001567
866761395616698870703795514484450613781062933205295419368076259727
42983803467462881740950042921641305649492623196971538674
42943803467162887740950242901641305649492623096911938677
869761375614698870703795514484430613781062973605295705862076259720
280182040205586332420344186087653570964279945434501564
756082043691298891814012713161
756082043661998491817002743171
866761365616398870703795537484450613781062973205295719868076259720
846761385616698870703795524484450683781062973204295719868076259727
591
42943103467462881740150242921341705649492623186911538674
42943803467402881740350242921641305649492623136911538671
866761375616698870703795514444450013781062973205795719868076259726
866661375616698850703795514484450613781062973205295719865076259720
856761375612698870703795514484450613781062973200295714868076259724
280682040105586332410344176087653570964272945433001361
42943803468462841740950242921641305649492623196971538671
816763375616698870703795514484450613781092973205295716828076259726
283182040195586332420044186087653670964279985434001591
756082043671998891784862743160
280132047105586332420344186087653170964279945434001560
756082043671998891814017733166
000
266
866761375516698470703795514484450613781062973205295719868076259720
756082093671998694814012741761
280182040105486332430344186087653570964279944434071566
865761375616698830703795514584459613781062973205295719868076259724
42943803467462881710950242921641305649592623196917538671
866761375516698871703795514484450613781162903205295719868076259527
980182040109586332420344186089653570964279945434001567
286182040105585332420344186087653570174279945434001564
42943803367462881780950242221641305849492622196911538677
480182040105536332428345186086653570961279945434001564
834
866761375616698870703495514484450613381062973205495759868076259724
42943803467462881740950749921641305649492123196911538676
759082048677938891814212743160
356082048671998991814012746160
190
066761375616698870703795514484450613781032973205295719868076250827
866761377616648870703795514434450613781062973905295819868076259721
42943803467462881740950242921641505679492693196911538600
147
697
756082044671998891814212743161
866761375616698870703795524484450810781062973205295719868076259720
871
756082043631998791814012143161
866761375616698870703795514490450613791062973205295719868576359724
42943803467432881740950242921641305649492723186911538677
280182040105586332420344186087653670964279945437001554
096
756082749671998491814012743167
280182040105586332420344186581653570964299945434001566
200182040105586332422344186087653570964279945234001570
554
284182040108586332420344180087653570564289045434031566
756082043961798851514012740166
756032043671998791844012743166
863761375614698870703795514484450613781562973202295719868076259724
42943803467462881740950343921641305649492623196911508674
280182640105586332420344186087653570964209945434001564
42943803667462881740950282925641305649492623196911538670
756882043671998891819052943166
280182040405583332820344886087653570964279945434001561
047
756082043667998891414012743161
280162040905586332420344186087653570964279945434000561
42943803467462881740950242921641905649892623186911538677
280182010105686332400344186087653570364079945439001560
666761375666698870703795514484450613781062973305295719868076259724
32943803467462881740950542521641305649492623196211538677
280182040105586332420345186087653570964379945494001566
200186040105586332470349786087653570964279945434051560
756082273670998891814012743160
42903803467232483740950242922641305649492623196911538676
280182040105586332420347186087653570964279945434001561
756092043661998843814012743161
866711375616698870703795514484450613781062973205295719868076259726
756082041672998891814412846167
756082743271998815814012743167
434
726081043671998891814012741107
522082083671998891814012773161
757082445971998991814012743166
283185040106586332420343186087653570064279945434001561
280188640105586372400344186087653570964273945434001567
22943803467462881740950242821647305649492623196911538674
756082043671998991814612744160
866761375616698870703795514484450413781062973205295719868076259761
42943803067462881740950242921641375649492623196911538676
756086043671997891814012743166
640
247
601
056082043671998991814512443167
42943803467462881740150242921641305649492623196911538670
280182040108586332420344186087653570964259945434071564
976
722082083671998891214012743111
42943803467462881740950242921941305649492663186911738677
866761375686694870703795894484450613781062873205295719868076259727
756012045671998891714012743166
866761375616696870703795514484450613781062973205295719868056259727
280185040105586332420444186087653570964271945434001566
47923803467462881740550242921641305649490623196941538671
827
726082043673998881814011745667
740
280182040105586332490344186087153370964279914434001561
750082044671998891814092783161
114
156952043671998691814011743166
866761375616698870713795514484450613781062973205295719860076259727
42943803487462881740950242921641305649492623196912438676
280182040105586332420344186087653570964279945434051567
756082043691968891814712723167
780182040105586332420044186087653570964279945434001566
556082043678998891714012742860
42943801467462811740950212921641305609492623196911538671
42943803467462881740950242921641705649192623196911578677
756082053401998291817012743067
756072043771998831914913743164
280182050105586332420344186087653570964270945434001561
984
866761375616698870703795514484450619781062973205295719868096259520
866761375616648870703795514404450613781062973205295719868076259004
866761375616698870703795514484450613781062943305295719868076259726
824
42243803467460881740950242921641305649492623196911538670
627
706082043671998890814012743166
756082043479998991814012743171
756687043671985891814012743161
866761375606698870703795614484459613781062973205293719868076259727
42943803467422881740950242921641305649492623026313538377
286
141
280182040105586334420344186487653570964279945494008567
42943803467462881740950242621691155649492623196911533670
104
42943803467462883740950242920945305649492623196911536674
044
280182044105586342240344186087653570964072945434001566
331
507
756082043871998891814732743367
866761375616398870708795514484480613781062973205295719868376259827
866761375816698840703795514484452613781062973205295719868076253724
756083043671092892814012713164
756882043671918891814012743167
753002043632998891814012743160
42943803467172881740950242925641805649432623896911532677
280182040105586332520344186017653570964279945434001464
120
756082043671898891814092543160
866741375626698870703095514484450613771062973905295719868076259721
866761375616698870703795514484450613781062973205295719868776256726
280185040105786332420344186087653570966279935434001567
866761375616698870803795514484450613781862973205295779868076259221
956082043671998891014012743166
884
42943803467462881740650242921646304649492823196911538674
756082043678998891614012743167
866761375116698580703795514484450613781062973205298719868076259720
691
280882040125586382420344186087653574964279964404001567
753082043673098891812012743164
759582043671998891814082743161
280182040105586332420344196017653570964279945434001566
42943803467462871740950242921641308649492023196911538670
056052076671998891814012743164
781
43923803469462881740950242921641305649092603196911538677
42953802465462881740950242921643605649492629196911538677
149
866711375616698870703795514485450613781062973275295719868076259726
280182040105580332420347186087653570964279945432001561
756072343671998891814012743166
52943803467462881740950242921641305649497623196311538674
280182040105586332420541186087653579964279945434001564
866761375616698877703795514481550613781062983205295719868076259727
480182040705586332429344186087653570984279945439001567
42943803867462881740950642921641305649492623196911538670
956432085671998891814012743160
42943803467462881740950242927641305649492623136911538670
756082093671998991814412779166
280182040105586322420344186087653571964279945434001567
716082043671998891814012743264
756084043671998891814812743161
431
380782848155586332420344186087653570964279945434001566
100
156082443671998891814087743160
136
42943813467162881740950242921641305649492623196911438671
42943803467462881740950242921641305649492623196921938670
42643803467462881740950242921641305645492623196911538677
42943803467464881740950242921681305649492623196911538671
42947803467468881740950242921611305649492623196919538671
866861378616698870703795514484450915781062973205295719861016259320
42943883467462881740950242921641305649492623196981538676
280182040105586332420344186087659570964279945434601566
866761375616698870703795514484450613781962973205295719868076259754
43943803467462881740950242921641309649492623191911538671
280182040605586332420347186080653550964279943439001560
766082043671998897814018743166
756081043671998891814012743160
756082043672990191814512763167
207
866766375616698870703795514484450613781062973235295719835076259726
260182040105586332420544186087653570964289140434001560
280182040105586332420344286087653570964279995434001566
47943801467462881740950242921631305649892623196911238671
866761375616598820703795514484450613781062373205295719888076259726
031
056082043671998861814012883161
856
280142040105586333420344186087613570964279945450001561
756082643621998821814012743164
866761375616698870703795514484850213887062973205295819268076259721
866761375616698871703795514484450613781062973905295719368077259720
752082043671099991814012743161
756082443671998891974012743161
42943803467462881740050242921641305649492123196911738671
280162040105586332420345186087653374964279245434001160
464
280182048135886332420344186027653520964279945434001531
796082043271998691814012743160
42943803467462881740953242921661705649472623193911538671
866761375616698870703795514484457613781062913205295719868076259727
42943803467462881749920242921841305649492623196911538674
941
42943803467462881740150242921641305639992623196911538671
866761375686799870703795514484446613781062973205295719868076259724
756082043601918891864212743160
280182040135586332320044186089651570964279945434001567
42983803467462881740950242921641305649492623156911518676
42943813467462881740950242921641605649472623196911538656
756082043671998891814172746967
756082043671998891814712745060
42943403467462881747950242921641305649432623196911598676
444
691
240182040108586362420744186087653570964279945404001566
42943803467462881740950242921041305649492623196911538671
280182040105586332420344186087653570964274945934001561
361
280182040105586332429341386185653580964279944434001561
280162840105586342420344186075653570964279945434008566
866761375616698870703795514484450613781062973215215719868076259726
266
756082019671998891814012743167
444
280182340105586332420344186087653570964279945434008561
280182040104526332420344186087653570924289945434001664
42943803467462881740950242921651305649492623196917538676
42943803867482181740910242921641305629492623196911533671
280181040105986332420844186067653570464279945434901566
280182040105586332420774186087653570964279945434001564
42943803461462880740950242921641305649492623196911538676
280182040105586382420344186097653570964219945434041564
917
42943803447462881040950242921641305649492623196911534674
866761375036698870703795514484450613781062973205295719868086259724
42943803467468881740950242927641301649792623166811538674
42943803467462881740950242921691305659892623196911539574
866761375616698870703795514484450613781062973205295719868076259720
280182040105586322420344186087613570964279945434901567
42943803467462881740950242921651305649492623196991538677
687
866361375616678870703595514484450613781062973305295719868076259720
42943803467462881740950242921641305649992621196911538871
866761375616198870703795514488430813781062973205295749868076259744
866761375616698870703795514484550613781062973265295719868670259724
42943803467462889740450242921641305649492923196911538676
42943803462662881740930842921641305649892623196911538677
756082041671998891864012703166
866761375616698870503795514484450618781062973205295719868076259727
280182040105586312420343186087653530964279945434001567
280182040105586332320344126087553575964279945434001564
756082443673998891814012743167
341
280182040105586332420345196087653577964479945414001564
42943803467462881940950242921641305649492623196911538877
407
224
280182040105586332420644186087652570964279945434001566
756042043271998896814012643176
866761355616698870703735514484450613701062973205299719768076259720
280188040103586342020340186087653570964279945434001566
267
756062043671998891814012943161
280182040405986332220344186087653570164279945434001564
866761375616698870703795516484450613711062973205295719868076259726
856582043671998891814092743567
266761375656698870703695514484450413781062923205295719868076259727
755042043671998891814012741161
42943803467462881740950242927641305649492633196911538676
866769375616698875706795514484450613781062973205295719868076259726
194
42943803467462871740950246921641305649492123196911538676
280582040105566932420304186087653570984279945434001560
42943803467462881740950243921641305649492623186911538670
280183040105586332420344186087653570164279949434801560
280182040105586032430344186085653570864279945434021551
280182040105586332420374186087653570964299945434001560
42943803467402881720955292921641305649492623296911538671
866761375816698871703795514484450613781062933208295719868077259724
164
282182040105186302420345986087653570964279945434001564
42943803467462881740950282921641305649492623196411538670
866661375616798810703795514484452613781062973205295719838076259721
866761375616698870703795514484450613781762973205295719888076259726
280112040105586332420344186087653570964279945414003561
866761375616698870703795514489450612781062973205295719868076259726
72943803467462881740950242921641305649442623196911538677
280182040105586332530344186087653770964279945434071566
866761365616698870703495514484450613781062973205268719868076257027
280182040105586832420344186083450575964279945434001566
307
42943803467462880740950242921641305644492623896911138671
756031043671997891814022743166
266761375616698870703795514484450612781062926205295719868076259726
42943803467462881740950242921649305649492623176581539677
286092043671998891114412743166
280182040105586332425344186087653570964279945434001567
304
862761375616698870703795514487450613781062973205285219868076259721
866761378616698870703795514484450653781565973205295719868076259720
866761375616698870703795514384750613781062373205295719868076259721
756082043671798591814012303166
866761375616628870003795514484450613781062973205295912868076259721
750082043671998890814012741164
277
42943803467422881740950842921641305649492623196911538470
42943803467462881742950242921641305649402623196911538676
42943803467461881740900244921641305649492623196918538670
866761375616668870703795514484456613781062973204295719868076259720
280182040155586332423384186087653570964279945434001567
866761375618658877703795514484450613781062273205295719868076259720
184
289180042105586332420344187087653570964279948437007567
656082043671998815814012743166
42943803467462881340950242921641305619492623103351538674
866761375616698850703795814484450613781062973405295716868076256427
42944803467462881741950242921641305643492623196911538670
280182040105526332420344189087653530964279940434001566
864761375616698870703795514484450613781062970205295719868016259720
756085043271988891814012743190
866761375626698870703795564484450613781052873205295719868076259727
756082043671990891814382041120
270182040175586332420344186087653570964279945434101564
280182240175536332420344186087653510964279985434001566
656082043661990191314012743167
280182040105586332420344186087653570964279945434001516
866761375617698870703795714484050613781062973805295719168076259721
280582040105586332420344186087753570964279945434051560
756082043670998891814014748264
647
680
42943803467462881740950242921641305649492123196917334777
226
280102040105586332420344686087653570964279945434001564
42743803267462881840150242921641305649492623196911538674
677
42943803468442881740920242921661305649492723196971538670
756032043670998891884012719161
866762375616698870703795514484450613781062973605295719868076259721
42943803467462881740950242921641305649442623196911537677
756032941671238891814012743160
42943803467462888740950242021641305649492623196911532677
134
756032043661998891814016783167
866761375616698870803795514484450513781862973205295719868671259220
280182040105586332420144186087653571964279945434001561
794
850
496
866751375616698870703795514184450613781062973205295710868076259721
866761375616698870703795514484450613781062973202295719868073289727
42943203862662881780950242823640305649392623196911538676
280182040105586332430344186087653570964289945434011566
866761375616698870703795514484450613781062973203298719868076253926
124
280182040107586332420344886077653570964279945434001531
646761374616698870703795510284450673781062973205295719868076259720
280182040105586332420344186083653570964219945434701561
144
866761375616698870703795514484450613781962973005295319868076249726
280182040405586362420344186087653570964279945734001561
861761475618698870703795514684450613781062906205293719868076259727
884
466761375616694870703795514484450613781062973205295719868076259726
280182040105286332420344886087653570964079945434001567
866251375616698870703795514484450213781062973205295719868076259720
756082043671998891819013643157
230182040105586332420344156087623570964279945434001564
287182040105586362420347186087653570764279945434001564
42943803467762881748950242921641305649492623196911538670
500
756082043671998891814615743567
481
92943803367472881740950242921641307649492623196911538671
866761375616698870703795514484450613781062979205265719868076259724
234
281182040105586332420344186087253571964279945434001567
758082043671998891814612743167
846
866765375616698870703795514484400613781062973205295719878076259727
756582043671938891814012743067
466
866761675616698870743795511484450613781062973205295719868076259720
280182045105786332426344186087653570964279945434001561
866781375115698870773795514484450612781062973208295719868066259720
866761375616998870603795514484450613787062973205295789868676259720
280182040105586332421344186087653570964209945434001560
756082043671978894864012743164
866961305616698850703795514484457613786062973205295719868176259720
606
991
756082048571998891814012373566
756082043679998891827012743661
236
280183048105086332420344186097653570964279945434001564
280182040105586332420344186087953570964299945434001561
42943703467462881740950242921641305649492623196911538671
280182040105586332420344186087653570964379945434021564
757082043671996891894016743160
280182040105586332428344156887653570964279948434001564
42943803467482881740950242921641305649492623196911538676
866761375616698870703795517480450613781062973205295719868076259720
865761375616698877703795514484450613781062973205275719868076209724
856763375616698870503795514484450613781062973205195719468076259720
756082043661985891817912743167
42943803967466881740950242221641305649492623196911538674
866891379216698870703795514434450013781062673205295719868076259720
42943803467462881740900242921691305649492673186911538674
866761375316698870703795514454450613781062973205295619868076259721
860
756082023671998891814012743367
42949803467462881740530202961641305649492623196911538677
756082043671938891814012743161
604
317
756082040671998891814012443566
070
756081053671998898814015723167
756482043671998891814002743160
947
756082063671910891834012743151
414
747072043671998891813062743161
92943803469662881240950242921641305649492623196911538677
280182040195586332428344086087653570965279945434001507
864
880182040105586332420844186087653570964279145434001561
42943603467462881740950242921641305649492623126991238674
729082043774998891814012783184
930
42943803467462771640950242921641305649492623196951538274
280782040105586332420344186087653591964279945494031567
280182040105586332420344186087653574964279945434071566
861761376616698880703795814488250613781062973205295779868076259726
457
286182040105586332420344386027251570964279945434001560
147
167
826761375716699870703795514484450613781042973205293719868076259727
758032043671978891814012743160
280182040505586332420344186087653530964279945434001566
151
866761375611698870703795514484450623781062973225295719868076259721
280182040105086332320344186087653570964279945434001566
280182040105586332420344188087656570964279945434001537
42943803467468881740959244921644305679492629196911538677
486
280182040105506332420344486087653570964279945434001561
747
753082043871908891814012243160
42943803467462881740950242921641315549492643196911538674
160
759082043671998891814112343160
42943803460462884740950242921641305649492623196911538670
862761345616698870703795514484450613781062373205295819868076259726
627
970
280182240105586332420344186089623570964279945434001566
756062348671998891814012147164
756082043675998891814012743367
866761375616698870703795514484450613780062973205295719868076259720
755082043671998891814012043166
516082043671992591814012743164
866761375616298870703795414484450613781062973205295719868076259721
280182040105586332420344186087653570994779945444001560
541
071
866761375616648870703795514684450613781006973205295719828076259726
531
250182040105586332420344186087653570964279945454431564
