100
6986651197374762535395095459973972938402417873588524691960713864741192338264600545288526098711312895867876555587162552479991497848584749793293505540204775464179054452985224748525567253735201818306364757559238751913872930021676172381300817178645571200858182799769722288844474027586727308592240918899525977585556815391287761854699432532986113661551614251967813333332421406245
95067649891945248535795390641762899143754727911094086950217576612942615585013228416792493677810035386092377509204788467639634034982874447689733226493505979299911860231534344609692967071720825515745929647274229209644326638519901484483891797682296485138050560089916859762985630360557595993431203432871820390647025021864251734962690569105348922587751683087928610969436362281169489178428037822330961653089046955000408787358843644391498346287164784284168400432335830362257184727759344278905399918672624409717740291301965851511876125389538677573518377605069471680086146754227733762110005534023930766212161287175784455748839307382952962449108452401724975853449617672186071155365266996842206215158132278933048133036965609262397875748696310733192191659266517956177769007017080205819310047784527223547935981819003435497
3103683228577334179615194121402227396831443653861925314792929818066086899815868768711755644202402516233886003302597888575953078494638774245964960865856367373044515747286726085445984228618057048445120971349987175367031503021009905183091579557600573063898664372259738071223036493650613695328655658127196633153795046591727620458614573756529569111079078400043422473055947924277357687924818275540139248100301913987409323937005302905686149279547489695130728127722381392459411438597762853383615363109579281617240832869772505746022756989399991663527873247665370982385384201301462544019980499445284646030053061386950174805182766501665140596878115841368406895603077486114418538076788435627
6986651197374762535395095459973972938402417873588524691960713864641192338264600548288526098711312895867876555587162552479991497848584749793293505540204775464179054452985224748525567253735211718306364757559238751913872936021676172381300817178945571207858182799769722288844474027586727308592240918899525977585556815391287761854699432532986113661551614251967813333332821406247
3083309470319854257585428935958384485022770422863043128743766211998938745662089436409574071315219268751089226503169654325875812013817292006349474454152003981054344743588081404482385488719857034495944118341806533111351793266494996430793994445876240515440504219310505259236960701178808250590340061204041772139813720551838867735430147264805879491127535616627
3083309472319854257585428935458384485022770422863043128743766211998938745662089436409574071315219268751089226503169654125875812013817292006349674454152003981054344743588081404482385488715857034495944118341806533111351793286494996430793994445876240515440704219310505259236960701178808250590340061204041772169813720551838867735430147264805879491127535616627
3083309470319854257585428935958384485022770422263043128745766211998938745662089436409574071315219268751089226503169654325875812013817292006349674454152003981054344743588081404482385488715857034495944118341806533111351793266494996430793994445876240515440704219310555259236960701178808250590340061204041772169813720551838867735430147264805879491127535616621
3103683228577334119615194121402227396831443653861925314792929818066086899815868768711755644202402516233886003302597888575953078494638774245964960865856367373044515747286726085445984228618052048445120971349987175367031503021009908183091579557600573063898664372259738071223036493650613695328655658127196633153795046591727620458614573756529569111079078470047422473055947924277357687924818275540139248100301913987409323937005302905686149279547489695130728127722381392452411438597762853383615363109579281617240832869772505746022756999399991663527873247665370982385384201301462844019980499445284646030053061386950174805182766501665140596878115841368406895603077486114418538076788435625
3103683228577334119615194121402227396831443653861925314792929818066086899815868768711755644202402516233886003302597888575953078494633774445964960865856367373044515747286726085445984228618050048445120971349987175367031503021009905183091579557600573063898664372259738071223036493650613695328655658127196633153795046591727620458614573756529569111079048400043422473055947924277357687924810275540139248100301913987409323937005302905686149279547489695130728127722381392452411438597762853383615363109579281617240832869772505746022756999399991663527873247665370982385384201301462544019980499445284646030053061386950174805182766501665140596878115841368406895603077486114418538076788435622
5420652819338642712405059773040964450898084037543416636069935528046574972351259743637299767475646430078103721631706595095154719614744075526914395698155822773511792176924407099095335461417490130784558421683784193795796407095272026444817481328259772087922337345313055914094524179373494087097331475263448439633966193687113524844615671227176095043694576654459016170122011297184465371313829376084859224336406733238397810941423663699963480167165059031118640867350356269722784273314948730617118452176524748469363956476884058546084269552312502167418879566952335983659141639412591100235037620134327537269942801544508594373066042068353869297059270068797467905956132469555500868971662155587352535716820277776868773235330055376523600996648247644291916511446100393506027507426119273556562016008098787423693139678542852491158688321866675
5420652819338622712405059773040964450898084037543416636069935528046574972551259743637299767475646430078103721631706595095154719614744075526914395698155822773511792176924407099095335461417440130784558421683784193795796407095272056444817481328259772087922337345313055914094524179373494087097331475263448439633966193687113524844615671227176095043694576654459016170122011297184465371313829376084859224336406733238397810941423663699963480167165959031118640867350356269722784273314948790617118452176524748469363956476884058546084269552317502167418879566952335983659141639412591100235037620134327537269942801544508594373066042068353869297059270068797467905956132469555500868971662155587352535716820277776868773235330055376523600996648247644291916511446100393506027507426119273556562016008098787423693139678542852491158688321866675
3083309470319854257585428935958384485022770422863043128743766211998938745662089436409574071315219268751089226503169654325875812013817292006349674454152003981054344743588081404482385488715857034495944118341806533111351793266494996438793994445876240515440704119310505259236960701178808250590340061204041772169813720551838867735430147264805879491127535616627
95067649891945248535795394641762899143754727911194086950217576612942615585013228416792493677810035386092377509204788467639634034982874447689733226493505979299911860231534344609682967071720825515745929647274229209644326638519901484483891797682296485138050560089916859762985630360557595993431203432871820390647025021864251734962690569105348522587751683087928610969436362281169489178428037822330961653089046955000408787398843644391498346287164784284168400432335830362257184727759344278905399918672624409717740291301965851511876125389538677573518377605069471685086146754227733762110005534023930766212161287175784455748839307382952962449108452401724975853449617672186071155365266996842206215158132278933048133036965609262397875748696310733192191659266517956178769087017080205819310047784524223547935981819003435497
3083309470319854257585428935958384485022770422863043128743766211998938745662089436409574071315219268751089226503169654325875812013817292006349674454152003981054344743588081404482385488715857034495944148341806533111351793266494996430793994445876240515440704219310505259236960701178808250590340061204041772169813720851838867735430147264805879491127535616625
3103683228577634119615194121402227396831443653861925314792929818066086899815868768711755644202402516233886007302597888575953078494638774242964960865556367373044515747286726085445984228618050048445120971349987175367031503021009905183091579557600573063898664372259738071223035493650613695328655658127196633153795046591727620458614573756529569111079078400043422473055947924277357687924818275540139248100301913987409323937075302905686149279547489695130728127722381392452411438597762853383615363109579281617240832869772505746022756999399991663527873247665370982385384201301462544019980499445284646030053061386950174805182766501665140596878115841368406895603077486114418538076788435621
3103683228577334119615194121402227396831443653861925314792929818066086899815868768711755644202402516233886003302597888575953078494638774245964960865856367373044515747286725085445984228618050048445120971349987175367031503021009905183091579557600573063898664372259738071223036493650613695328655658127196633153795046591727620458614573756529569111079278400043422473055947924277357687924818275540139248100301913987409323937005302905686149279547489695130728127722381392452411438597762853383615363139579281617240832869772505746022756999399991663527873247665370982385384201301462544019980499445284646030053061386950174805182766501665140596878115841368406895603077486114418538076788435627
6986651197364762535395095459973972238402417873588524698960713864641192338264600548288526098711312895867876555587162552479991497848584749793293505540204775464179054452985224748525567253735211818306364757559238751913872930021676172381300817178645571200858182799769722288844474027586727308592240918899525977585556815391287761854699432532986113661551614251967813333332421406245
3103683228577334119615194181402227396831443653861925314792929818066086899815868768711755644202402516233886003302597888575953078494638774245964960865856367373044515747286726085445984228618050048445120971349987175367031503021009905183091579557600573063898664372259738071223036493650613695328655658127196633153795046591727620458614573756529569111079078400043422473055947924277357687924818275540139248100301913987409323937005302905686149279517489695130728127722381392452411488597762853383615363109579281617240832869772505746022756999399991663527873247665370982385384201301462544019980499445284646030053061386950174805182766501665140596878115841368406895603077486114418538076788435625
3083309470319854257585428935958384485022770422863043128743766211998938745662089436409574071315219268751089226563169654325875212013817292006349674454152003981054344743588081404482385488715857034495944118341806533111357793266494996430793994445876240545440704219310505259236960701178808250590340061204041772169813720551838867735430147264805879491127535616627
6986651197374762535395095459973972938402417873588524091960713864641192338264600548288526098711312895867876555587162552479991497848584749793293505540204775464179054452985224748525567253735211818396364757559238751913872930021676172381300817178645571200858182799769722288844474027586727308592240918899525977585556815391287761854699432532986113661551614251967813333332421406246
6986651197374762535395095459973972918402417873588524691960713864641192338264600548278526098711312895867876555587162552479991497848584749793293505540204775464179054452985224748525567253735211818306364757559238751913872930021676172381300817178645571200858182799769722288844474057586727308592240918899525977585556815391287761854699432532986113661551614251967813333332421406241
5420652819338622712405059773040964450898084037543416636069935528046574972351259743637299767475646430078103721631706595095154719614744075526914395698155822773511792176924407099295335461417440130784558421683784193795796407095272026144817481328259772087922337345313055914094524179373494087097331475263448439633966193687113524844615671227176095043694576654459016170122011297184465371313829376084859224336406733238397810941423663699963480167165959031118640867350356269722784273314948730617118452176524748469363956476884058546084269552317502167418879566952335983659141639412591100235037620134327537269942801544508594373066042068353869297059270068797467905956132469555500868971662155587352535716820277776868773235330055376523600996648247644221916511446100393506027507426119273556562016108098787423693139678542852491158688321866675
6986651197374762535395095459973972938402417873588524691960713864641192338264600548288526098711312895867876555587162552479991497848584749793293505540204775464179054452985224748525567253735211818306364757559238751913872930021676178381300817178645571200858182799769722288844474027586727308592240918899525977585556115391287761854699432532986113661551614251967813333332421406241
5420652819338622712405059773040964450898084037543416636069935528046574972351259743637299767475646430078103729631706595095154719614744075026914395698155822773511792176924407099095335461417440130784558421683784193795796407095272026444817481328259772087922337345313055914094524179373494087097331475263448439633966193687113524844615671227176095043694576654459016170122011297184465371313829376084859224336406733238397810941423663699963480167165959031118640867350356269722784273314948730617118452176524748469363956476884058546084269552317502167418879566952335983659141639412591100235037620134327537269942801544508594373066042068353869297059270068797467905956132469555500868971662155587352535716820277776868773235330055376563600996648247644291916511446100393506027507426119273556562016008098787423693139678542852491158688321866675
3103683228577334119615194121402227396831443653861925314792929818066086899815868768711755644202402516233886003302597888575953078494638774245964960865856367373044515747286726085445984228618050048445120971349987175367031503021009905183091579557600573063898664372259738071223036493650613695328655658127196633153795046591727620458614573756529569111079078400043422473055947924277357687924818275540139248100301913987409323937005302905686149279547489695130728127722381392452411438597762853383615363109579281617240832869772505746822756999399991663527873247665370982385384201301462544019980499445284646030053061386950174805182766501665140596878115841368406895603077476114418538076788435626
3083309470319854257585428935958384485022770422863043128743766211998938745662089436409574071315219268751089226503169654325875812013817292006349674454152003981054344743588081404482385488715857034495944118341806533111351793266494996430793994445876240515440704219310505259236960701178808250590340061204041772169813720551838867735430147264805879491127535616620
6986651197374762535395095459973972938402417873588524691960713864641192338264600548288526098711312895867876555587162552479991497848584749793293504540204775464179054452985224748525567253735211818306364757559238751913872930021676172381300817178645571200858182799769722288844474027586727308592240918899525970585556815391287761854699432532986113661551614251967813333332421406245
3083309470319854257585428935958384485022770422863043128743766211998938745662089436409574071315219268751089226503469654325875812013817292006349674454152003981054344743588081404482385488765857034495944118341806533111351793266494996430793994445876240515440804219310505259236960701178808250590340061204041772169813720550838867735430147264805879491127535616626
3103683228577334119615194121402227396831443653861925314792929818066086899815868768711755644202402516233886003302597888575953078494638774245964960865856367373044545747286726085445984228618050048445120971349987175367031503021009905183091579557600573063898664372259738071223036493650613695328655658127196633153795046591727620458614573756529569111079078400043422473055947924277357687924118275540139248100301913987409323937005302905686149279547489695130728127722381392452411438597762853383615363109579281617240832869772505746022756999399991663527873247665370982385384201301462544019980499445284642030053061386950174805182766501665140596878115841358406895603077486114418538076788435621
6986651177374762535395095459973972938492417873588524691960712864641192338264600548288526098711312895867876555587162552479991497848584749793293505540204775464179054452985224748525567253735211818706364757559238751913872930021676142381300817178645571200858182799769722288844474027586727308592240918899525977585556815391287761854699433532986113661551614251967813333332421406245
6986651197374762535395095459973972938402417873588524691960713864641192938264600548288526098711312895867876555587162552479991497848584749793293505540204775464179054452985224748525567253735211818306364757559238751213872930021676172381300817178645571200858182799769722288844474027586727308592240918899525977585556815391287761854699432532986113661551614251967813333332421406242
95067649891945248535795390641762899143754727911094086950217576612942615585013228416792493677810035386092377509204788467639634034982874447689733226493505979299911860231534344609692967071720825515745929647274229209644326638519901484483891797382296485138050560089916859762985630360557595993431203432871820390647025021864251734962690569105648922587751683087928610969436362281169489178428037822330961653089046955000408787398843644391498346287164784284168400432335830362257184727759344278905399918672624409717740291301965851511876125189538677573518377605069471680086146754227733762110005534023930766212161287175784455748839307382952962449108452401724975853449617672186071155365266996842206215158132278933048133036965609262397875748696310733192191659266517956177769087017080205819310047784524223547935981819003435496
95067649891945248535795390641762899143754727911094086950214576612942615585013228416792493677810035386092377509204788467639634034982874447689733226493505979299911860231534344609692967071720825515745929647274229209644326638519901484483891797682296485138050560089916859762985630360557595993431203432871820390647025021864251734962690569105348922587751683087928610969436362281169489178428037822330961653089046955000408787398843644391498346287164784284168400432335830362257184727759344278905399918672624409717740291301965851511876125389538677573518377605069471680086146754227733762110005534023930766212161287175784455748839307382952962449108452401724475853449617672186071155365266996842206215158132278933048133036965609262397875748696310733190191659266517956171769087017080205819310047784524223547935981819003435491
3083309470319854257585428935958384485022770422863043128743766211998938745662089436409574071315219268751089226503169654325875812013817292006349674454152003981054344743588081404482385488715857034495944118341806533111351793266494996430793999445876240515440704219310505259236960701178808250590340061204041772169813720551838867735430147264805879491127235616626
6986651197375762535395095459973972938402417873588524691960713864641192338264600548288526098711312895867876555587162552479991497848584749793293505540204775464179054452985224748525567253735211818306364757559238751913872930021676172381300817178645571200458182799769722288344474027586727308592240818899525977585556815391287761854699432532986113661551614251967813333332421406246
5420652819338622712405059773040964450898084037543416636069935528046574972351259743637299767475646430078103721631706595095154719614744075526914395698155822773511792176924407099095335461417440130784558421683784193795796407095272026444817481328259772087922337345313055914094524179373494087097331475263448439633966193687113524844615671227176095093694576654459016170122011297184465371313829376084859224336406733238797880941403663699963480167165959031118640867350356269722784273314948730617118452176524748469363956476884058546084269552317502167418879566952332983659141639412591100235037620134327537269942801544508594373066042068353869297059270068797467905956132469555500868971662155587352535716820277776868773235330055376523600996648247644291916511446100393506027507426119273556562016008098787423693139678542852491158688321866671
6986651199374762535395095459973972938402417873588524691960723864641192338264600548288526098711312895867876555587162552479991497848584749793293505540204775464179054452985224748525567953735211818306364757559238751913872930021676172381300817178645531200858182799769222288844474027586727308592240918899525977585556815391287761854699432532986113661551614251967813333332421406241
3083309470319854257585428935958384485022770422863043128743766211998938745662089436409574071315219268951089226503169654325875812013817292006349674454152003981054344743588091404482385488715857034495944118341806533111351793266494996430793994445876240515440704219310505259236960701178808250590340061204041772169813720551838867735430147264805879491127535616621
5420652819338622712405059773040964450898084037543416636069935528046574972351259743637299767475646430078103721631706595095154719614744075526914395698155822773511792176924407099095335461417440130784558421683784193795796407095272026444817481328259772087922337345313055914094524179373494087097331475263448439633966193687113524844615671227176095043694576654459016170122011297184465371313829376084859224336406733238397810941423663699963480167165959031118640867350356269722784273314948730617118452176524748469363956476884058546084269552317502167418879566952335983659141639412591100235037620134327537269942801544508594373066042068353869297059270068797467905956132469555500868971662155587352535716820277776868773235330055376523600996648247644291916511446100393506027507426119273556562016008098787423693139678542852491158688321866673
6986651197374762535395095459973972938402417873584524691960713864641192338264600548288526098711312895867876555587162552479991497848584749773293505540204775464179054452985224748525567253735211818301364757559238751913872930021676172381300817178645571200848182799769722288844474027586727308592240918899525977585556815391287761854699432532986113661551619251967813333332421406241
3103683228577334119615194121402227396831443653861925314792929818066086899815868768711755644202402516233886003302597888575953078494638774245964960865856367373044515747286726085445984228618050048445120971349987175367031503021009905183091579557600573063898664372259738071223036493650613695328655658127196633153795046591727620458614573756529569111079278400043422473055947924277357687924818275540139248100301913987409323937005302905686149279547489695130728127722381392452411438597762853383615363107579283617240832869772505746022756999399991663527873247665370982385384201301462544019980499445284646030053061386950174805182766501665140596878115841368406895603077486114418538076788435622
6986651197374762535395095459973972938402417873588524691960713864641192338264600548288526098711312895867876555587162552479991497848584749793293505540204775464179054452985224748525567253735211818306364757159238751913872930021676172381300817178645571200858182799769722288844474027586727608592240918899525977585556815391287761854699432532986113661551614251967813333332421406242
3103683228577334119615194121402227396831443653861925314792929818066086899815868768711755644202402516233886003302597888575953078494638774245964960864856367373044515747286726085445984828618050048445120971349987175367031503021009905183091579557600573063898664372259738071223036493650613695328655658127196633153795046591727620458614573756529569111079078500043422473055947924277357687924818275540139248100301913987409323937005302905686149279547489695130728127722381392452411438597762853383615363109579281617240832869772505746022756999399991663527873247665370982385384201301662544019980499445284646030053061386950174805182766501665140596878115841368406895603077486194418538076788435627
5420652819338622712405059773040964450898084037543416636069935528046574972351259743637299767475646430078103721631706595095154719614744075526914395698155822773511792176924407099095335461417440130784558421683784193795796407095272026444817481328259772087922337345313055914094524179373494087097331475263448439633966194687113524844615671227176095043694576654459016170122011297184465371313829376084859224336406733238397810941423663699963480167165959031118640867350356269722784273314948730617118452166524748469363956476884058546084269552317502167418879566952335983659141639412591100255037620134327537269942801544508594373066042068353869297059270068797467905956132469555500868971662155587352535716820277776868773235330055376523600996648247644291916511446100393506027507426119273556562016008098787423693139678542852491158688321866676
3083309472319884257585428935958384485022770422863043128743766211998938745662089436409574071315219269751089226503169654325875812013817292006349674454152003981054344743588081404482385488715857034495944118341806533111351793266494996430793994445876240515440704219310505259236960701178808250590340061204041771169813720551838867735430147264805879491127535616621
95067649891945248535795390641762899143754727911094086950217576612942615585013228415792493677810035386092377509204788467639634034982874447689733226496505979299911860231534344609692967071720825515745929647274229209644326638519901484483891797682296485138050560089916859762985630360557595993431203430871820390647025021864251734962690569105348922587751683087928610969406362281169489178428037822330961653089046955000408787398843644391498346287164784284168400432335830362257184727759344278905399918672624409717740291301965851511876125389538677573518377605069471680086146754227733762110005534023930766212161287175784455748839307382952962449108452101724975853449617672186071155365266996842206215158132278933048133036965609262397875748696310733192191659266517956177769087017080205819310047784524223547935981819003435496
5420652819338622712405059773040964450898084037543416636069935528046574972351259743637299767475646430078103721631706595095154719614744075526914395698155822773511792176924407099295335461417440130784558421683784193795796407095272026444817481328259772087922337345313055914094524179373494087097331475263448439633966193687113524844615671227176095043694576654459016170122011297184465371313829376084859224336406733238397810941423663699963480167165959031118640867350356269722784273314948730617118452176524748469363956476884058546084269552317502167418879566952335983659141639412591100235037620134324537269942801544508594373066042068353869297059270068797467905956132469555500868971662155587352535716820277776868773235330055376523600996648247644291916511446100393506027507426119273556562016008098787423693139678542852491158688321866671
3103683228577334119615194121402227396831443653861925314792929818066086899825868768711755644202402516233886003302597888575953078494638774245964960865856367373044515747286726085445984228618050048445120971349987175367031503021009905183091579557600573063898664372259738071223036493650613695328655658127196633153795046591727620458614573756529569111079078400043422473055947924277357687624818275540139248103301913987409323937005302905686149279547489695130728127722381392452411438597762853383615363109579981617240832869772505746022756999399991663527873247665370982385384201301462544019980499445284646030053061386950174805182766601665140596878115841368406895603077486114418538076788435621
95067649891945248535795390641762899143754727911094086950217576612942615585013228416792493677810035386092377509204788467639634034982874447689733226493505979299911860231534344609692967071720825515745929647274229209644326638519901484483891797682296485138050560089916859762985630360557595993431203432871820390647025021864251734962690569105348922587751683087928610969436362281169489178428037822330961653089046955000408787398843644391498346287164784284168400432335830362257184727759344278905399918672624409717740291301965851511876125389538677573518377605069471680086146754227733762110005534023930766212161287175784455748839307382952962449108452401724975853449617672186071155365266996842206215158132278933048133036965609262397875748696310733192191659266517956177769087017080205819310047784524223547935981819003435494
6986651197374762535395095459973972938402417873588564691960713864641192338264600548288526091711312895867876555587162552479991497848584749793293505540204775464179054452985224748525567253735211818306364757559238751913872930021676172381300817178645571202858182799769722288844474027586727308592240918899525977585556815391287761854699432532986113661551614251967813333332421406245
5420652819338622712405059773040964450898084037543416636069935528046574972351259743637299767475646430078103721631706595095154717614744075526914395698155822773511792176924407099095335461417440130784558421683784193795796407095272026444817481328259772087922337345313055914091524179373494087097331475263448439633966193687113524844615671227176095043694576654459016170122011297154465371313829376084859224336406733238397810941423663699963480167165959031118640867350356269722784273315948730617118452176424748469363956476884058546084269552317502167418879566952335983659141639412591100235037620134327537269942801544508594373066042068353869297059270068797467905956132369555500868971662155587352535716820277776868773235330055376523600996648247644291916511446100393506027507426119273556562016008098787423693439678542852491158688321866671
6986651197374162535395095459973972938402417873588524691960713864641192338264600548288526098711312895867876555587162552479991497848584749793293505540204775464179054452985224748525567253735211818306364757559238751913872930021676172381300817178645471200858182799769722288844474027586727308592240918899525977585556815391287761854699432532986113661551614251967813333332421406241
3083309470319854257585428935958384485022770422863043128743766211998938745662189436409574071315219268751089226503169654325875612013817292006349674454152003981054344743588081404482385488715857034495944118341806533111351793266494996437793994445876240545440704219310505259236960701178808250590340061204041772169813720551831867735430147264805879491127535616621
5420652819338622712405059773040964450898084037543416636069935528046574972351259743637299767475646430078103721631706595095154719614744075526914395698155822773511792176924407099095335461417440130784558421683784193795796407095272026444817481328259772087922337345313055914094524179370494087097331475263448439633966193687113524844615671227176095043694576654459016170122011297184465371313829376084859224336406733237397810941423663699963480167165959031118640867350356269722784273314948730617118452176524748469363956476884058546084269552317502167418879566912335983659141639412591100235037620134327537269942801544508594373066042068353869297059270068797467905956132469555500868971662155587352535716820277776868773235330055376523600996648247644291916511446100393506027507426119273556562016008098787423693139678542852491158688321866676
5420652819338622712405059773040964450898084037543416636069935528046574972351259743637299767475646430078103721631406595095154719614744075526914395698155822773511792176924407099095335461417440130784558421683784193795796407095272026444814481328259772087922337345313055914094524179373494087097331475263448439633966193687113524844615671227176095043694576654459016170122011297184465371313829376084859224336406733238397810941423663699963480167165959031118640867350356269722784273314948730617118452176524748469363956476884058546084269552317502167418879566952335983659141639412591100235037620134327537269942801544508594373066042068353869297059270068797467905956132469555500868971662155587352535716720277776868773235330055376523600996648247644291916511446100393506027507426119273556562016008098787423693139678542852491158688321866672
6986651197374762535395095459973972939402417873588524691960713864641192338264600548288526098711364895867876555587162552479991497848584749793293505540204775464179054452985224748525567253735211818306364757559238751913872930021676172381300817178645571200858182799769722288844474027586727308592240918899525977585556815391287761854699432532986113661551614251967813333332421406247
3103683228577334119615194121402227396831443653861925314792929818066086899815868768711755644202402516233886003302597888575953078494638774245964960865856367373044515747286726085445984228618050048445120971349987175367031503021009905183091579557600573063898664372259738071223036493650613695328655658127196633153795046591727620458614573756529569111079078400043422473055947924577357687924818275540131248100301913987409323937005302905686149279547489695130728127722381392452411438597762853383615363109579281617240832869772505746022756999399991663527873247665370982385384201301462544019980499445284646030053061386950174805182766501665140596878115841368406895603077486114418538076788435625
3083309470319854257585428035958384485022770422863043128743766211998938745662089436409574071315219268751089226503169654325875812013317292006349674454152003981054344743588081404482385488715857034495944118341806533111351793266494996430793994445876240515440704219310505259246960701178808250596340061204041772169813720551838867735430147264805879491127535616627
3083309470319854257585428935958384485022770422863043128743766211998938745662089436409574071315219268751089226503169654325875812013817292006349674454152003981054344743588081404482580488715857034495944118341806533111351793266494996430793994465876740515440704219310505259236960701178808250590340061208041772169813720551838867735430147264805879491127535616626
95067649891945248535795390641762899143754727911094086950217576612942615585013228416792493677810035386092377509204788467639634034982874447689733226493505979299911860231534344609692967071760825515745929647274229209644326638519901484483891797682296485138050560089916859762985630360557595993431203432871820390647025021864251734962690569105348922587751683087928610969436362281169489178428037822330961653089046955000408787398843644391498346287164787284168400432335830362257184727759344278905399918672624409717740291301965851511876125389538677573518377605069471680086146754227733762110005534023930766212161287175784455748839307382952962449108452401724975853449617672186371155365266996842206215158132278933048133036965609262397875748696310733192191659266517956177769087017080235819310047784524223547935981819003435492
5420652819338622712405059773040964450898084037543416636069935528046574972351259743637299767475646430078103721631706595095154719614744075526914395698155822773511792176924407099095335461417440130784558421683784193795796407095272026444817481328259772087922337345313055914094524179379494087097331475263448439633966193687113524844615671227176095043694576654459016170122011297184465371313829376084859224336406733238397810941423663699963180167165959031118640867350356269722784273314948730617118452176524748469363956476884058546084269552317502167418879566952335983659147639412591100235037620134327537269942801544508594373066042068353869297059270068797467905956132469555500868971662155587352535716820277776868773235330055376523600996648247644291916511446100393506027507426119273556562016008098787423693139678542852491158688321866671
5420652819338622712405059773040964450898084037543416636069935528046574972351259743637299767475646430078103721631706595095154719614744075526914395698155822773591792176924407099095335461417440130784558421683784193795796407095272026444817481128259772087922337345313055914094524179373494087097331475263448439633966193687113524844615671227176095043694576654459016170122011297184465971313829376084859224336406733238397810941423663699963480167165959031118640867350356269722784273314948730617118452176524748469363956476884058546084269552317502167418879566952335983659141639412591100235037620134327537269942801544508594373066042068353869297055270068797467905956132469555500868971662155587352535716820277776868773235330055376523600996648247644291916511446100393506027507426119273556562016008098787423693139678542852491158688321866676
5420652819338622712405059773040964450898084037543416636069935528046574972351259743637299767475646430078103721631706395095154719614744075526914395698155822773511792176924407099095335461417440130784558421683784193795796407095272026444817481328259772087922337345313055914094524179373494087097331475263448439633966193687113524844615671227176095043694576654459016170122011297184465371313829376086859224336406733238397810941423663699963480167165959031118640867350356269722784273314948730617118452176524748469363956476884058546084269552317502167418879566952335983659141639412591000235037120134327537269942801544508594373066042068353869297059270068797467905956132469555500868971662155587352535716820277776868773235330055376523600996648247644291916511446100393506027507426119273556562016008098787423693139678542852491158688321866671
6986651197374762535395095459973972938402417873588524691960713864641192338264600548288526098711312895867876555587162752479991497848584749793293505540204775464179058452985224748525567253735211818306364757559238751913872930021676172381300817178645871200858182799769722288844474027586727308592240918899525977585556815391287761854699432532986113661551614251967813333332421406247
3083309470319854257585428935958384485022770422863043128743766211998938745661089436409574041315219268751089226503169654325875812013817292006349674454152003981054344743588081404482385488715857034495940118341806533111351793266494996430798994445876240515440704219310505259236960701178808250530340061204041772169813720551838867731430147264805879491127535616627
95067649891945248535795390641762899143754727911094086950217576612942615585013228416792493677810035386092377509204788467639634034982874447689733226493505979299911860231534344609692967071720825515745929647774229209644326638519901484483891797682296485138050560089916859762985630360557595993431203432871820390647025021864251734962690569105348922587751683087928610969436362281169488178428037822330961653089046955000408787398843644391498346287164784284168400432335830362257184727759344278905399918672624409717740291301965851511876125389538677573518377605069471680086146754227733762110005534023930766212161287175784455748839307382952962449108452401724975853449617672186071155365266996842206215158132278933048133036965609262397875748696310733192191659266517956177769087017080205819310047784524223547935981819003435407
5420652819338622712405059773040964450898084037543416636069935528046574972351259743637299767475646430078103721631706595095154719614744075526914391698155822773511792176924407099095335461417440130784558421683784193795796407095272026444817481328259772087922337345313055914094524179373494087097331475263448439633966193687113524844615671227176095043694576654459016170122011297184465371313829376084859224336406733238397810941423663699963980167165959031118640867350356269722784273314948730617118452176524748469363956476884058546084269552317502167418879566952335983659141639412591100235037620134327537269942801544508594373066042068353869297059270068797467905956132469555500868971662155587352535716820277776868773235330055376523600996648247644291916511446100393506027507426119273556562016008098787423693139678542852491158688321866676
6986651197374762535395095459973972938402417803588524691960713864641192338264600548288526098711312895867876555587162552479991497848584749793293505540204775465179054452985224748525567253735211818306364757559238751913872930021676172381300817178645571200858182799769722288844474027586787308592240918899525977585556815391287761854699432532986113661551614251967813333332421806245
95067649891945248535795390641762899143754727911094086950217576612942615585013228416792493677810035386092377509204748467639634034982874447689733226493505979299911860231534344609692967071720825515745929647274229209644326638819901484483891797682296485138050560089916859762985630360557595993431203432871820390647025021864251734962690569105348922587751683087928610969436362281169489178428037822330961653089056955000408787398843644391498346287164784284168400432335830362257184727759344278905399918672624409717750291301965851511876125389538677573518377605069471680086146754227733762110005534023930766212161287175784455748839307382952962449108452401724975853449617672186071155365266996842206215158132278933048133036965609262397875748696310733192191659266517956177769087017080205819310047784524223547935981819003435497
3083309470319854257585428935958384485022770422863043128743766211298938745662089436409574071315219268751089226503169654325875812013817292006349674454152003981054344743588081404492385488715857034495944118341806533111351793266494996430793994445876240515440704219310505259236960701178808250590340061204041772369813720551838867735430147264805879491127535616625
6986651197374762535395095459973972938402417873588524691960713864641192338264600548288526098711312895867876555587162552479991497848584749793293505540204775464179054452985224748525567253735211818306364757559238751913872930021676172381300817178645571200858182799769722288844474027586727308592240918899525977585556815391287761854699432532986113661551614251967813333332421406249
3083309470319854257585428935958384485022770422863043128743766211998938745662089436409574071315219268751089223503169654325875812013817292006349674954152003981054344743588081404482385488715857034495944118341806533111351793266494996430793994445876240515440704219310505259236960701178808250590340061204041772169813720551838867735430147264805879491127535616621
6986651197374762535395095459973972938402417873588524691960713864641192338064600548288526088711312895867876555587162552479991497818584749793293505540204775464179054452985224748525567253735211818306364757559238751913872930021676172381300817178645571200858182799769722288844474027586727308592240918899525977585556815391887761854699432532986113661551614251967813333332421406245
3083309470319854257585428935958384485022770422863043128743766211998938745662089436409574071315219268751089226503969654325875812013817292006349674454152003981054344743588081404482385488715857034495944118341806533111351793266494996430793994445876240515440704219310505259236960701175808250590340061204041752109813720551838867735430177264805879491127535616622
3103683228577334119615194121402227396831443653841925314792929818066086899815868768711755644202402516233886003302597888575953078494638774245964960865856367373044515747286726085445984228618050048445120971349987175367031503021009905183091579557600573063898664372259738071223036493650613695328655658127196633153795046591727620458614573756529569111079078400043422473055947924277357687924818275540139248100301913987409323937000302905686149279547489695130728127722301392452411438597762853383615363109579281617240832869772505746022756999399991663527873247665370982385384201301462544019980499445284646030053061386950174805182766501665140596878115841368406895603077486114418538076788435621
3083309470349854257585428935958384485022770422863043128743766211998938745662089436409574071315219268751089226503169654325875812013817292006349674454152003981054344743588084404482385488715857034495944118341806533111351793266490991430793994445876240515440704219310505259236960701178808250590340061204041772169813720551838867735430147264805879491127535616622
3083309470319854257585428935958384485022770422893043128743766211998938745662089436409574071315219268751089226503169652325875812013817292006349674454152003981054344743588081404482385488715857034495944118341806533111351793266494996430783994445836240515440704219310505259236960701178808250590340061204041772169813720551838867735430147264805879491127535616625
95067649891945248535795390641762899143754727911094086950217576612942615585013228416792493677810035386092377509204788467639634034982874447689733226493505979299911860231534344609692967071720825515745929647274229209644326638519901484483891797682296485138050560089916859762985630360557595993431203432871820390647025021864251734962690569105348922587751683087928610969436362281169489178428037822330961653089046955000408787398843644391498346287164784284168400432335830362257184727759344278905399918672624409717740291301965851511876125389538677573518377605069471680086146754227733762110005534023930766212161287175784455748839307382952962449108452401724975853449617672986071155365266996842206215158132278633048133036965609262397875748696310733192191659266517956177769087017080205819310047984524223547935981819003435491
5420652819338622712405059773040964450898084037543416636069935528046574972351259743637299767475646430078103721631706595095154719614744075526914395698155822773511792176924407099095335461417440130784558421683784193795796407095272026444817481328259772007922337345313055914094524179373494087097331475263448439633967193687113524844615671227176095043694576654459016170122011297184465371313829376084859224336406733238397810941423663699963480167165959031118640867350356269722784273314948730617118452176524748469363956476884058546084269552317502167418879566952335983659141639412591100235037620134327537269942801544508594373066042068343869297059270068797467905956132469555500868971662155587352535716820277776868773235330055376523600996648247644291916511446100393506027507426119273556562016008098787423693139678542852491158688321866672
3083309470319854257585428935958384485022770422863043128743766211998938745662089436409574071315219268751089226503169654325875812013817292006389674454152003981054344743588081404482385488715857034495944118341806533111351793266495996430793994445876240515440704219310505259236960703178808250590340061204041772169813720551838867735430147264805879491127535616626
3083309440319854257585428935958384485022770422863043128743166211998938745662089436409574071315219268751089226503169654325875812013817292706349674454152003981054344743588081404482385488715857034495944118341806533111351793266494996430793994445876240515440704219310505259236960701178808250590340061204041772169813720551838867735430147264805879491127535616627
6986651197374762535395095459973972938002427873588524691960713864641192338264600548288526098711312895867876555587162552479991497848584749793293505540204775464179054452985224748525367253735211818306364757559238751913872930021676172381300817178645571200858182799769722288844474027586727308592240918899525977585556815391287761854699432532986113661551614251967813333332421406242
3103683228577334119615194121402227096831443653861925314792929818066086899815868768711755644202402516233886003302597885575953078494638174245964960865856367373044515747286726085445984228618050048445120971349987175367031503021009905183091579557600573063898665372259738071223036493650613695328655658127196633153795046591727620458614573756529569111079078400043422473055947924277357687924818275540139248100301913987409323937005302905686149279547489695130728127722381392452411438597762853383615363109579281617240832869772505746022756999399991663527873247665370982385384201301462544019980499045284646030053061386950174805182766501665140596878115841368406895603077486114418538076788435626
95067649891945248535795390641762899143754707911094086950217576612942615585013228416792493677810035386092377509204788467639634034982874447689733226493505979299911860231534344609692967071720825515745929647274229209644326638519901484483891797682296485138050560089916859762985630360557595993431203432871820390647025021864251734962690569105348922587751683087928610969436362281169489178428037822330961653089046955000408787395843644391498346287164784284168400432335830562257184727759344278905399918672624409717740291301965851511876125389538677573518377605069471680086146754227733762110005534023930762212161287175784455748839307322952962449108452401724975853449617672186021155365266916842206215158132278933048133036965609262397875748696310733192191659266517956177769087017080205819310047784524223547935981819003435491
95067649891945248535795390641762899143755727911094086950217576612942615585013228416792493697810035386092377509204788467639634034982874447689733226493505979299911860231534344609692967071720825515745929647274229209644321638519901484483891797682296485138050560089916859762985630360557595993431203432871820390647025021864251734962690569105348922587751683087928610969436362281169489178428037822330961653089046955000408787398843144391498346287164784284168400432335830362257184727759344278905399918672624409717740291301965851511876125389538677573518377605069471680086146754227733762110005534023930766212161287175784455748839307382952962449108452401724975853449617672186071155365266996842206215158132278933048133036965609262397875748696310733192191659266517956177769087017080205819310047784524223547935981819003435495
5420652819338627712405059773040964450898084037543416636069935528046574972351259743637299767475646430078703721631706595095154719614744075526914395698155822773511792176924407099095335461417440130784558421683784193795796407095272026444817481328259772287922337345313055914094524179373494087097331475263448439633966193687113524844615671227176095043694576654459016170122011297184465371313829376084859224336406733238397810941423663699963480167165959031118640867350356269722784273314948730617118452176524748469363956476884058546084269552317502167418879566952335983659141639412591100235037620134327537269942801544508594373166042068353869297059270068797467905956132469555500868971662155587352535716820277776868773235330055376523600996648247644291916511446100393506027507426119273556562016008098787423693189678542852491158688321866677
5420652819338622712405059773040964450898094037543416636069935528046574972351259743637299767475646430078103721631706595095154719614744075526914395698155822773511792176924407099075335461417440130784558421683784193795796407095272026444817481328259772087922337345313055914094524179373494087094331475263448439633966193687113524844615671227176095043694576654459016170122011297184465371313829376084859224336406733238397810941423663699963480167165958031118640867350356269722784273314948730617118452176524748469363956476884058546084269552317502167418879566952335983659141639412591100235037620134327537269942801544508594373066042068353869297059270068797467905956132469555500868971662155587352535716820277776868773235330055376523600996648247644291916517446100393506027505426119273556562016008098787423693139678542852491158688321866671
3103683278577334119615194121402227396831443653861925314792929818066086899815868768711755644202402516233886003302597888575953078494638774245964960865856367373044515747286726085445984228618050048445120971349987175367031503021009905183091579557600573063898664372259738071223036493650613695328655658127196633153795046591727620458614573756529569111079078400043421473055947924277357687924818275540139248100301913987409323937005302905686149279547489695130728127722381392452411438597762853383615363109579281617240832869772505746022756999399991663527873237665370982385384201301462544019980499445284646030053061386950174805182766501665140596878115841368406895603077486114418538076788435626
6986651197374762535395095459973972938402417873588524698960713864641192338264600548288526098711312895867876555587162552479991497848584749793293505540204775464170054452985224748525567253735211818306364757559238751913872930021676172381300817178645577200858182799769722288844474027586727308592240918899525977585556815391287661854699432532986113661551614251967813333312421406242
95067649891945248535795390641762899143754727911094086950217576612942615585013228416792493677810035386092377509204788467639634034982874447689733226493505979299911860231534344609692967071720825515745929647274229209644326638519901484483891797682296485138050560089916859762985630360557595993431203432871820390647025021864251734962690569105348922587751683087928610969436362281169489178428037822330961653089046955000408787398843644391498346287164784284168400432335830362257184727759344278905399918672624409717740291301965851511876125389538677573518377605069471680086146754227733762110005534023933766212161287175784455748839307382952962449108452401724975853449617672186071155365266996842206215158132278933048133036965609262397875748696310733192191659266517956177769087017080205819310047784524223547935981819003435496
6986651197374762535395095459973972938402417873588524691960713864641192338264600548288526096711312895867876555587162552479991497848584749793293505540204775464179054452985224748525567253035211818306364757559238791913872930021676172381300817178645571200858182799769722288844474027586727308592240918869525977586556815391287761854699432532986113661551614251967813333332421406242
3103683228577334119615194121402227396831443653861925314792929818066086899815868768711755644202402516233886003302597888575953078494638774245964960865856367373044515747286726085445984228618050048445120971349987275367031503021009905183091579557600573063898664372259738071223036493653613695328655658127196633153795046591727620458614573756529569111079078400043422473055947924277357687924818275540139248100301913987419323937005302905686149279547489695130728127722381392452411438597762853383615363109579281617240832869772505746022756999399991663527873247665370982385384201301462544019980499445284646030053061386950174205182766501665140596878115841368406895603077486114418538076788435625
6986651197374762535395095459973972938402417873588524691960713864641192338264600548288526098711312895867876555587162552479991497848584749793293505540204775464179054452985224748525567253735211818306364757559238751913872930021676172381300817178645871203858182799769722288884474027586727308592240918899525977585556815391287761854699432532986113661551614251967833333332421406241
3083309470319854257585428995958384485022770422863043128743766211998938745662089436409574071315219268751089226503169644325875812013817292006349674454152003981054344743588081404482385488715857034495944118341806533111351793266494996430793994445876240515440704219310505259236960701178808250590340063204041772169813720551838867735430147264805879491127535616627
6986651197374762535345095459973972938402417873588524691960713864641192338264600548288526098711312895867876555587162552479991497848584749793293505540204775464179054450985224748525567253735211818306364757559238751913872930021676172381300817178645571200858182799769722288844474027586727308592240918899525977585556815391287761854699432532986113661551614251967813333332421406247
6986651197374762535395090459973972938402417877588524691960713864641192338264600548288526098711312895867876555587162552479991497848584749793293505540204775464179054452985224748525567253735211818306364757559238751923872930021676172381300817178645571200858182799769722288844474027586727308592240918899525977585556815391287761054699432532986113661551614251967813333332421406242
6986651197374762535395095459973972938402417873588524691960713864641192338264600548288526098711342895867876555587162552479991497848584749793293505540204775464179054452985224748525567253735211818306364757559238751913872930021676172381307817178645571200858182799769722288844474227586727308592240918899525977585556812391287761854699432532986113661551614251967817333332421406245
3103683228577334119615194121402227396831443653861925314792929818066086899815868768711755644202402516233886003302597888575953078494638774245964960865856367373044515747286726085445984228618050048445120971349987175367031503021009905183091579557600573063898664372259738071223036493650613695328655658127196633153795046591727620458614573756529569111079078400043422473055947924277357687924818275540139248100301913987409323937005302905686149279547489695130728127722381392452411438597762853383615363109579281617240832869772505746022756999399991663527873247665370982385384201301462544019980499445284646030053061386950174805182766501665140596878115841368406895603077486114418538076788435628
5420652819338622712405059773040964450898084037543416636069935528046574972351259743637299767475646430078103721631706595095154719614744075526914395698155822773511792176924407099095335461417440130784558421683784193795796407095272026444817481328259772087922337345313055914094524149373494087097331475263448439633966193687117524844615671227176095043694576654459016170122011297184465371313829376084859224336406733238397810941423663699963480167165959031118640867350356269722784273314948730617118452176524748469363956476884058546084269552317502167418879566952335983659141639412591100235037620134327537269942801544508594373066042068353869297059270068797467903956132469555500868971662155587352535716820277776868773235330055376523600296648247644291916511446100393506027507426119273556562016008098787423693139678542852491158688321866677
3103683228577334119615191121402227396831443653861925314792929818066086899815868768711755644202402516233886003302597888575953078494638774245964960865846367373044515747286726085445984228618050048445120971349987175367031503021009905183091579557600573063898664372259738071223036493650613695328655658127196633153795046591727620458614573756529569111079078400043422473055947924277357687924818275540139248100301913987409323937005302905686149279547489695130728127722388392452411438597762853383615363109579281617240832869772505746022756999399991663527573247665370982385384201301462544019980499445284646030053061386950174805182766501665140596878115841368406895603077486114418538076788435625
