499
1 0
2 0
3 0
4 0
5 2
6 5
7 5
8 6
9 5
10 2
11 4
12 0
13 6
14 0
15 12
16 9
17 4
18 14
19 10
20 16
21 19
22 14
23 17
24 5
26 15
27 25
28 26
29 28
30 26
31 29
32 25
33 26
34 31
35 31
36 33
37 36
38 27
39 34
40 38
41 31
42 32
43 42
44 34
45 32
46 36
47 40
48 47
49 34
50 36
51 38
52 39
53 28
54 40
55 27
26 51
57 56
58 56
59 57
60 59
61 58
62 61
63 56
64 63
65 63
66 58
67 58
68 61
69 57
70 57
71 59
72 62
73 68
74 73
75 74
76 63
77 56
78 71
79 66
80 76
81 57
82 77
83 80
84 79
85 63
86 72
87 75
88 66
89 77
90 69
91 73
92 69
93 63
94 67
95 74
96 79
26 69
98 97
99 98
100 97
101 97
102 97
103 98
104 103
105 98
106 105
107 103
108 102
109 108
110 99
111 105
112 97
113 107
114 107
115 99
116 114
117 115
118 102
119 101
120 113
121 104
122 110
123 121
124 115
26 106
126 125
127 126
128 125
129 127
130 127
131 125
132 131
133 127
134 127
135 132
136 126
137 131
138 126
139 134
140 137
141 136
142 133
143 141
144 133
145 129
146 129
147 144
26 131
149 148
150 149
151 150
152 151
153 148
154 153
155 154
156 154
157 150
158 156
159 149
160 157
161 149
162 157
163 153
164 148
165 157
166 150
167 163
168 149
169 158
170 160
171 157
172 159
173 164
174 173
26 160
176 175
177 176
178 177
179 176
180 178
181 176
182 181
183 178
184 176
185 183
186 182
187 176
188 183
189 180
190 186
191 186
192 182
193 177
194 183
195 183
196 186
197 182
198 178
26 195
200 199
201 200
202 200
203 200
204 200
205 203
206 203
207 205
208 203
209 201
210 209
211 205
212 202
213 201
214 201
215 214
216 203
217 212
218 207
219 204
220 218
221 216
222 203
223 199
224 222
225 224
226 220
227 217
228 208
229 210
230 208
231 225
232 199
26 208
234 233
235 233
236 234
237 235
238 233
239 238
240 237
241 238
242 233
243 242
244 237
245 233
246 236
247 245
248 240
249 240
250 240
251 239
252 250
253 233
254 235
255 251
256 253
257 252
258 235
259 243
260 236
261 258
262 251
263 252
264 233
265 235
266 233
267 233
268 266
269 247
270 238
271 254
272 259
273 258
274 271
26 264
276 275
277 276
278 276
279 275
280 276
281 277
282 278
283 280
284 280
285 283
286 275
287 275
288 278
289 282
290 288
291 285
292 276
293 281
294 281
295 282
26 279
297 296
298 296
299 298
300 299
301 299
302 297
303 300
304 297
305 299
306 299
307 304
308 304
309 307
310 297
311 309
312 303
313 310
314 303
315 302
316 301
317 304
318 300
319 300
320 312
321 298
322 321
323 304
324 318
325 299
326 298
327 304
328 314
329 300
330 328
331 322
332 296
333 328
26 305
335 334
336 334
337 335
338 336
339 336
340 336
341 335
342 338
343 342
344 334
345 335
346 334
347 334
348 337
349 335
350 345
351 339
352 344
353 339
354 335
355 354
356 343
357 355
358 349
359 336
360 358
361 343
362 351
363 355
26 352
365 364
366 365
367 365
368 366
369 367
370 365
371 368
372 371
373 371
374 364
375 368
376 374
377 372
378 370
379 366
380 371
381 365
382 377
383 381
384 377
385 368
386 384
387 384
388 371
26 382
390 389
391 390
392 390
393 391
394 393
395 394
396 391
397 390
398 397
399 393
400 390
401 394
402 395
403 402
404 403
405 402
406 396
407 403
408 390
409 407
410 409
411 392
412 391
413 395
414 403
415 405
416 393
417 394
26 391
419 418
420 419
421 420
422 420
423 418
424 420
425 422
426 425
427 419
428 425
429 427
430 423
431 419
432 430
433 428
434 418
435 427
436 435
437 426
438 431
439 432
440 438
441 418
442 422
443 438
444 428
445 433
446 433
447 438
448 446
449 435
450 423
451 442
452 437
453 443
26 427
455 454
456 455
457 456
458 456
459 455
460 456
461 454
462 460
463 454
464 460
465 464
466 457
467 462
468 465
469 468
470 454
471 454
472 459
473 464
474 463
475 468
476 474
477 458
478 475
479 466
480 455
481 476
482 480
483 469
484 471
485 464
486 460
487 460
488 471
489 459
490 461
491 475
492 484
493 469
494 468
495 486
496 461
497 476
498 458
499 480
26 469
