999
581 577
781 766
179 173
367 361
70 69
721 691
296 264
772 769
978 974
710 703
743 737
632 613
56 54
820 817
870 867
90 64
213 211
969 927
569 542
806 805
499 498
829 827
405 402
428 426
115 102
744 740
413 398
107 102
225 215
999 998
165 158
836 835
919 913
894 882
963 940
53 37
338 302
776 772
976 975
893 877
246 216
87 83
599 579
862 853
796 772
280 277
233 217
468 459
938 926
146 143
108 107
436 435
593 591
689 687
58 57
634 626
917 894
48 43
435 423
453 437
242 219
459 457
206 189
662 657
541 538
579 576
908 892
647 628
323 317
895 891
861 855
808 806
284 256
848 846
433 432
821 808
312 303
408 392
63 62
695 692
354 352
474 466
729 688
75 56
739 737
554 539
227 225
891 887
287 256
930 929
784 783
911 891
485 688
637 617
62 57
135 126
636 612
592 581
472 468
47 29
446 440
328 324
64 59
989 978
992 984
928 926
514 511
789 771
487 463
315 303
778 770
645 619
937 928
263 261
485 683
485 382
775 769
171 161
50 43
113 103
170 158
688 687
485 158
28 26
696 689
641 633
195 189
558 539
473 463
485 645
36 26
290 270
718 692
51 45
82 81
445 424
400 399
770 765
142 140
14 4
874 844
906 897
320 303
562 553
160 145
867 837
216 215
393 387
190 174
563 556
219 216
270 253
93 86
411 387
293 278
523 511
762 742
940 931
32 27
176 172
754 738
675 673
734 722
196 190
346 334
790 782
555 546
822 809
6 3
936 926
546 543
359 358
924 889
529 504
943 938
621 613
381 367
552 541
512 501
8 6
304 303
349 348
317 315
951 944
106 99
774 768
672 668
169 142
448 415
66 56
238 226
305 304
557 556
362 359
415 414
973 957
812 808
646 626
74 68
604 576
595 591
201 193
18 14
516 508
353 352
549 540
742 738
229 228
881 879
920 897
990 989
321 302
809 807
52 35
913 878
97 85
910 879
278 254
556 549
564 553
332 311
503 498
329 318
351 350
918 905
485 474
983 977
975 974
677 662
385 384
125 116
152 149
86 57
245 233
618 609
678 662
505 503
669 666
585 584
356 354
266 254
765 764
307 304
55 54
161 154
852 840
398 391
548 538
257 254
221 214
883 878
184 178
700 697
839 838
607 588
143 141
816 810
693 691
916 880
787 778
462 457
485 967
959 928
535 511
525 502
682 677
383 377
991 981
292 285
279 276
79 58
915 911
431 419
494 463
686 674
12 7
282 271
803 790
984 982
536 523
274 273
692 689
477 463
752 747
767 764
131 115
163 142
701 691
123 112
759 740
33 27
517 511
583 575
854 841
727 706
785 780
277 255
485 788
60 57
725 717
958 949
927 926
283 274
15 13
444 428
568 553
319 318
617 613
102 99
965 961
203 184
291 264
953 948
962 948
231 230
713 692
325 302
532 526
374 365
228 219
728 696
954 929
797 775
690 688
626 614
334 330
496 489
560 547
524 522
612 611
899 898
485 900
258 252
779 766
601 577
900 895
247 238
422 420
609 608
265 258
295 292
45 43
371 365
492 472
644 630
426 416
843 834
749 748
418 417
185 183
112 105
128 126
697 691
34 30
539 538
576 575
537 518
551 538
977 974
763 749
16 3
922 881
946 933
4 2
493 478
571 565
373 369
285 252
864 838
116 100
37 30
192 188
209 208
642 633
783 775
281 252
730 704
508 505
92 78
712 688
888 886
840 836
157 155
412 394
73 61
545 544
402 397
168 141
640 617
622 611
61 58
625 622
519 515
485 347
846 838
995 974
559 550
635 612
497 487
661 657
248 227
631 619
71 65
771 767
850 848
316 311
215 213
485 584
801 770
427 422
180 178
68 61
851 835
810 808
704 700
452 445
403 394
137 124
638 634
173 172
482 454
40 37
471 465
740 738
181 176
866 846
746 737
417 416
100 99
117 106
698 692
205 192
760 742
483 465
363 359
223 215
923 919
358 356
956 931
799 784
490 461
892 886
235 214
147 144
502 500
177 173
660 655
138 117
224 215
344 343
921 902
766 765
447 424
705 704
23 2
780 779
13 3
275 259
271 267
91 84
159 154
553 545
664 656
151 143
896 877
214 212
297 275
942 928
126 100
19 5
684 670
988 985
458 454
628 624
832 815
798 767
437 433
884 878
109 101
222 219
489 462
708 692
994 988
676 658
313 309
158 150
813 805
944 934
598 581
81 73
630 627
594 584
819 812
741 738
768 764
256 252
751 747
39 30
665 663
949 928
914 913
49 33
308 306
148 146
149 146
132 114
901 899
250 241
674 666
485 388
804 790
133 116
993 980
67 61
335 318
389 388
747 741
35 26
460 458
879 878
432 414
673 656
217 214
22 11
174 173
570 543
145 141
860 834
543 539
485 749
484 458
94 74
518 509
139 117
480 462
970 968
876 858
336 316
41 33
401 396
998 995
311 310
20 12
841 839
738 737
663 657
382 378
166 147
981 975
723 704
858 845
574 570
939 927
276 265
572 557
347 332
522 506
815 814
578 577
261 258
960 950
565 538
590 579
643 610
903 901
666 657
653 616
27 26
182 175
162 142
77 68
272 271
424 420
530 507
478 477
755 737
827 821
567 556
207 186
416 415
391 387
475 454
533 523
124 107
732 712
611 609
733 707
824 821
750 741
865 856
76 69
465 457
24 18
141 140
685 679
194 193
748 737
898 879
756 750
485 206
577 575
757 745
788 769
120 108
528 520
589 586
761 751
856 848
703 687
880 879
683 666
333 323
486 464
782 779
310 305
455 454
352 349
441 420
59 57
1 0
83 54
119 103
342 327
694 689
807 806
244 228
457 456
103 100
716 709
407 387
591 590
388 387
531 498
188 182
823 806
931 928
722 690
613 610
355 354
624 615
885 882
31 28
667 666
330 321
485 237
410 392
872 834
419 416
144 143
726 696
986 975
886 881
122 105
735 711
479 464
331 305
249 211
364 351
868 862
485 439
853 851
715 692
719 707
758 753
420 419
831 830
717 701
183 180
610 608
343 332
597 575
912 907
345 315
288 281
649 632
842 834
794 791
830 829
835 833
340 336
327 326
44 35
365 352
526 514
241 224
902 895
198 180
828 812
580 576
838 833
175 174
485 820
825 809
178 176
485 858
273 263
212 210
629 628
456 454
909 900
654 629
544 542
510 509
46 39
616 613
262 257
814 805
691 690
461 455
386 384
897 886
226 213
202 172
656 655
326 323
745 742
150 147
155 154
240 213
104 101
550 548
204 198
80 57
187 180
30 29
627 609
450 429
38 33
130 105
671 656
863 849
339 328
199 183
268 254
186 174
485 506
230 214
409 403
720 706
702 701
955 946
286 281
485 557
306 303
933 927
619 610
947 930
615 609
121 100
573 562
375 367
269 261
968 961
795 774
236 214
380 375
648 636
361 355
376 353
309 302
469 455
506 505
449 433
495 470
707 692
837 833
600 596
370 349
105 101
463 456
791 782
368 361
679 656
425 421
614 613
802 778
878 877
753 742
134 118
189 184
964 938
439 424
845 839
7 2
513 510
191 185
507 503
9 2
724 687
534 519
111 103
21 16
96 69
253 252
379 357
773 765
300 270
945 925
979 975
603 597
793 772
65 57
57 56
670 662
948 936
680 676
961 930
485 8
397 386
932 930
934 930
485 34
251 218
849 838
859 833
243 222
324 308
929 928
443 431
652 632
314 303
337 323
996 990
907 896
17 8
394 391
586 582
871 833
84 80
875 833
127 105
451 432
890 889
941 926
504 500
786 776
769 768
650 646
935 925
476 474
5 3
89 79
440 427
972 960
596 593
887 884
239 235
587 586
11 4
668 659
467 463
318 315
378 365
392 387
197 174
129 102
967 947
527 504
926 925
267 259
485 989
372 359
481 456
620 609
118 99
952 945
98 81
153 152
588 585
511 501
193 177
3 1
29 27
470 466
136 131
341 328
167 159
800 773
430 418
606 581
699 695
377 370
395 385
633 631
966 960
154 148
792 788
299 267
485 271
547 545
982 978
709 693
294 260
464 460
811 810
88 81
681 676
260 257
466 460
2 1
429 414
844 838
602 575
623 611
605 594
971 957
651 613
997 983
542 539
826 825
234 217
777 764
218 211
232 217
237 223
404 402
561 541
950 926
220 218
387 386
882 879
360 358
706 694
369 365
390 387
114 109
501 500
421 417
366 360
714 691
10 9
289 252
869 845
889 877
904 882
520 500
200 186
711 709
515 505
491 486
264 254
488 481
855 848
500 499
72 59
659 658
255 254
259 253
582 580
873 851
25 5
78 71
85 59
639 633
731 693
834 833
350 349
987 985
857 845
736 723
657 655
95 60
69 58
566 547
208 182
434 427
509 507
818 807
164 153
42 31
406 396
485 65
156 147
43 41
357 352
254 253
298 283
658 655
980 976
957 930
905 894
101 100
322 310
396 387
110 101
521 506
847 844
442 429
211 210
303 302
485 127
540 539
399 394
985 979
301 256
423 415
584 579
817 811
438 423
