1999
447 440
1775 1741
1626 1613
1797 1789
223 222
775 774
1461 1430
672 658
1404 1392
1239 1237
1622 1615
549 548
1143 1138
756 745
1828 1812
307 280
413 381
284 282
718 712
683 681
724 722
154 138
1993 1978
1569 1561
467 461
1021 1020
100 93
1901 1887
667 663
1637 1634
1988 1983
121 115
431 418
593 559
1711 1703
1805 1800
191 190
133 115
1023 1020
953 952
1169 1152
1448 1439
1623 1622
435 423
1389 1382
1056 1034
1549 1541
1791 1790
916 904
1450 852
1816 1792
764 756
508 497
1387 1386
1188 1185
1690 1685
1856 1853
1402 1400
1894 1893
1307 1299
432 429
824 821
1771 1767
1426 1425
1809 1803
1041 1029
1618 1613
842 840
578 558
934 929
1921 1883
430 427
1964 1953
1755 1751
1140 1108
572 567
612 611
187 168
163 149
925 915
1294 1291
1778 1764
1670 1659
709 708
1785 1775
1487 1483
1142 1128
1384 1383
64 56
54 40
1872 1858
580 557
1363 1360
6 0
1069 1068
1878 1844
43 39
1265 1261
780 770
1250 1245
35 9
1839 1833
1257 1255
1893 1886
372 370
1820 1794
1868 1866
1333 1314
476 468
697 691
369 368
1287 1285
1252 1245
252 234
1851 1848
753 748
1658 1655
129 113
515 509
329 327
1436 1429
1424 1405
225 224
894 888
309 286
763 759
1450 185
1728 1727
1477 1475
929 928
239 238
819 815
656 653
1589 1580
650 647
1680 1661
1137 1103
1488 1484
769 768
8 5
792 785
164 144
1300 1291
1271 1262
1361 1360
1543 1538
567 566
1685 1681
97 81
603 581
1172 1162
457 423
1136 1129
1011 994
1640 1637
1152 1150
75 49
362 343
47 45
1286 1263
601 566
838 832
290 289
1838 1830
1927 1925
1837 1834
428 416
1450 1656
544 536
140 137
1541 1540
1450 1028
1282 1265
1467 1452
1198 1182
1450 1597
573 568
619 610
653 651
563 555
1470 1467
954 953
799 797
1482 1479
336 322
166 165
1947 1933
319 311
157 149
1479 1472
440 429
416 415
546 531
1714 1684
297 287
731 714
663 647
1450 1372
1317 1297
797 793
802 793
1314 1307
1540 1537
1776 1743
41 39
1941 1929
730 716
1231 1230
404 386
516 507
917 899
564 555
1991 1980
1080 1065
1697 1696
851 843
1891 1887
1517 1512
1323 1300
613 607
1450 1089
382 380
1982 1973
390 384
1132 1110
520 508
167 165
1337 1322
816 811
591 573
1147 1106
27 13
1774 1762
277 246
312 285
1994 1973
1019 1009
812 811
1295 1292
452 427
654 653
959 951
1212 1211
183 170
1966 1927
156 144
1886 1882
1992 1984
1870 1856
893 890
1166 1152
586 561
1128 1103
88 81
3 0
171 170
1573 1572
496 492
1395 1382
978 954
1101 1099
1583 1565
637 632
556 555
577 568
1638 1636
1476 1474
370 367
1253 1233
1439 1434
1134 1117
465 463
701 700
823 814
1636 1634
1922 1886
790 776
1940 1936
710 708
757 756
1485 1473
1064 1060
1859 1845
1364 1363
358 338
93 82
1229 1211
1245 1232
887 879
342 333
1098 1092
186 174
1113 1108
1803 1794
1413 1397
374 369
1777 1757
482 470
644 634
18 14
1862 1847
1871 1866
1330 1316
1880 1879
688 681
1980 1975
1507 1476
491 464
1405 1404
1443 1431
1645 1640
1342 1340
1850 1847
553 536
1619 1615
849 833
1950 1925
82 81
1221 1214
289 280
911 884
801 792
624 618
295 286
669 650
1943 1934
1613 1612
1702 1683
1139 1115
387 378
1312 1298
783 778
1085 1084
385 375
1199 1195
280 279
205 195
966 963
147 137
1430 1425
384 367
1383 1382
1924 1886
1191 1182
1217 1212
1459 1445
561 559
406 370
1095 1089
292 286
1545 1541
651 648
815 811
1747 1742
301 298
1016 1011
1767 1746
1368 1359
633 626
1523 1518
811 810
1798 1795
1156 1150
259 239
968 955
1358 1357
1833 1832
1786 1746
257 231
1521 1514
1177 1149
1469 1436
1450 1224
1515 1514
263 242
1742 1740
485 476
1852 1833
1844 1830
1644 1634
1346 1340
1450 221
1748 1746
543 529
532 531
1092 1091
1372 1365
772 769
622 608
1584 1569
1450 516
602 599
1204 1198
529 528
1450 128
1734 1729
21 13
818 814
1247 1233
331 328
1329 1298
195 193
689 682
1729 1725
1661 1657
1167 1151
996 992
1039 1028
1903 1885
558 555
661 657
559 556
1280 1261
1503 1499
96 92
1676 1662
1605 1600
725 712
1366 1359
969 955
631 625
1014 1000
1006 997
71 50
984 965
1801 1800
1450 278
1207 1183
1345 1340
1579 1573
531 528
250 248
1124 1118
1049 1030
155 139
209 190
566 564
215 214
1289 1268
305 289
762 759
145 140
973 952
397 372
840 836
1249 1240
1225 1215
1412 1400
170 167
1032 1030
691 688
1356 1344
1311 1303
31 2
640 627
1603 1591
1013 1005
317 297
892 887
1930 1929
933 930
207 192
909 907
48 39
361 332
1522 1520
1127 1119
1688 1686
1497 1494
1944 1933
1650 1644
40 39
226 211
1168 1162
743 734
1378 1361
371 368
1568 1563
1431 1429
1960 1936
629 626
860 857
1815 1798
1283 1263
1190 1188
1646 1638
880 879
1146 1105
1763 1745
1792 1790
1213 1212
237 235
871 859
1727 1722
1639 1638
314 302
1275 1274
1655 1654
91 83
1564 1557
221 211
230 213
224 223
368 367
922 905
1075 1067
1601 1596
1192 1188
1331 1326
343 340
803 781
1519 1515
1208 1187
1450 762
1663 1657
256 247
1157 1153
1420 1412
1100 1093
889 884
1875 1834
1743 1740
1599 1594
1473 1472
1547 1540
1110 1106
266 239
935 932
1022 1020
1917 1912
1933 1929
134 127
1610 1590
117 114
1211 1209
1520 1518
641 636
714 711
1034 1030
1934 1932
988 985
834 833
888 881
1972 1968
1141 1116
1761 1757
1782 1769
579 562
1737 1731
1285 1277
864 838
1108 1105
1725 1722
735 729
692 684
1973 1969
4 2
1585 1569
1206 1198
213 211
548 531
1598 1593
1224 1217
1450 1802
835 833
1449 1434
1450 1185
535 532
1048 1041
1131 1114
1184 1181
595 557
1150 1149
1458 1428
1104 1103
175 168
1561 1558
1450 407
974 961
1920 1906
1693 1685
514 509
258 246
1362 1359
58 38
877 869
843 832
63 55
273 258
705 690
1450 633
76 44
1210 1209
1731 1722
441 423
1302 1293
1853 1835
1029 1023
1012 1002
338 331
900 888
1251 1233
77 46
1242 1234
483 482
873 835
1604 1594
539 532
826 814
1653 1649
1897 1880
90 84
168 166
1738 1726
1376 1370
326 324
318 302
1819 1794
1788 1747
1105 1103
1450 1922
1450 697
1932 1927
1560 1559
60 46
1248 1245
1335 1330
1865 1834
863 843
1352 1351
1906 1893
294 291
852 832
146 141
1651 1646
500 498
926 893
99 95
1067 1062
1527 1522
1726 1724
355 335
1304 1302
1450 743
1450 1079
1440 1432
746 745
787 776
1410 1406
1978 1975
509 497
247 233
1699 1689
897 893
1028 1022
1354 1347
46 38
350 324
1409 1388
776 774
1832 1830
687 681
1945 1938
914 894
1348 1338
1489 1485
141 140
943 938
1046 1044
1058 1057
282 280
1072 1064
1759 1743
1186 1182
1052 1026
448 414
1667 1661
296 292
1319 1318
411 395
872 841
1884 1880
1197 1182
1986 1984
1835 1834
1401 1382
1367 1365
1877 1853
740 717
365 338
1981 1979
717 710
1274 1269
184 167
203 191
1957 1954
1873 1843
941 936
1086 1085
1050 1043
1175 1174
126 110
381 376
804 789
719 710
478 470
1322 1321
320 288
1106 1104
950 932
1516 1514
1842 1839
1673 1656
1313 1312
981 957
425 415
853 840
30 24
1270 1269
299 295
1415 1407
747 745
420 418
253 232
1450 1750
1691 1690
679 655
903 893
1883 1881
376 370
1200 1196
736 709
1926 1925
50 42
1596 1595
1256 1242
991 990
1003 1002
238 236
248 231
1232 1230
513 497
1301 1297
1463 1457
1919 1888
678 656
1073 1072
808 792
1804 1791
1216 1212
380 377
1827 1792
1550 1547
232 231
1481 1477
1090 1084
1194 1182
1629 1612
1393 1387
424 419
1450 319
116 114
246 244
517 515
335 328
1450 1733
1341 1339
1491 1487
334 323
587 583
770 768
123 111
618 609
28 11
647 646
1087 1084
1974 1969
1462 1444
402 390
278 246
899 894
269 259
1116 1104
1466 1435
1700 1696
813 811
235 233
858 835
1834 1831
800 783
521 517
276 243
1227 1213
861 832
1450 614
1394 1392
898 894
1614 1612
530 529
620 608
1109 1108
751 747
310 308
767 756
1750 1746
836 834
450 415
1821 1819
59 56
537 536
1518 1512
383 370
87 83
523 514
378 370
1534 1533
219 213
1414 1384
1593 1590
583 566
1417 1388
1648 1637
665 662
831 812
206 197
1406 1385
1125 1112
1259 1258
1043 1036
285 280
1888 1880
484 482
506 502
1336 1324
254 247
938 936
1187 1181
616 611
1808 1792
568 556
1451 1438
176 173
459 423
952 951
1712 1708
330 329
1214 1210
1979 1969
642 628
928 927
1371 1370
1450 460
1631 1630
1996 1984
85 84
1849 1848
264 245
1555 1554
1885 1882
562 557
1122 1116
1293 1291
607 604
1647 1646
668 663
1524 1519
181 171
755 748
122 115
1112 1111
61 45
94 82
992 990
1538 1535
1408 1396
1423 1418
585 557
1582 1580
883 881
1766 1747
1744 1743
1552 1548
1716 1700
1126 1123
1429 1427
1450 671
552 538
1450 986
1236 1235
1696 1683
490 460
590 560
503 497
298 283
1822 1820
1502 1480
1082 1077
208 192
1450 1006
1008 1003
1129 1104
1971 1969
1746 1741
1254 1238
245 238
1846 1842
1163 1160
344 342
1492 1485
1400 1397
557 556
1802 1792
1276 1262
1351 1343
636 625
1388 1387
958 952
1553 1536
1684 1681
617 613
536 528
69 56
865 836
519 497
915 885
65 53
1895 1881
1812 1794
1948 1927
107 106
217 210
1327 1301
1218 1215
1606 1597
339 331
1228 1224
1840 1830
1171 1169
333 331
471 467
512 510
699 691
445 428
1450 1432
1390 1382
1951 1939
1339 1338
850 849
1970 1969
623 604
79 47
1787 1745
152 144
1115 1106
866 856
964 962
149 141
1987 1981
501 498
1453 1448
1164 1155
639 635
1848 1847
1484 1474
1935 1930
820 814
1586 1578
495 462
821 816
1397 1386
1498 1487
1953 1929
1914 1896
716 711
463 460
286 285
1666 1663
468 461
1474 1473
1435 1432
696 687
1718 1690
980 962
1556 1555
115 111
1010 991
1445 1433
752 748
1135 1128
62 48
1288 1268
729 713
1749 1740
363 336
1592 1590
1908 1901
1722 1719
1557 1556
1665 1662
1258 1234
1854 1839
976 974
1831 1830
1687 1682
489 485
1575 1572
1117 1110
1768 1742
12 5
236 234
1303 1302
685 681
1450 817
728 718
151 140
1735 1724
1961 1947
1495 1484
1450 1178
1609 1604
1452 1425
1580 1559
255 237
439 433
1296 1293
857 849
1587 1580
859 855
862 843
1255 1234
1794 1792
1642 1637
901 884
994 991
645 641
632 628
979 974
1591 1590
1800 1799
1273 1271
1876 1836
118 110
493 465
442 426
98 90
1063 1058
127 126
458 435
970 969
956 955
766 755
1089 1087
1985 1977
993 991
1723 1722
1244 1235
600 594
1513 1512
643 627
1736 1731
1456 1435
9 7
1450 776
924 917
1298 1297
1617 1615
1826 1797
1418 1405
1703 1690
233 232
1867 1851
120 115
1710 1703
83 81
469 462
855 844
1385 1383
896 893
72 44
1918 1881
1442 1429
1548 1541
1818 1811
1344 1338
1811 1791
479 461
1678 1663
1233 1231
1577 1561
666 658
354 323
920 906
1708 1703
1539 1536
443 422
2 1
49 46
1632 1627
1672 1662
560 557
417 415
251 245
1751 1740
1 0
1381 1371
1174 1152
732 711
1836 1831
328 326
788 779
779 774
14 0
499 498
260 238
1955 1945
1102 1085
760 747
902 882
1679 1663
1793 1790
148 140
1266 1263
453 414
422 420
1896 1891
657 652
1817 1804
1983 1971
713 708
311 297
1158 1149
323 322
308 295
1004 1003
744 715
201 193
436 434
1059 1057
1975 1971
1881 1880
357 342
1976 1974
715 709
765 751
854 841
932 929
648 646
1450 88
1196 1183
486 462
975 956
150 137
1161 1159
451 430
554 550
621 610
1496 1472
963 952
905 882
1076 1066
1558 1557
758 746
1182 1180
86 81
398 393
101 89
846 842
470 462
698 688
1615 1614
1900 1896
1369 1364
1806 1791
1328 1296
1624 1614
675 666
1829 1815
262 251
161 142
1350 1344
575 567
868 858
1635 1634
130 129
1455 1437
1411 1410
676 661
793 774
655 650
1620 1616
119 110
1241 1239
844 838
723 712
1054 1049
739 710
1450 1932
1715 1698
895 892
454 430
143 141
89 87
1574 1554
1450 1491
1937 1934
1621 1613
1675 1667
327 324
1799 1792
1565 1559
1091 1083
1581 1566
356 355
972 954
421 416
243 233
999 996
33 10
923 883
1189 1186
627 625
794 785
907 904
198 190
395 386
1682 1681
473 461
1892 1889
1118 1117
1068 1058
139 137
275 256
1902 1889
971 966
1450 1114
1468 1447
961 960
796 775
1904 1897
472 460
1928 1926
1989 1985
707 681
1084 1083
528 527
475 473
1465 1427
1045 1038
1123 1111
748 747
1450 80
1061 1060
1031 1020
703 685
1220 1209
545 533
1753 1751
524 517
946 943
1505 1491
882 880
391 372
1969 1968
1692 1687
1916 1914
722 717
507 502
227 216
1533 1532
1290 1287
24 10
937 936
1754 1747
379 370
1531 1522
480 460
68 55
1299 1297
488 482
437 425
241 237
1272 1267
324 323
957 954
1529 1515
160 158
202 201
1434 1426
1542 1535
1450 537
199 191
220 217
124 110
599 580
1121 1109
114 110
1770 1761
1717 1694
214 212
1762 1758
1595 1592
481 475
1215 1213
1144 1104
1391 1389
204 201
597 561
1450 1633
606 604
415 414
662 655
652 651
829 825
1097 1087
540 531
574 556
373 371
1433 1428
229 223
1111 1105
1627 1614
1269 1262
287 284
1526 1525
1739 1734
388 380
1898 1882
1847 1841
360 345
1843 1840
1967 1949
291 286
884 883
1500 1492
304 302
1355 1343
1450 1345
504 500
196 193
1015 1002
1450 327
1570 1564
185 178
912 909
1630 1627
967 965
664 649
487 460
1773 1770
1765 1742
178 167
1600 1595
565 562
1343 1340
359 354
268 257
1483 1478
1130 1108
346 335
1874 1846
53 52
393 384
594 585
389 381
1024 1023
1074 1067
737 719
1017 993
518 499
108 106
172 166
138 137
1907 1895
449 428
822 820
778 773
611 606
702 690
144 136
1984 1983
589 579
949 942
1179 1172
1704 1686
1154 1150
1999 1973
839 833
409 400
302 281
29 4
303 294
1065 1057
1641 1640
1857 1830
1721 1719
1263 1262
1427 1426
1997 1982
1863 1851
828 817
293 289
525 511
212 211
169 167
1450 1589
660 649
939 930
1756 1745
1597 1593
1733 1730
1460 1434
399 380
995 994
51 43
1566 1556
1546 1542
1732 1721
830 810
825 815
1437 1431
781 778
1379 1371
1625 1613
1370 1369
20 18
1325 1312
1998 1975
1278 1277
188 178
960 954
786 775
403 396
930 927
366 322
615 606
1923 1890
300 286
67 55
965 960
1563 1559
1669 1658
1657 1654
847 840
774 772
1025 1024
1392 1390
626 625
153 142
477 468
1576 1572
1861 1834
998 995
1608 1594
353 342
1962 1944
630 628
446 438
1071 1068
1464 1456
596 571
1037 1027
1079 1060
671 657
1407 1403
1396 1390
179 169
345 344
1450 198
1745 1744
1360 1359
109 84
348 330
1528 1515
315 304
1183 1181
5 4
1403 1385
1450 1421
695 681
986 958
1784 1755
1942 1930
1148 1135
1176 1174
1246 1237
874 873
1284 1278
106 99
891 881
1450 12
1795 1790
1757 1748
1493 1492
131 111
1151 1150
510 501
396 382
1594 1590
332 323
649 646
1160 1154
1537 1534
200 192
70 68
1203 1187
364 354
1807 1800
841 832
1544 1537
638 628
1375 1367
180 172
405 397
777 775
921 890
1297 1291
1099 1087
1628 1614
95 88
1133 1113
401 379
1070 1058
1668 1666
1956 1927
1841 1837
1009 1003
1315 1305
234 233
1201 1193
908 883
1506 1489
137 136
1173 1168
274 259
1026 1025
1262 1261
272 265
1306 1304
1193 1189
1042 1035
1398 1382
128 114
135 133
1432 1430
375 374
610 607
1447 1436
1664 1656
1694 1686
1963 1943
569 564
1357 1354
1889 1882
340 335
1162 1155
1810 1808
1264 1263
1701 1681
581 563
325 323
997 995
977 975
1450 1995
423 419
1707 1695
1649 1645
614 609
1514 1513
19 16
1855 1847
1145 1136
1713 1687
1159 1152
1165 1152
904 892
1155 1153
37 10
1235 1232
885 882
742 716
541 535
1450 1298
1088 1086
1571 1564
313 302
52 45
1373 1366
349 331
1170 1155
189 188
1305 1301
1486 1478
1279 1277
945 944
434 430
1823 1820
174 169
386 368
827 811
1643 1637
1958 1933
833 832
1899 1889
1813 1789
1911 1879
474 467
426 425
270 269
1612 1611
677 667
1457 1454
162 143
1450 1523
281 280
682 681
242 232
1551 1540
1652 1634
1929 1928
194 192
1772 1750
571 564
408 406
1764 1757
1939 1927
177 165
1977 1974
910 896
1308 1293
1910 1905
856 841
1324 1302
711 708
1913 1897
913 889
1882 1881
1001 994
23 16
1178 1159
1277 1269
400 385
1915 1900
741 734
635 629
102 97
1450 1693
983 981
1938 1933
32 7
806 785
438 417
1607 1601
1689 1683
1490 1475
288 282
1234 1230
502 500
785 778
1686 1684
377 367
466 462
1292 1291
407 386
1321 1304
947 937
511 508
1845 1833
103 88
944 941
1318 1304
1226 1223
461 460
1931 1929
1222 1210
542 533
1724 1720
1038 1027
498 497
522 513
1060 1057
341 329
608 605
931 930
1260 1245
881 879
1349 1343
1949 1934
1027 1021
1695 1692
1119 1107
1450 136
42 39
1709 1702
1081 1074
1866 1865
1471 1463
1340 1339
1779 1767
1238 1231
159 146
1602 1595
1769 1742
1535 1533
1536 1532
754 752
1475 1473
1559 1556
1478 1473
494 471
261 243
66 47
609 607
1243 1240
1114 1108
1018 1002
1326 1297
784 781
17 6
526 518
773 772
1002 996
749 748
876 858
791 784
1093 1091
726 713
1572 1566
56 55
104 102
1720 1719
1824 1799
429 419
1044 1034
1741 1740
1374 1368
1334 1300
1450 578
13 6
352 336
1419 1384
240 238
1905 1898
1501 1498
1107 1105
84 83
1760 1742
592 567
605 604
1660 1656
105 99
805 788
1578 1563
1416 1385
1267 1261
771 769
942 928
228 227
1386 1383
1860 1845
845 836
22 15
158 152
1530 1523
1005 1000
1508 1490
1959 1952
809 807
1562 1561
987 981
112 110
1450 906
1780 1751
271 237
25 13
727 711
1202 1182
1450 1264
584 564
795 779
1240 1238
16 3
492 462
1796 1789
886 880
410 383
455 451
1864 1840
684 683
306 282
982 977
113 112
39 38
890 886
1450 421
34 2
761 755
706 682
918 906
26 0
782 773
7 5
673 666
534 531
1428 1427
412 380
1616 1615
1952 1944
1504 1489
337 336
848 840
505 502
814 813
1077 1066
1268 1262
837 832
1444 1432
142 138
1706 1703
1138 1128
10 7
1499 1483
1237 1234
1783 1741
1814 1808
1281 1270
1053 1034
1450 1650
1153 1149
1890 1883
1671 1660
1781 1773
433 420
1954 1948
1450 935
700 692
1033 1029
694 687
712 709
919 903
111 110
1377 1374
44 39
1494 1484
686 684
936 931
1036 1035
1030 1026
1887 1884
875 865
132 129
1659 1657
1758 1741
759 749
1705 1699
1007 993
1450 1546
1995 1981
45 41
1936 1930
193 190
1446 1428
628 625
347 334
244 233
985 981
1525 1520
1055 1020
1320 1311
1825 1822
538 527
750 746
211 210
427 423
1698 1681
906 885
1365 1364
1674 1654
418 416
55 45
1094 1086
36 25
216 214
693 685
734 724
78 71
1662 1659
1509 1488
658 653
74 40
1310 1291
1000 992
15 14
1965 1932
1353 1345
680 665
659 650
1946 1927
192 191
265 241
878 840
1205 1183
1567 1557
582 573
738 712
533 531
1066 1062
1480 1475
1185 1182
1309 1306
80 79
249 245
1677 1654
867 850
392 371
1035 1032
721 720
462 460
1181 1180
11 3
1441 1425
870 851
1040 1029
1912 1882
1990 1978
1454 1449
1790 1789
1858 1857
789 780
598 584
222 211
1332 1314
197 191
733 721
464 463
1752 1741
551 542
1450 1256
1730 1729
1869 1866
321 310
92 81
547 539
1047 1035
1096 1095
1078 1075
125 118
351 325
940 937
690 687
1438 1436
1450 1834
57 45
1223 1214
1062 1058
1195 1190
316 293
1511 1473
1683 1681
1380 1363
1347 1341
1120 1116
948 929
570 559
550 549
1633 1620
182 180
1422 1384
1588 1582
674 646
1399 1388
807 794
588 584
720 717
1510 1480
419 416
1421 1408
1656 1655
704 686
798 769
394 393
1051 1042
1316 1295
218 212
962 953
267 265
73 54
817 816
1219 1213
456 444
444 416
955 951
634 628
173 165
989 986
576 556
670 660
283 279
1909 1885
869 868
