10000
2627 0
2627 1
2627 2
2627 3
2627 4
2627 5
2627 6
2627 7
2627 8
2627 9
2627 10
2627 11
2627 12
2627 13
2627 14
2627 15
2627 16
2627 17
2627 18
2627 19
2627 20
2627 21
2627 22
2627 23
2627 24
2627 25
2627 26
2627 27
2627 28
2627 29
2627 30
2627 31
2627 32
2627 33
2627 34
2627 35
2627 36
2627 37
2627 38
2627 39
2627 40
2627 41
2627 42
2627 43
2627 44
2627 45
2627 46
2627 47
2627 48
2627 49
2627 50
2627 51
2627 52
2627 53
2627 54
2627 55
2627 56
2627 57
2627 58
2627 59
2627 60
2627 61
2627 62
2627 63
2627 64
2627 65
2627 66
2627 67
2627 68
2627 69
2627 70
2627 71
2627 72
2627 73
2627 74
2627 75
2627 76
2627 77
2627 78
2627 79
2627 80
2627 81
2627 82
2627 83
2627 84
2627 85
2627 86
2627 87
2627 88
2627 89
2627 90
2627 91
2627 92
2627 93
2627 94
2627 95
2627 96
2627 97
2627 98
2627 99
2627 100
2627 101
2627 102
2627 103
2627 104
2627 105
2627 106
2627 107
2627 108
2627 109
2627 110
2627 111
2627 112
2627 113
2627 114
2627 115
2627 116
2627 117
2627 118
2627 119
2627 120
2627 121
2627 122
2627 123
2627 124
2627 125
2627 126
2627 127
2627 128
2627 129
2627 130
2627 131
2627 132
2627 133
2627 134
2627 135
2627 136
2627 137
2627 138
2627 139
2627 140
2627 141
2627 142
2627 143
2627 144
2627 145
2627 146
2627 147
2627 148
2627 149
2627 150
2627 151
2627 152
2627 153
2627 154
2627 155
2627 156
2627 157
2627 158
2627 159
2627 160
2627 161
2627 162
2627 163
2627 164
2627 165
2627 166
2627 167
2627 168
2627 169
2627 170
2627 171
2627 172
2627 173
2627 174
2627 175
2627 176
2627 177
2627 178
2627 179
2627 180
2627 181
2627 182
2627 183
2627 184
2627 185
2627 186
2627 187
2627 188
2627 189
2627 190
2627 191
2627 192
2627 193
2627 194
2627 195
2627 196
2627 197
2627 198
2627 199
2627 200
2627 201
2627 202
2627 203
2627 204
2627 205
2627 206
2627 207
2627 208
2627 209
2627 210
2627 211
2627 212
2627 213
2627 214
2627 215
2627 216
2627 217
2627 218
2627 219
2627 220
2627 221
2627 222
2627 223
2627 224
2627 225
2627 226
2627 227
2627 228
2627 229
2627 230
2627 231
2627 232
2627 233
2627 234
2627 235
2627 236
2627 237
2627 238
2627 239
2627 240
2627 241
2627 242
2627 243
2627 244
2627 245
2627 246
2627 247
2627 248
2627 249
2627 250
2627 251
2627 252
2627 253
2627 254
2627 255
2627 256
2627 257
2627 258
2627 259
2627 260
2627 261
2627 262
2627 263
2627 264
2627 265
2627 266
2627 267
2627 268
2627 269
2627 270
2627 271
2627 272
2627 273
2627 274
2627 275
2627 276
2627 277
2627 278
2627 279
2627 280
2627 281
2627 282
2627 283
2627 284
2627 285
2627 286
2627 287
2627 288
2627 289
2627 290
2627 291
2627 292
2627 293
2627 294
2627 295
2627 296
2627 297
2627 298
2627 299
2627 300
2627 301
2627 302
2627 303
2627 304
2627 305
2627 306
2627 307
2627 308
2627 309
2627 310
2627 311
2627 312
2627 313
2627 314
2627 315
2627 316
2627 317
2627 318
2627 319
2627 320
2627 321
2627 322
2627 323
2627 324
2627 325
2627 326
2627 327
2627 328
2627 329
2627 330
2627 331
2627 332
2627 333
2627 334
2627 335
2627 336
2627 337
2627 338
2627 339
2627 340
2627 341
2627 342
2627 343
2627 344
2627 345
2627 346
2627 347
2627 348
2627 349
2627 350
2627 351
2627 352
2627 353
2627 354
2627 355
2627 356
2627 357
2627 358
2627 359
2627 360
2627 361
2627 362
2627 363
2627 364
2627 365
2627 366
2627 367
2627 368
2627 369
2627 370
2627 371
2627 372
2627 373
2627 374
2627 375
2627 376
2627 377
2627 378
2627 379
2627 380
2627 381
2627 382
2627 383
2627 384
2627 385
2627 386
2627 387
2627 388
2627 389
2627 390
2627 391
2627 392
2627 393
2627 394
2627 395
2627 396
2627 397
2627 398
2627 399
2627 400
2627 401
2627 402
2627 403
2627 404
2627 405
2627 406
2627 407
2627 408
2627 409
2627 410
2627 411
2627 412
2627 413
2627 414
2627 415
2627 416
2627 417
2627 418
2627 419
2627 420
2627 421
2627 422
2627 423
2627 424
2627 425
2627 426
2627 427
2627 428
2627 429
2627 430
2627 431
2627 432
2627 433
2627 434
2627 435
2627 436
2627 437
2627 438
2627 439
2627 440
2627 441
2627 442
2627 443
2627 444
2627 445
2627 446
2627 447
2627 448
2627 449
2627 450
2627 451
2627 452
2627 453
2627 454
2627 455
2627 456
2627 457
2627 458
2627 459
2627 460
2627 461
2627 462
2627 463
2627 464
2627 465
2627 466
2627 467
2627 468
2627 469
2627 470
2627 471
2627 472
2627 473
2627 474
2627 475
2627 476
2627 477
2627 478
2627 479
2627 480
2627 481
2627 482
2627 483
2627 484
2627 485
2627 486
2627 487
2627 488
2627 489
2627 490
2627 491
2627 492
2627 493
2627 494
2627 495
2627 496
2627 497
2627 498
2627 499
2627 500
2627 501
2627 502
2627 503
2627 504
2627 505
2627 506
2627 507
2627 508
2627 509
2627 510
2627 511
2627 512
2627 513
2627 514
2627 515
2627 516
2627 517
2627 518
2627 519
2627 520
2627 521
2627 522
2627 523
2627 524
2627 525
2627 526
2627 527
2627 528
2627 529
2627 530
2627 531
2627 532
2627 533
2627 534
2627 535
2627 536
2627 537
2627 538
2627 539
2627 540
2627 541
2627 542
2627 543
2627 544
2627 545
2627 546
2627 547
2627 548
2627 549
2627 550
2627 551
2627 552
2627 553
2627 554
2627 555
2627 556
2627 557
2627 558
2627 559
2627 560
2627 561
2627 562
2627 563
2627 564
2627 565
2627 566
2627 567
2627 568
2627 569
2627 570
2627 571
2627 572
2627 573
2627 574
2627 575
2627 576
2627 577
2627 578
2627 579
2627 580
2627 581
2627 582
2627 583
2627 584
2627 585
2627 586
2627 587
2627 588
2627 589
2627 590
2627 591
2627 592
2627 593
2627 594
2627 595
2627 596
2627 597
2627 598
2627 599
2627 600
2627 601
2627 602
2627 603
2627 604
2627 605
2627 606
2627 607
2627 608
2627 609
2627 610
2627 611
2627 612
2627 613
2627 614
2627 615
2627 616
2627 617
2627 618
2627 619
2627 620
2627 621
2627 622
2627 623
2627 624
2627 625
2627 626
2627 627
2627 628
2627 629
2627 630
2627 631
2627 632
2627 633
2627 634
2627 635
2627 636
2627 637
2627 638
2627 639
2627 640
2627 641
2627 642
2627 643
2627 644
2627 645
2627 646
2627 647
2627 648
2627 649
2627 650
2627 651
2627 652
2627 653
2627 654
2627 655
2627 656
2627 657
2627 658
2627 659
2627 660
2627 661
2627 662
2627 663
2627 664
2627 665
2627 666
2627 667
2627 668
2627 669
2627 670
2627 671
2627 672
2627 673
2627 674
2627 675
2627 676
2627 677
2627 678
2627 679
2627 680
2627 681
2627 682
2627 683
2627 684
2627 685
2627 686
2627 687
2627 688
2627 689
2627 690
2627 691
2627 692
2627 693
2627 694
2627 695
2627 696
2627 697
2627 698
2627 699
2627 700
2627 701
2627 702
2627 703
2627 704
2627 705
2627 706
2627 707
2627 708
2627 709
2627 710
2627 711
2627 712
2627 713
2627 714
2627 715
2627 716
2627 717
2627 718
2627 719
2627 720
2627 721
2627 722
2627 723
2627 724
2627 725
2627 726
2627 727
2627 728
2627 729
2627 730
2627 731
2627 732
2627 733
2627 734
2627 735
2627 736
2627 737
2627 738
2627 739
2627 740
2627 741
2627 742
2627 743
2627 744
2627 745
2627 746
2627 747
2627 748
2627 749
2627 750
2627 751
2627 752
2627 753
2627 754
2627 755
2627 756
2627 757
2627 758
2627 759
2627 760
2627 761
2627 762
2627 763
2627 764
2627 765
2627 766
2627 767
2627 768
2627 769
2627 770
2627 771
2627 772
2627 773
2627 774
2627 775
2627 776
2627 777
2627 778
2627 779
2627 780
2627 781
2627 782
2627 783
2627 784
2627 785
2627 786
2627 787
2627 788
2627 789
2627 790
2627 791
2627 792
2627 793
2627 794
2627 795
2627 796
2627 797
2627 798
2627 799
2627 800
2627 801
2627 802
2627 803
2627 804
2627 805
2627 806
2627 807
2627 808
2627 809
2627 810
2627 811
2627 812
2627 813
2627 814
2627 815
2627 816
2627 817
2627 818
2627 819
2627 820
2627 821
2627 822
2627 823
2627 824
2627 825
2627 826
2627 827
2627 828
2627 829
2627 830
2627 831
2627 832
2627 833
2627 834
2627 835
2627 836
2627 837
2627 838
2627 839
2627 840
2627 841
2627 842
2627 843
2627 844
2627 845
2627 846
2627 847
2627 848
2627 849
2627 850
2627 851
2627 852
2627 853
2627 854
2627 855
2627 856
2627 857
2627 858
2627 859
2627 860
2627 861
2627 862
2627 863
2627 864
2627 865
2627 866
2627 867
2627 868
2627 869
2627 870
2627 871
2627 872
2627 873
2627 874
2627 875
2627 876
2627 877
2627 878
2627 879
2627 880
2627 881
2627 882
2627 883
2627 884
2627 885
2627 886
2627 887
2627 888
2627 889
2627 890
2627 891
2627 892
2627 893
2627 894
2627 895
2627 896
2627 897
2627 898
2627 899
2627 900
2627 901
2627 902
2627 903
2627 904
2627 905
2627 906
2627 907
2627 908
2627 909
2627 910
2627 911
2627 912
2627 913
2627 914
2627 915
2627 916
2627 917
2627 918
2627 919
2627 920
2627 921
2627 922
2627 923
2627 924
2627 925
2627 926
2627 927
2627 928
2627 929
2627 930
2627 931
2627 932
2627 933
2627 934
2627 935
2627 936
2627 937
2627 938
2627 939
2627 940
2627 941
2627 942
2627 943
2627 944
2627 945
2627 946
2627 947
2627 948
2627 949
2627 950
2627 951
2627 952
2627 953
2627 954
2627 955
2627 956
2627 957
2627 958
2627 959
2627 960
2627 961
2627 962
2627 963
2627 964
2627 965
2627 966
2627 967
2627 968
2627 969
2627 970
2627 971
2627 972
2627 973
2627 974
2627 975
2627 976
2627 977
2627 978
2627 979
2627 980
2627 981
2627 982
2627 983
2627 984
2627 985
2627 986
2627 987
2627 988
2627 989
2627 990
2627 991
2627 992
2627 993
2627 994
2627 995
2627 996
2627 997
2627 998
2627 999
2627 1000
2627 1001
2627 1002
2627 1003
2627 1004
2627 1005
2627 1006
2627 1007
2627 1008
2627 1009
2627 1010
2627 1011
2627 1012
2627 1013
2627 1014
2627 1015
2627 1016
2627 1017
2627 1018
2627 1019
2627 1020
2627 1021
2627 1022
2627 1023
2627 1024
2627 1025
2627 1026
2627 1027
2627 1028
2627 1029
2627 1030
2627 1031
2627 1032
2627 1033
2627 1034
2627 1035
2627 1036
2627 1037
2627 1038
2627 1039
2627 1040
2627 1041
2627 1042
2627 1043
2627 1044
2627 1045
2627 1046
2627 1047
2627 1048
2627 1049
2627 1050
2627 1051
2627 1052
2627 1053
2627 1054
2627 1055
2627 1056
2627 1057
2627 1058
2627 1059
2627 1060
2627 1061
2627 1062
2627 1063
2627 1064
2627 1065
2627 1066
2627 1067
2627 1068
2627 1069
2627 1070
2627 1071
2627 1072
2627 1073
2627 1074
2627 1075
2627 1076
2627 1077
2627 1078
2627 1079
2627 1080
2627 1081
2627 1082
2627 1083
2627 1084
2627 1085
2627 1086
2627 1087
2627 1088
2627 1089
2627 1090
2627 1091
2627 1092
2627 1093
2627 1094
2627 1095
2627 1096
2627 1097
2627 1098
2627 1099
2627 1100
2627 1101
2627 1102
2627 1103
2627 1104
2627 1105
2627 1106
2627 1107
2627 1108
2627 1109
2627 1110
2627 1111
2627 1112
2627 1113
2627 1114
2627 1115
2627 1116
2627 1117
2627 1118
2627 1119
2627 1120
2627 1121
2627 1122
2627 1123
2627 1124
2627 1125
2627 1126
2627 1127
2627 1128
2627 1129
2627 1130
2627 1131
2627 1132
2627 1133
2627 1134
2627 1135
2627 1136
2627 1137
2627 1138
2627 1139
2627 1140
2627 1141
2627 1142
2627 1143
2627 1144
2627 1145
2627 1146
2627 1147
2627 1148
2627 1149
2627 1150
2627 1151
2627 1152
2627 1153
2627 1154
2627 1155
2627 1156
2627 1157
2627 1158
2627 1159
2627 1160
2627 1161
2627 1162
2627 1163
2627 1164
2627 1165
2627 1166
2627 1167
2627 1168
2627 1169
2627 1170
2627 1171
2627 1172
2627 1173
2627 1174
2627 1175
2627 1176
2627 1177
2627 1178
2627 1179
2627 1180
2627 1181
2627 1182
2627 1183
2627 1184
2627 1185
2627 1186
2627 1187
2627 1188
2627 1189
2627 1190
2627 1191
2627 1192
2627 1193
2627 1194
2627 1195
2627 1196
2627 1197
2627 1198
2627 1199
2627 1200
2627 1201
2627 1202
2627 1203
2627 1204
2627 1205
2627 1206
2627 1207
2627 1208
2627 1209
2627 1210
2627 1211
2627 1212
2627 1213
2627 1214
2627 1215
2627 1216
2627 1217
2627 1218
2627 1219
2627 1220
2627 1221
2627 1222
2627 1223
2627 1224
2627 1225
2627 1226
2627 1227
2627 1228
2627 1229
2627 1230
2627 1231
2627 1232
2627 1233
2627 1234
2627 1235
2627 1236
2627 1237
2627 1238
2627 1239
2627 1240
2627 1241
2627 1242
2627 1243
2627 1244
2627 1245
2627 1246
2627 1247
2627 1248
2627 1249
2627 1250
2627 1251
2627 1252
2627 1253
2627 1254
2627 1255
2627 1256
2627 1257
2627 1258
2627 1259
2627 1260
2627 1261
2627 1262
2627 1263
2627 1264
2627 1265
2627 1266
2627 1267
2627 1268
2627 1269
2627 1270
2627 1271
2627 1272
2627 1273
2627 1274
2627 1275
2627 1276
2627 1277
2627 1278
2627 1279
2627 1280
2627 1281
2627 1282
2627 1283
2627 1284
2627 1285
2627 1286
2627 1287
2627 1288
2627 1289
2627 1290
2627 1291
2627 1292
2627 1293
2627 1294
2627 1295
2627 1296
2627 1297
2627 1298
2627 1299
2627 1300
2627 1301
2627 1302
2627 1303
2627 1304
2627 1305
2627 1306
2627 1307
2627 1308
2627 1309
2627 1310
2627 1311
2627 1312
2627 1313
2627 1314
2627 1315
2627 1316
2627 1317
2627 1318
2627 1319
2627 1320
2627 1321
2627 1322
2627 1323
2627 1324
2627 1325
2627 1326
2627 1327
2627 1328
2627 1329
2627 1330
2627 1331
2627 1332
2627 1333
2627 1334
2627 1335
2627 1336
2627 1337
2627 1338
2627 1339
2627 1340
2627 1341
2627 1342
2627 1343
2627 1344
2627 1345
2627 1346
2627 1347
2627 1348
2627 1349
2627 1350
2627 1351
2627 1352
2627 1353
2627 1354
2627 1355
2627 1356
2627 1357
2627 1358
2627 1359
2627 1360
2627 1361
2627 1362
2627 1363
2627 1364
2627 1365
2627 1366
2627 1367
2627 1368
2627 1369
2627 1370
2627 1371
2627 1372
2627 1373
2627 1374
2627 1375
2627 1376
2627 1377
2627 1378
2627 1379
2627 1380
2627 1381
2627 1382
2627 1383
2627 1384
2627 1385
2627 1386
2627 1387
2627 1388
2627 1389
2627 1390
2627 1391
2627 1392
2627 1393
2627 1394
2627 1395
2627 1396
2627 1397
2627 1398
2627 1399
2627 1400
2627 1401
2627 1402
2627 1403
2627 1404
2627 1405
2627 1406
2627 1407
2627 1408
2627 1409
2627 1410
2627 1411
2627 1412
2627 1413
2627 1414
2627 1415
2627 1416
2627 1417
2627 1418
2627 1419
2627 1420
2627 1421
2627 1422
2627 1423
2627 1424
2627 1425
2627 1426
2627 1427
2627 1428
2627 1429
2627 1430
2627 1431
2627 1432
2627 1433
2627 1434
2627 1435
2627 1436
2627 1437
2627 1438
2627 1439
2627 1440
2627 1441
2627 1442
2627 1443
2627 1444
2627 1445
2627 1446
2627 1447
2627 1448
2627 1449
2627 1450
2627 1451
2627 1452
2627 1453
2627 1454
2627 1455
2627 1456
2627 1457
2627 1458
2627 1459
2627 1460
2627 1461
2627 1462
2627 1463
2627 1464
2627 1465
2627 1466
2627 1467
2627 1468
2627 1469
2627 1470
2627 1471
2627 1472
2627 1473
2627 1474
2627 1475
2627 1476
2627 1477
2627 1478
2627 1479
2627 1480
2627 1481
2627 1482
2627 1483
2627 1484
2627 1485
2627 1486
2627 1487
2627 1488
2627 1489
2627 1490
2627 1491
2627 1492
2627 1493
2627 1494
2627 1495
2627 1496
2627 1497
2627 1498
2627 1499
2627 1500
2627 1501
2627 1502
2627 1503
2627 1504
2627 1505
2627 1506
2627 1507
2627 1508
2627 1509
2627 1510
2627 1511
2627 1512
2627 1513
2627 1514
2627 1515
2627 1516
2627 1517
2627 1518
2627 1519
2627 1520
2627 1521
2627 1522
2627 1523
2627 1524
2627 1525
2627 1526
2627 1527
2627 1528
2627 1529
2627 1530
2627 1531
2627 1532
2627 1533
2627 1534
2627 1535
2627 1536
2627 1537
2627 1538
2627 1539
2627 1540
2627 1541
2627 1542
2627 1543
2627 1544
2627 1545
2627 1546
2627 1547
2627 1548
2627 1549
2627 1550
2627 1551
2627 1552
2627 1553
2627 1554
2627 1555
2627 1556
2627 1557
2627 1558
2627 1559
2627 1560
2627 1561
2627 1562
2627 1563
2627 1564
2627 1565
2627 1566
2627 1567
2627 1568
2627 1569
2627 1570
2627 1571
2627 1572
2627 1573
2627 1574
2627 1575
2627 1576
2627 1577
2627 1578
2627 1579
2627 1580
2627 1581
2627 1582
2627 1583
2627 1584
2627 1585
2627 1586
2627 1587
2627 1588
2627 1589
2627 1590
2627 1591
2627 1592
2627 1593
2627 1594
2627 1595
2627 1596
2627 1597
2627 1598
2627 1599
2627 1600
2627 1601
2627 1602
2627 1603
2627 1604
2627 1605
2627 1606
2627 1607
2627 1608
2627 1609
2627 1610
2627 1611
2627 1612
2627 1613
2627 1614
2627 1615
2627 1616
2627 1617
2627 1618
2627 1619
2627 1620
2627 1621
2627 1622
2627 1623
2627 1624
2627 1625
2627 1626
2627 1627
2627 1628
2627 1629
2627 1630
2627 1631
2627 1632
2627 1633
2627 1634
2627 1635
2627 1636
2627 1637
2627 1638
2627 1639
2627 1640
2627 1641
2627 1642
2627 1643
2627 1644
2627 1645
2627 1646
2627 1647
2627 1648
2627 1649
2627 1650
2627 1651
2627 1652
2627 1653
2627 1654
2627 1655
2627 1656
2627 1657
2627 1658
2627 1659
2627 1660
2627 1661
2627 1662
2627 1663
2627 1664
2627 1665
2627 1666
2627 1667
2627 1668
2627 1669
2627 1670
2627 1671
2627 1672
2627 1673
2627 1674
2627 1675
2627 1676
2627 1677
2627 1678
2627 1679
2627 1680
2627 1681
2627 1682
2627 1683
2627 1684
2627 1685
2627 1686
2627 1687
2627 1688
2627 1689
2627 1690
2627 1691
2627 1692
2627 1693
2627 1694
2627 1695
2627 1696
2627 1697
2627 1698
2627 1699
2627 1700
2627 1701
2627 1702
2627 1703
2627 1704
2627 1705
2627 1706
2627 1707
2627 1708
2627 1709
2627 1710
2627 1711
2627 1712
2627 1713
2627 1714
2627 1715
2627 1716
2627 1717
2627 1718
2627 1719
2627 1720
2627 1721
2627 1722
2627 1723
2627 1724
2627 1725
2627 1726
2627 1727
2627 1728
2627 1729
2627 1730
2627 1731
2627 1732
2627 1733
2627 1734
2627 1735
2627 1736
2627 1737
2627 1738
2627 1739
2627 1740
2627 1741
2627 1742
2627 1743
2627 1744
2627 1745
2627 1746
2627 1747
2627 1748
2627 1749
2627 1750
2627 1751
2627 1752
2627 1753
2627 1754
2627 1755
2627 1756
2627 1757
2627 1758
2627 1759
2627 1760
2627 1761
2627 1762
2627 1763
2627 1764
2627 1765
2627 1766
2627 1767
2627 1768
2627 1769
2627 1770
2627 1771
2627 1772
2627 1773
2627 1774
2627 1775
2627 1776
2627 1777
2627 1778
2627 1779
2627 1780
2627 1781
2627 1782
2627 1783
2627 1784
2627 1785
2627 1786
2627 1787
2627 1788
2627 1789
2627 1790
2627 1791
2627 1792
2627 1793
2627 1794
2627 1795
2627 1796
2627 1797
2627 1798
2627 1799
2627 1800
2627 1801
2627 1802
2627 1803
2627 1804
2627 1805
2627 1806
2627 1807
2627 1808
2627 1809
2627 1810
2627 1811
2627 1812
2627 1813
2627 1814
2627 1815
2627 1816
2627 1817
2627 1818
2627 1819
2627 1820
2627 1821
2627 1822
2627 1823
2627 1824
2627 1825
2627 1826
2627 1827
2627 1828
2627 1829
2627 1830
2627 1831
2627 1832
2627 1833
2627 1834
2627 1835
2627 1836
2627 1837
2627 1838
2627 1839
2627 1840
2627 1841
2627 1842
2627 1843
2627 1844
2627 1845
2627 1846
2627 1847
2627 1848
2627 1849
2627 1850
2627 1851
2627 1852
2627 1853
2627 1854
2627 1855
2627 1856
2627 1857
2627 1858
2627 1859
2627 1860
2627 1861
2627 1862
2627 1863
2627 1864
2627 1865
2627 1866
2627 1867
2627 1868
2627 1869
2627 1870
2627 1871
2627 1872
2627 1873
2627 1874
2627 1875
2627 1876
2627 1877
2627 1878
2627 1879
2627 1880
2627 1881
2627 1882
2627 1883
2627 1884
2627 1885
2627 1886
2627 1887
2627 1888
2627 1889
2627 1890
2627 1891
2627 1892
2627 1893
2627 1894
2627 1895
2627 1896
2627 1897
2627 1898
2627 1899
2627 1900
2627 1901
2627 1902
2627 1903
2627 1904
2627 1905
2627 1906
2627 1907
2627 1908
2627 1909
2627 1910
2627 1911
2627 1912
2627 1913
2627 1914
2627 1915
2627 1916
2627 1917
2627 1918
2627 1919
2627 1920
2627 1921
2627 1922
2627 1923
2627 1924
2627 1925
2627 1926
2627 1927
2627 1928
2627 1929
2627 1930
2627 1931
2627 1932
2627 1933
2627 1934
2627 1935
2627 1936
2627 1937
2627 1938
2627 1939
2627 1940
2627 1941
2627 1942
2627 1943
2627 1944
2627 1945
2627 1946
2627 1947
2627 1948
2627 1949
2627 1950
2627 1951
2627 1952
2627 1953
2627 1954
2627 1955
2627 1956
2627 1957
2627 1958
2627 1959
2627 1960
2627 1961
2627 1962
2627 1963
2627 1964
2627 1965
2627 1966
2627 1967
2627 1968
2627 1969
2627 1970
2627 1971
2627 1972
2627 1973
2627 1974
2627 1975
2627 1976
2627 1977
2627 1978
2627 1979
2627 1980
2627 1981
2627 1982
2627 1983
2627 1984
2627 1985
2627 1986
2627 1987
2627 1988
2627 1989
2627 1990
2627 1991
2627 1992
2627 1993
2627 1994
2627 1995
2627 1996
2627 1997
2627 1998
2627 1999
2627 2000
2627 2001
2627 2002
2627 2003
2627 2004
2627 2005
2627 2006
2627 2007
2627 2008
2627 2009
2627 2010
2627 2011
2627 2012
2627 2013
2627 2014
2627 2015
2627 2016
2627 2017
2627 2018
2627 2019
2627 2020
2627 2021
2627 2022
2627 2023
2627 2024
2627 2025
2627 2026
2627 2027
2627 2028
2627 2029
2627 2030
2627 2031
2627 2032
2627 2033
2627 2034
2627 2035
2627 2036
2627 2037
2627 2038
2627 2039
2627 2040
2627 2041
2627 2042
2627 2043
2627 2044
2627 2045
2627 2046
2627 2047
2627 2048
2627 2049
2627 2050
2627 2051
2627 2052
2627 2053
2627 2054
2627 2055
2627 2056
2627 2057
2627 2058
2627 2059
2627 2060
2627 2061
2627 2062
2627 2063
2627 2064
2627 2065
2627 2066
2627 2067
2627 2068
2627 2069
2627 2070
2627 2071
2627 2072
2627 2073
2627 2074
2627 2075
2627 2076
2627 2077
2627 2078
2627 2079
2627 2080
2627 2081
2627 2082
2627 2083
2627 2084
2627 2085
2627 2086
2627 2087
2627 2088
2627 2089
2627 2090
2627 2091
2627 2092
2627 2093
2627 2094
2627 2095
2627 2096
2627 2097
2627 2098
2627 2099
2627 2100
2627 2101
2627 2102
2627 2103
2627 2104
2627 2105
2627 2106
2627 2107
2627 2108
2627 2109
2627 2110
2627 2111
2627 2112
2627 2113
2627 2114
2627 2115
2627 2116
2627 2117
2627 2118
2627 2119
2627 2120
2627 2121
2627 2122
2627 2123
2627 2124
2627 2125
2627 2126
2627 2127
2627 2128
2627 2129
2627 2130
2627 2131
2627 2132
2627 2133
2627 2134
2627 2135
2627 2136
2627 2137
2627 2138
2627 2139
2627 2140
2627 2141
2627 2142
2627 2143
2627 2144
2627 2145
2627 2146
2627 2147
2627 2148
2627 2149
2627 2150
2627 2151
2627 2152
2627 2153
2627 2154
2627 2155
2627 2156
2627 2157
2627 2158
2627 2159
2627 2160
2627 2161
2627 2162
2627 2163
2627 2164
2627 2165
2627 2166
2627 2167
2627 2168
2627 2169
2627 2170
2627 2171
2627 2172
2627 2173
2627 2174
2627 2175
2627 2176
2627 2177
2627 2178
2627 2179
2627 2180
2627 2181
2627 2182
2627 2183
2627 2184
2627 2185
2627 2186
2627 2187
2627 2188
2627 2189
2627 2190
2627 2191
2627 2192
2627 2193
2627 2194
2627 2195
2627 2196
2627 2197
2627 2198
2627 2199
2627 2200
2627 2201
2627 2202
2627 2203
2627 2204
2627 2205
2627 2206
2627 2207
2627 2208
2627 2209
2627 2210
2627 2211
2627 2212
2627 2213
2627 2214
2627 2215
2627 2216
2627 2217
2627 2218
2627 2219
2627 2220
2627 2221
2627 2222
2627 2223
2627 2224
2627 2225
2627 2226
2627 2227
2627 2228
2627 2229
2627 2230
2627 2231
2627 2232
2627 2233
2627 2234
2627 2235
2627 2236
2627 2237
2627 2238
2627 2239
2627 2240
2627 2241
2627 2242
2627 2243
2627 2244
2627 2245
2627 2246
2627 2247
2627 2248
2627 2249
2627 2250
2627 2251
2627 2252
2627 2253
2627 2254
2627 2255
2627 2256
2627 2257
2627 2258
2627 2259
2627 2260
2627 2261
2627 2262
2627 2263
2627 2264
2627 2265
2627 2266
2627 2267
2627 2268
2627 2269
2627 2270
2627 2271
2627 2272
2627 2273
2627 2274
2627 2275
2627 2276
2627 2277
2627 2278
2627 2279
2627 2280
2627 2281
2627 2282
2627 2283
2627 2284
2627 2285
2627 2286
2627 2287
2627 2288
2627 2289
2627 2290
2627 2291
2627 2292
2627 2293
2627 2294
2627 2295
2627 2296
2627 2297
2627 2298
2627 2299
2627 2300
2627 2301
2627 2302
2627 2303
2627 2304
2627 2305
2627 2306
2627 2307
2627 2308
2627 2309
2627 2310
2627 2311
2627 2312
2627 2313
2627 2314
2627 2315
2627 2316
2627 2317
2627 2318
2627 2319
2627 2320
2627 2321
2627 2322
2627 2323
2627 2324
2627 2325
2627 2326
2627 2327
2627 2328
2627 2329
2627 2330
2627 2331
2627 2332
2627 2333
2627 2334
2627 2335
2627 2336
2627 2337
2627 2338
2627 2339
2627 2340
2627 2341
2627 2342
2627 2343
2627 2344
2627 2345
2627 2346
2627 2347
2627 2348
2627 2349
2627 2350
2627 2351
2627 2352
2627 2353
2627 2354
2627 2355
2627 2356
2627 2357
2627 2358
2627 2359
2627 2360
2627 2361
2627 2362
2627 2363
2627 2364
2627 2365
2627 2366
2627 2367
2627 2368
2627 2369
2627 2370
2627 2371
2627 2372
2627 2373
2627 2374
2627 2375
2627 2376
2627 2377
2627 2378
2627 2379
2627 2380
2627 2381
2627 2382
2627 2383
2627 2384
2627 2385
2627 2386
2627 2387
2627 2388
2627 2389
2627 2390
2627 2391
2627 2392
2627 2393
2627 2394
2627 2395
2627 2396
2627 2397
2627 2398
2627 2399
2627 2400
2627 2401
2627 2402
2627 2403
2627 2404
2627 2405
2627 2406
2627 2407
2627 2408
2627 2409
2627 2410
2627 2411
2627 2412
2627 2413
2627 2414
2627 2415
2627 2416
2627 2417
2627 2418
2627 2419
2627 2420
2627 2421
2627 2422
2627 2423
2627 2424
2627 2425
2627 2426
2627 2427
2627 2428
2627 2429
2627 2430
2627 2431
2627 2432
2627 2433
2627 2434
2627 2435
2627 2436
2627 2437
2627 2438
2627 2439
2627 2440
2627 2441
2627 2442
2627 2443
2627 2444
2627 2445
2627 2446
2627 2447
2627 2448
2627 2449
2627 2450
2627 2451
2627 2452
2627 2453
2627 2454
2627 2455
2627 2456
2627 2457
2627 2458
2627 2459
2627 2460
2627 2461
2627 2462
2627 2463
2627 2464
2627 2465
2627 2466
2627 2467
2627 2468
2627 2469
2627 2470
2627 2471
2627 2472
2627 2473
2627 2474
2627 2475
2627 2476
2627 2477
2627 2478
2627 2479
2627 2480
2627 2481
2627 2482
2627 2483
2627 2484
2627 2485
2627 2486
2627 2487
2627 2488
2627 2489
2627 2490
2627 2491
2627 2492
2627 2493
2627 2494
2627 2495
2627 2496
2627 2497
2627 2498
2627 2499
2627 2500
2627 2501
2627 2502
2627 2503
2627 2504
2627 2505
2627 2506
2627 2507
2627 2508
2627 2509
2627 2510
2627 2511
2627 2512
2627 2513
2627 2514
2627 2515
2627 2516
2627 2517
2627 2518
2627 2519
2627 2520
2627 2521
2627 2522
2627 2523
2627 2524
2627 2525
2627 2526
2627 2527
2627 2528
2627 2529
2627 2530
2627 2531
2627 2532
2627 2533
2627 2534
2627 2535
2627 2536
2627 2537
2627 2538
2627 2539
2627 2540
2627 2541
2627 2542
2627 2543
2627 2544
2627 2545
2627 2546
2627 2547
2627 2548
2627 2549
2627 2550
2627 2551
2627 2552
2627 2553
2627 2554
2627 2555
2627 2556
2627 2557
2627 2558
2627 2559
2627 2560
2627 2561
2627 2562
2627 2563
2627 2564
2627 2565
2627 2566
2627 2567
2627 2568
2627 2569
2627 2570
2627 2571
2627 2572
2627 2573
2627 2574
2627 2575
2627 2576
2627 2577
2627 2578
2627 2579
2627 2580
2627 2581
2627 2582
2627 2583
2627 2584
2627 2585
2627 2586
2627 2587
2627 2588
2627 2589
2627 2590
2627 2591
2627 2592
2627 2593
2627 2594
2627 2595
2627 2596
2627 2597
2627 2598
2627 2599
2627 2600
2627 2601
2627 2602
2627 2603
2627 2604
2627 2605
2627 2606
2627 2607
2627 2608
2627 2609
2627 2610
2627 2611
2627 2612
2627 2613
2627 2614
2627 2615
2627 2616
2627 2617
2627 2618
2627 2619
2627 2620
2627 2621
2627 2622
2627 2623
2627 2624
2627 2625
2627 2626
2627 2628
2627 2629
2627 2630
2627 2631
2627 2632
2627 2633
2627 2634
2627 2635
2627 2636
2627 2637
2627 2638
2627 2639
2627 2640
2627 2641
2627 2642
2627 2643
2627 2644
2627 2645
2627 2646
2627 2647
2627 2648
2627 2649
2627 2650
2627 2651
2627 2652
2627 2653
2627 2654
2627 2655
2627 2656
2627 2657
2627 2658
2627 2659
2627 2660
2627 2661
2627 2662
2627 2663
2627 2664
2627 2665
2627 2666
2627 2667
2627 2668
2627 2669
2627 2670
2627 2671
2627 2672
2627 2673
2627 2674
2627 2675
2627 2676
2627 2677
2627 2678
2627 2679
2627 2680
2627 2681
2627 2682
2627 2683
2627 2684
2627 2685
2627 2686
2627 2687
2627 2688
2627 2689
2627 2690
2627 2691
2627 2692
2627 2693
2627 2694
2627 2695
2627 2696
2627 2697
2627 2698
2627 2699
2627 2700
2627 2701
2627 2702
2627 2703
2627 2704
2627 2705
2627 2706
2627 2707
2627 2708
2627 2709
2627 2710
2627 2711
2627 2712
2627 2713
2627 2714
2627 2715
2627 2716
2627 2717
2627 2718
2627 2719
2627 2720
2627 2721
2627 2722
2627 2723
2627 2724
2627 2725
2627 2726
2627 2727
2627 2728
2627 2729
2627 2730
2627 2731
2627 2732
2627 2733
2627 2734
2627 2735
2627 2736
2627 2737
2627 2738
2627 2739
2627 2740
2627 2741
2627 2742
2627 2743
2627 2744
2627 2745
2627 2746
2627 2747
2627 2748
2627 2749
2627 2750
2627 2751
2627 2752
2627 2753
2627 2754
2627 2755
2627 2756
2627 2757
2627 2758
2627 2759
2627 2760
2627 2761
2627 2762
2627 2763
2627 2764
2627 2765
2627 2766
2627 2767
2627 2768
2627 2769
2627 2770
2627 2771
2627 2772
2627 2773
2627 2774
2627 2775
2627 2776
2627 2777
2627 2778
2627 2779
2627 2780
2627 2781
2627 2782
2627 2783
2627 2784
2627 2785
2627 2786
2627 2787
2627 2788
2627 2789
2627 2790
2627 2791
2627 2792
2627 2793
2627 2794
2627 2795
2627 2796
2627 2797
2627 2798
2627 2799
2627 2800
2627 2801
2627 2802
2627 2803
2627 2804
2627 2805
2627 2806
2627 2807
2627 2808
2627 2809
2627 2810
2627 2811
2627 2812
2627 2813
2627 2814
2627 2815
2627 2816
2627 2817
2627 2818
2627 2819
2627 2820
2627 2821
2627 2822
2627 2823
2627 2824
2627 2825
2627 2826
2627 2827
2627 2828
2627 2829
2627 2830
2627 2831
2627 2832
2627 2833
2627 2834
2627 2835
2627 2836
2627 2837
2627 2838
2627 2839
2627 2840
2627 2841
2627 2842
2627 2843
2627 2844
2627 2845
2627 2846
2627 2847
2627 2848
2627 2849
2627 2850
2627 2851
2627 2852
2627 2853
2627 2854
2627 2855
2627 2856
2627 2857
2627 2858
2627 2859
2627 2860
2627 2861
2627 2862
2627 2863
2627 2864
2627 2865
2627 2866
2627 2867
2627 2868
2627 2869
2627 2870
2627 2871
2627 2872
2627 2873
2627 2874
2627 2875
2627 2876
2627 2877
2627 2878
2627 2879
2627 2880
2627 2881
2627 2882
2627 2883
2627 2884
2627 2885
2627 2886
2627 2887
2627 2888
2627 2889
2627 2890
2627 2891
2627 2892
2627 2893
2627 2894
2627 2895
2627 2896
2627 2897
2627 2898
2627 2899
2627 2900
2627 2901
2627 2902
2627 2903
2627 2904
2627 2905
2627 2906
2627 2907
2627 2908
2627 2909
2627 2910
2627 2911
2627 2912
2627 2913
2627 2914
2627 2915
2627 2916
2627 2917
2627 2918
2627 2919
2627 2920
2627 2921
2627 2922
2627 2923
2627 2924
2627 2925
2627 2926
2627 2927
2627 2928
2627 2929
2627 2930
2627 2931
2627 2932
2627 2933
2627 2934
2627 2935
2627 2936
2627 2937
2627 2938
2627 2939
2627 2940
2627 2941
2627 2942
2627 2943
2627 2944
2627 2945
2627 2946
2627 2947
2627 2948
2627 2949
2627 2950
2627 2951
2627 2952
2627 2953
2627 2954
2627 2955
2627 2956
2627 2957
2627 2958
2627 2959
2627 2960
2627 2961
2627 2962
2627 2963
2627 2964
2627 2965
2627 2966
2627 2967
2627 2968
2627 2969
2627 2970
2627 2971
2627 2972
2627 2973
2627 2974
2627 2975
2627 2976
2627 2977
2627 2978
2627 2979
2627 2980
2627 2981
2627 2982
2627 2983
2627 2984
2627 2985
2627 2986
2627 2987
2627 2988
2627 2989
2627 2990
2627 2991
2627 2992
2627 2993
2627 2994
2627 2995
2627 2996
2627 2997
2627 2998
2627 2999
2627 3000
2627 3001
2627 3002
2627 3003
2627 3004
2627 3005
2627 3006
2627 3007
2627 3008
2627 3009
2627 3010
2627 3011
2627 3012
2627 3013
2627 3014
2627 3015
2627 3016
2627 3017
2627 3018
2627 3019
2627 3020
2627 3021
2627 3022
2627 3023
2627 3024
2627 3025
2627 3026
2627 3027
2627 3028
2627 3029
2627 3030
2627 3031
2627 3032
2627 3033
2627 3034
2627 3035
2627 3036
2627 3037
2627 3038
2627 3039
2627 3040
2627 3041
2627 3042
2627 3043
2627 3044
2627 3045
2627 3046
2627 3047
2627 3048
2627 3049
2627 3050
2627 3051
2627 3052
2627 3053
2627 3054
2627 3055
2627 3056
2627 3057
2627 3058
2627 3059
2627 3060
2627 3061
2627 3062
2627 3063
2627 3064
2627 3065
2627 3066
2627 3067
2627 3068
2627 3069
2627 3070
2627 3071
2627 3072
2627 3073
2627 3074
2627 3075
2627 3076
2627 3077
2627 3078
2627 3079
2627 3080
2627 3081
2627 3082
2627 3083
2627 3084
2627 3085
2627 3086
2627 3087
2627 3088
2627 3089
2627 3090
2627 3091
2627 3092
2627 3093
2627 3094
2627 3095
2627 3096
2627 3097
2627 3098
2627 3099
2627 3100
2627 3101
2627 3102
2627 3103
2627 3104
2627 3105
2627 3106
2627 3107
2627 3108
2627 3109
2627 3110
2627 3111
2627 3112
2627 3113
2627 3114
2627 3115
2627 3116
2627 3117
2627 3118
2627 3119
2627 3120
2627 3121
2627 3122
2627 3123
2627 3124
2627 3125
2627 3126
2627 3127
2627 3128
2627 3129
2627 3130
2627 3131
2627 3132
2627 3133
2627 3134
2627 3135
2627 3136
2627 3137
2627 3138
2627 3139
2627 3140
2627 3141
2627 3142
2627 3143
2627 3144
2627 3145
2627 3146
2627 3147
2627 3148
2627 3149
2627 3150
2627 3151
2627 3152
2627 3153
2627 3154
2627 3155
2627 3156
2627 3157
2627 3158
2627 3159
2627 3160
2627 3161
2627 3162
2627 3163
2627 3164
2627 3165
2627 3166
2627 3167
2627 3168
2627 3169
2627 3170
2627 3171
2627 3172
2627 3173
2627 3174
2627 3175
2627 3176
2627 3177
2627 3178
2627 3179
2627 3180
2627 3181
2627 3182
2627 3183
2627 3184
2627 3185
2627 3186
2627 3187
2627 3188
2627 3189
2627 3190
2627 3191
2627 3192
2627 3193
2627 3194
2627 3195
2627 3196
2627 3197
2627 3198
2627 3199
2627 3200
2627 3201
2627 3202
2627 3203
2627 3204
2627 3205
2627 3206
2627 3207
2627 3208
2627 3209
2627 3210
2627 3211
2627 3212
2627 3213
2627 3214
2627 3215
2627 3216
2627 3217
2627 3218
2627 3219
2627 3220
2627 3221
2627 3222
2627 3223
2627 3224
2627 3225
2627 3226
2627 3227
2627 3228
2627 3229
2627 3230
2627 3231
2627 3232
2627 3233
2627 3234
2627 3235
2627 3236
2627 3237
2627 3238
2627 3239
2627 3240
2627 3241
2627 3242
2627 3243
2627 3244
2627 3245
2627 3246
2627 3247
2627 3248
2627 3249
2627 3250
2627 3251
2627 3252
2627 3253
2627 3254
2627 3255
2627 3256
2627 3257
2627 3258
2627 3259
2627 3260
2627 3261
2627 3262
2627 3263
2627 3264
2627 3265
2627 3266
2627 3267
2627 3268
2627 3269
2627 3270
2627 3271
2627 3272
2627 3273
2627 3274
2627 3275
2627 3276
2627 3277
2627 3278
2627 3279
2627 3280
2627 3281
2627 3282
2627 3283
2627 3284
2627 3285
2627 3286
2627 3287
2627 3288
2627 3289
2627 3290
2627 3291
2627 3292
2627 3293
2627 3294
2627 3295
2627 3296
2627 3297
2627 3298
2627 3299
2627 3300
2627 3301
2627 3302
2627 3303
2627 3304
2627 3305
2627 3306
2627 3307
2627 3308
2627 3309
2627 3310
2627 3311
2627 3312
2627 3313
2627 3314
2627 3315
2627 3316
2627 3317
2627 3318
2627 3319
2627 3320
2627 3321
2627 3322
2627 3323
2627 3324
2627 3325
2627 3326
2627 3327
2627 3328
2627 3329
2627 3330
2627 3331
2627 3332
2627 3333
2627 3334
2627 3335
2627 3336
2627 3337
2627 3338
2627 3339
2627 3340
2627 3341
2627 3342
2627 3343
2627 3344
2627 3345
2627 3346
2627 3347
2627 3348
2627 3349
2627 3350
2627 3351
2627 3352
2627 3353
2627 3354
2627 3355
2627 3356
2627 3357
2627 3358
2627 3359
2627 3360
2627 3361
2627 3362
2627 3363
2627 3364
2627 3365
2627 3366
2627 3367
2627 3368
2627 3369
2627 3370
2627 3371
2627 3372
2627 3373
2627 3374
2627 3375
2627 3376
2627 3377
2627 3378
2627 3379
2627 3380
2627 3381
2627 3382
2627 3383
2627 3384
2627 3385
2627 3386
2627 3387
2627 3388
2627 3389
2627 3390
2627 3391
2627 3392
2627 3393
2627 3394
2627 3395
2627 3396
2627 3397
2627 3398
2627 3399
2627 3400
2627 3401
2627 3402
2627 3403
2627 3404
2627 3405
2627 3406
2627 3407
2627 3408
2627 3409
2627 3410
2627 3411
2627 3412
2627 3413
2627 3414
2627 3415
2627 3416
2627 3417
2627 3418
2627 3419
2627 3420
2627 3421
2627 3422
2627 3423
2627 3424
2627 3425
2627 3426
2627 3427
2627 3428
2627 3429
2627 3430
2627 3431
2627 3432
2627 3433
2627 3434
2627 3435
2627 3436
2627 3437
2627 3438
2627 3439
2627 3440
2627 3441
2627 3442
2627 3443
2627 3444
2627 3445
2627 3446
2627 3447
2627 3448
2627 3449
2627 3450
2627 3451
2627 3452
2627 3453
2627 3454
2627 3455
2627 3456
2627 3457
2627 3458
2627 3459
2627 3460
2627 3461
2627 3462
2627 3463
2627 3464
2627 3465
2627 3466
2627 3467
2627 3468
2627 3469
2627 3470
2627 3471
2627 3472
2627 3473
2627 3474
2627 3475
2627 3476
2627 3477
2627 3478
2627 3479
2627 3480
2627 3481
2627 3482
2627 3483
2627 3484
2627 3485
2627 3486
2627 3487
2627 3488
2627 3489
2627 3490
2627 3491
2627 3492
2627 3493
2627 3494
2627 3495
2627 3496
2627 3497
2627 3498
2627 3499
2627 3500
2627 3501
2627 3502
2627 3503
2627 3504
2627 3505
2627 3506
2627 3507
2627 3508
2627 3509
2627 3510
2627 3511
2627 3512
2627 3513
2627 3514
2627 3515
2627 3516
2627 3517
2627 3518
2627 3519
2627 3520
2627 3521
2627 3522
2627 3523
2627 3524
2627 3525
2627 3526
2627 3527
2627 3528
2627 3529
2627 3530
2627 3531
2627 3532
2627 3533
2627 3534
2627 3535
2627 3536
2627 3537
2627 3538
2627 3539
2627 3540
2627 3541
2627 3542
2627 3543
2627 3544
2627 3545
2627 3546
2627 3547
2627 3548
2627 3549
2627 3550
2627 3551
2627 3552
2627 3553
2627 3554
2627 3555
2627 3556
2627 3557
2627 3558
2627 3559
2627 3560
2627 3561
2627 3562
2627 3563
2627 3564
2627 3565
2627 3566
2627 3567
2627 3568
2627 3569
2627 3570
2627 3571
2627 3572
2627 3573
2627 3574
2627 3575
2627 3576
2627 3577
2627 3578
2627 3579
2627 3580
2627 3581
2627 3582
2627 3583
2627 3584
2627 3585
2627 3586
2627 3587
2627 3588
2627 3589
2627 3590
2627 3591
2627 3592
2627 3593
2627 3594
2627 3595
2627 3596
2627 3597
2627 3598
2627 3599
2627 3600
2627 3601
2627 3602
2627 3603
2627 3604
2627 3605
2627 3606
2627 3607
2627 3608
2627 3609
2627 3610
2627 3611
2627 3612
2627 3613
2627 3614
2627 3615
2627 3616
2627 3617
2627 3618
2627 3619
2627 3620
2627 3621
2627 3622
2627 3623
2627 3624
2627 3625
2627 3626
2627 3627
2627 3628
2627 3629
2627 3630
2627 3631
2627 3632
2627 3633
2627 3634
2627 3635
2627 3636
2627 3637
2627 3638
2627 3639
2627 3640
2627 3641
2627 3642
2627 3643
2627 3644
2627 3645
2627 3646
2627 3647
2627 3648
2627 3649
2627 3650
2627 3651
2627 3652
2627 3653
2627 3654
2627 3655
2627 3656
2627 3657
2627 3658
2627 3659
2627 3660
2627 3661
2627 3662
2627 3663
2627 3664
2627 3665
2627 3666
2627 3667
2627 3668
2627 3669
2627 3670
2627 3671
2627 3672
2627 3673
2627 3674
2627 3675
2627 3676
2627 3677
2627 3678
2627 3679
2627 3680
2627 3681
2627 3682
2627 3683
2627 3684
2627 3685
2627 3686
2627 3687
2627 3688
2627 3689
2627 3690
2627 3691
2627 3692
2627 3693
2627 3694
2627 3695
2627 3696
2627 3697
2627 3698
2627 3699
2627 3700
2627 3701
2627 3702
2627 3703
2627 3704
2627 3705
2627 3706
2627 3707
2627 3708
2627 3709
2627 3710
2627 3711
2627 3712
2627 3713
2627 3714
2627 3715
2627 3716
2627 3717
2627 3718
2627 3719
2627 3720
2627 3721
2627 3722
2627 3723
2627 3724
2627 3725
2627 3726
2627 3727
2627 3728
2627 3729
2627 3730
2627 3731
2627 3732
2627 3733
2627 3734
2627 3735
2627 3736
2627 3737
2627 3738
2627 3739
2627 3740
2627 3741
2627 3742
2627 3743
2627 3744
2627 3745
2627 3746
2627 3747
2627 3748
2627 3749
2627 3750
2627 3751
2627 3752
2627 3753
2627 3754
2627 3755
2627 3756
2627 3757
2627 3758
2627 3759
2627 3760
2627 3761
2627 3762
2627 3763
2627 3764
2627 3765
2627 3766
2627 3767
2627 3768
2627 3769
2627 3770
2627 3771
2627 3772
2627 3773
2627 3774
2627 3775
2627 3776
2627 3777
2627 3778
2627 3779
2627 3780
2627 3781
2627 3782
2627 3783
2627 3784
2627 3785
2627 3786
2627 3787
2627 3788
2627 3789
2627 3790
2627 3791
2627 3792
2627 3793
2627 3794
2627 3795
2627 3796
2627 3797
2627 3798
2627 3799
2627 3800
2627 3801
2627 3802
2627 3803
2627 3804
2627 3805
2627 3806
2627 3807
2627 3808
2627 3809
2627 3810
2627 3811
2627 3812
2627 3813
2627 3814
2627 3815
2627 3816
2627 3817
2627 3818
2627 3819
2627 3820
2627 3821
2627 3822
2627 3823
2627 3824
2627 3825
2627 3826
2627 3827
2627 3828
2627 3829
2627 3830
2627 3831
2627 3832
2627 3833
2627 3834
2627 3835
2627 3836
2627 3837
2627 3838
2627 3839
2627 3840
2627 3841
2627 3842
2627 3843
2627 3844
2627 3845
2627 3846
2627 3847
2627 3848
2627 3849
2627 3850
2627 3851
2627 3852
2627 3853
2627 3854
2627 3855
2627 3856
2627 3857
2627 3858
2627 3859
2627 3860
2627 3861
2627 3862
2627 3863
2627 3864
2627 3865
2627 3866
2627 3867
2627 3868
2627 3869
2627 3870
2627 3871
2627 3872
2627 3873
2627 3874
2627 3875
2627 3876
2627 3877
2627 3878
2627 3879
2627 3880
2627 3881
2627 3882
2627 3883
2627 3884
2627 3885
2627 3886
2627 3887
2627 3888
2627 3889
2627 3890
2627 3891
2627 3892
2627 3893
2627 3894
2627 3895
2627 3896
2627 3897
2627 3898
2627 3899
2627 3900
2627 3901
2627 3902
2627 3903
2627 3904
2627 3905
2627 3906
2627 3907
2627 3908
2627 3909
2627 3910
2627 3911
2627 3912
2627 3913
2627 3914
2627 3915
2627 3916
2627 3917
2627 3918
2627 3919
2627 3920
2627 3921
2627 3922
2627 3923
2627 3924
2627 3925
2627 3926
2627 3927
2627 3928
2627 3929
2627 3930
2627 3931
2627 3932
2627 3933
2627 3934
2627 3935
2627 3936
2627 3937
2627 3938
2627 3939
2627 3940
2627 3941
2627 3942
2627 3943
2627 3944
2627 3945
2627 3946
2627 3947
2627 3948
2627 3949
2627 3950
2627 3951
2627 3952
2627 3953
2627 3954
2627 3955
2627 3956
2627 3957
2627 3958
2627 3959
2627 3960
2627 3961
2627 3962
2627 3963
2627 3964
2627 3965
2627 3966
2627 3967
2627 3968
2627 3969
2627 3970
2627 3971
2627 3972
2627 3973
2627 3974
2627 3975
2627 3976
2627 3977
2627 3978
2627 3979
2627 3980
2627 3981
2627 3982
2627 3983
2627 3984
2627 3985
2627 3986
2627 3987
2627 3988
2627 3989
2627 3990
2627 3991
2627 3992
2627 3993
2627 3994
2627 3995
2627 3996
2627 3997
2627 3998
2627 3999
2627 4000
2627 4001
2627 4002
2627 4003
2627 4004
2627 4005
2627 4006
2627 4007
2627 4008
2627 4009
2627 4010
2627 4011
2627 4012
2627 4013
2627 4014
2627 4015
2627 4016
2627 4017
2627 4018
2627 4019
2627 4020
2627 4021
2627 4022
2627 4023
2627 4024
2627 4025
2627 4026
2627 4027
2627 4028
2627 4029
2627 4030
2627 4031
2627 4032
2627 4033
2627 4034
2627 4035
2627 4036
2627 4037
2627 4038
2627 4039
2627 4040
2627 4041
2627 4042
2627 4043
2627 4044
2627 4045
2627 4046
2627 4047
2627 4048
2627 4049
2627 4050
2627 4051
2627 4052
2627 4053
2627 4054
2627 4055
2627 4056
2627 4057
2627 4058
2627 4059
2627 4060
2627 4061
2627 4062
2627 4063
2627 4064
2627 4065
2627 4066
2627 4067
2627 4068
2627 4069
2627 4070
2627 4071
2627 4072
2627 4073
2627 4074
2627 4075
2627 4076
2627 4077
2627 4078
2627 4079
2627 4080
2627 4081
2627 4082
2627 4083
2627 4084
2627 4085
2627 4086
2627 4087
2627 4088
2627 4089
2627 4090
2627 4091
2627 4092
2627 4093
2627 4094
2627 4095
2627 4096
2627 4097
2627 4098
2627 4099
2627 4100
2627 4101
2627 4102
2627 4103
2627 4104
2627 4105
2627 4106
2627 4107
2627 4108
2627 4109
2627 4110
2627 4111
2627 4112
2627 4113
2627 4114
2627 4115
2627 4116
2627 4117
2627 4118
2627 4119
2627 4120
2627 4121
2627 4122
2627 4123
2627 4124
2627 4125
2627 4126
2627 4127
2627 4128
2627 4129
2627 4130
2627 4131
2627 4132
2627 4133
2627 4134
2627 4135
2627 4136
2627 4137
2627 4138
2627 4139
2627 4140
2627 4141
2627 4142
2627 4143
2627 4144
2627 4145
2627 4146
2627 4147
2627 4148
2627 4149
2627 4150
2627 4151
2627 4152
2627 4153
2627 4154
2627 4155
2627 4156
2627 4157
2627 4158
2627 4159
2627 4160
2627 4161
2627 4162
2627 4163
2627 4164
2627 4165
2627 4166
2627 4167
2627 4168
2627 4169
2627 4170
2627 4171
2627 4172
2627 4173
2627 4174
2627 4175
2627 4176
2627 4177
2627 4178
2627 4179
2627 4180
2627 4181
2627 4182
2627 4183
2627 4184
2627 4185
2627 4186
2627 4187
2627 4188
2627 4189
2627 4190
2627 4191
2627 4192
2627 4193
2627 4194
2627 4195
2627 4196
2627 4197
2627 4198
2627 4199
2627 4200
2627 4201
2627 4202
2627 4203
2627 4204
2627 4205
2627 4206
2627 4207
2627 4208
2627 4209
2627 4210
2627 4211
2627 4212
2627 4213
2627 4214
2627 4215
2627 4216
2627 4217
2627 4218
2627 4219
2627 4220
2627 4221
2627 4222
2627 4223
2627 4224
2627 4225
2627 4226
2627 4227
2627 4228
2627 4229
2627 4230
2627 4231
2627 4232
2627 4233
2627 4234
2627 4235
2627 4236
2627 4237
2627 4238
2627 4239
2627 4240
2627 4241
2627 4242
2627 4243
2627 4244
2627 4245
2627 4246
2627 4247
2627 4248
2627 4249
2627 4250
2627 4251
2627 4252
2627 4253
2627 4254
2627 4255
2627 4256
2627 4257
2627 4258
2627 4259
2627 4260
2627 4261
2627 4262
2627 4263
2627 4264
2627 4265
2627 4266
2627 4267
2627 4268
2627 4269
2627 4270
2627 4271
2627 4272
2627 4273
2627 4274
2627 4275
2627 4276
2627 4277
2627 4278
2627 4279
2627 4280
2627 4281
2627 4282
2627 4283
2627 4284
2627 4285
2627 4286
2627 4287
2627 4288
2627 4289
2627 4290
2627 4291
2627 4292
2627 4293
2627 4294
2627 4295
2627 4296
2627 4297
2627 4298
2627 4299
2627 4300
2627 4301
2627 4302
2627 4303
2627 4304
2627 4305
2627 4306
2627 4307
2627 4308
2627 4309
2627 4310
2627 4311
2627 4312
2627 4313
2627 4314
2627 4315
2627 4316
2627 4317
2627 4318
2627 4319
2627 4320
2627 4321
2627 4322
2627 4323
2627 4324
2627 4325
2627 4326
2627 4327
2627 4328
2627 4329
2627 4330
2627 4331
2627 4332
2627 4333
2627 4334
2627 4335
2627 4336
2627 4337
2627 4338
2627 4339
2627 4340
2627 4341
2627 4342
2627 4343
2627 4344
2627 4345
2627 4346
2627 4347
2627 4348
2627 4349
2627 4350
2627 4351
2627 4352
2627 4353
2627 4354
2627 4355
2627 4356
2627 4357
2627 4358
2627 4359
2627 4360
2627 4361
2627 4362
2627 4363
2627 4364
2627 4365
2627 4366
2627 4367
2627 4368
2627 4369
2627 4370
2627 4371
2627 4372
2627 4373
2627 4374
2627 4375
2627 4376
2627 4377
2627 4378
2627 4379
2627 4380
2627 4381
2627 4382
2627 4383
2627 4384
2627 4385
2627 4386
2627 4387
2627 4388
2627 4389
2627 4390
2627 4391
2627 4392
2627 4393
2627 4394
2627 4395
2627 4396
2627 4397
2627 4398
2627 4399
2627 4400
2627 4401
2627 4402
2627 4403
2627 4404
2627 4405
2627 4406
2627 4407
2627 4408
2627 4409
2627 4410
2627 4411
2627 4412
2627 4413
2627 4414
2627 4415
2627 4416
2627 4417
2627 4418
2627 4419
2627 4420
2627 4421
2627 4422
2627 4423
2627 4424
2627 4425
2627 4426
2627 4427
2627 4428
2627 4429
2627 4430
2627 4431
2627 4432
2627 4433
2627 4434
2627 4435
2627 4436
2627 4437
2627 4438
2627 4439
2627 4440
2627 4441
2627 4442
2627 4443
2627 4444
2627 4445
2627 4446
2627 4447
2627 4448
2627 4449
2627 4450
2627 4451
2627 4452
2627 4453
2627 4454
2627 4455
2627 4456
2627 4457
2627 4458
2627 4459
2627 4460
2627 4461
2627 4462
2627 4463
2627 4464
2627 4465
2627 4466
2627 4467
2627 4468
2627 4469
2627 4470
2627 4471
2627 4472
2627 4473
2627 4474
2627 4475
2627 4476
2627 4477
2627 4478
2627 4479
2627 4480
2627 4481
2627 4482
2627 4483
2627 4484
2627 4485
2627 4486
2627 4487
2627 4488
2627 4489
2627 4490
2627 4491
2627 4492
2627 4493
2627 4494
2627 4495
2627 4496
2627 4497
2627 4498
2627 4499
2627 4500
2627 4501
2627 4502
2627 4503
2627 4504
2627 4505
2627 4506
2627 4507
2627 4508
2627 4509
2627 4510
2627 4511
2627 4512
2627 4513
2627 4514
2627 4515
2627 4516
2627 4517
2627 4518
2627 4519
2627 4520
2627 4521
2627 4522
2627 4523
2627 4524
2627 4525
2627 4526
2627 4527
2627 4528
2627 4529
2627 4530
2627 4531
2627 4532
2627 4533
2627 4534
2627 4535
2627 4536
2627 4537
2627 4538
2627 4539
2627 4540
2627 4541
2627 4542
2627 4543
2627 4544
2627 4545
2627 4546
2627 4547
2627 4548
2627 4549
2627 4550
2627 4551
2627 4552
2627 4553
2627 4554
2627 4555
2627 4556
2627 4557
2627 4558
2627 4559
2627 4560
2627 4561
2627 4562
2627 4563
2627 4564
2627 4565
2627 4566
2627 4567
2627 4568
2627 4569
2627 4570
2627 4571
2627 4572
2627 4573
2627 4574
2627 4575
2627 4576
2627 4577
2627 4578
2627 4579
2627 4580
2627 4581
2627 4582
2627 4583
2627 4584
2627 4585
2627 4586
2627 4587
2627 4588
2627 4589
2627 4590
2627 4591
2627 4592
2627 4593
2627 4594
2627 4595
2627 4596
2627 4597
2627 4598
2627 4599
2627 4600
2627 4601
2627 4602
2627 4603
2627 4604
2627 4605
2627 4606
2627 4607
2627 4608
2627 4609
2627 4610
2627 4611
2627 4612
2627 4613
2627 4614
2627 4615
2627 4616
2627 4617
2627 4618
2627 4619
2627 4620
2627 4621
2627 4622
2627 4623
2627 4624
2627 4625
2627 4626
2627 4627
2627 4628
2627 4629
2627 4630
2627 4631
2627 4632
2627 4633
2627 4634
2627 4635
2627 4636
2627 4637
2627 4638
2627 4639
2627 4640
2627 4641
2627 4642
2627 4643
2627 4644
2627 4645
2627 4646
2627 4647
2627 4648
2627 4649
2627 4650
2627 4651
2627 4652
2627 4653
2627 4654
2627 4655
2627 4656
2627 4657
2627 4658
2627 4659
2627 4660
2627 4661
2627 4662
2627 4663
2627 4664
2627 4665
2627 4666
2627 4667
2627 4668
2627 4669
2627 4670
2627 4671
2627 4672
2627 4673
2627 4674
2627 4675
2627 4676
2627 4677
2627 4678
2627 4679
2627 4680
2627 4681
2627 4682
2627 4683
2627 4684
2627 4685
2627 4686
2627 4687
2627 4688
2627 4689
2627 4690
2627 4691
2627 4692
2627 4693
2627 4694
2627 4695
2627 4696
2627 4697
2627 4698
2627 4699
2627 4700
2627 4701
2627 4702
2627 4703
2627 4704
2627 4705
2627 4706
2627 4707
2627 4708
2627 4709
2627 4710
2627 4711
2627 4712
2627 4713
2627 4714
2627 4715
2627 4716
2627 4717
2627 4718
2627 4719
2627 4720
2627 4721
2627 4722
2627 4723
2627 4724
2627 4725
2627 4726
2627 4727
2627 4728
2627 4729
2627 4730
2627 4731
2627 4732
2627 4733
2627 4734
2627 4735
2627 4736
2627 4737
2627 4738
2627 4739
2627 4740
2627 4741
2627 4742
2627 4743
2627 4744
2627 4745
2627 4746
2627 4747
2627 4748
2627 4749
2627 4750
2627 4751
2627 4752
2627 4753
2627 4754
2627 4755
2627 4756
2627 4757
2627 4758
2627 4759
2627 4760
2627 4761
2627 4762
2627 4763
2627 4764
2627 4765
2627 4766
2627 4767
2627 4768
2627 4769
2627 4770
2627 4771
2627 4772
2627 4773
2627 4774
2627 4775
2627 4776
2627 4777
2627 4778
2627 4779
2627 4780
2627 4781
2627 4782
2627 4783
2627 4784
2627 4785
2627 4786
2627 4787
2627 4788
2627 4789
2627 4790
2627 4791
2627 4792
2627 4793
2627 4794
2627 4795
2627 4796
2627 4797
2627 4798
2627 4799
2627 4800
2627 4801
2627 4802
2627 4803
2627 4804
2627 4805
2627 4806
2627 4807
2627 4808
2627 4809
2627 4810
2627 4811
2627 4812
2627 4813
2627 4814
2627 4815
2627 4816
2627 4817
2627 4818
2627 4819
2627 4820
2627 4821
2627 4822
2627 4823
2627 4824
2627 4825
2627 4826
2627 4827
2627 4828
2627 4829
2627 4830
2627 4831
2627 4832
2627 4833
2627 4834
2627 4835
2627 4836
2627 4837
2627 4838
2627 4839
2627 4840
2627 4841
2627 4842
2627 4843
2627 4844
2627 4845
2627 4846
2627 4847
2627 4848
2627 4849
2627 4850
2627 4851
2627 4852
2627 4853
2627 4854
2627 4855
2627 4856
2627 4857
2627 4858
2627 4859
2627 4860
2627 4861
2627 4862
2627 4863
2627 4864
2627 4865
2627 4866
2627 4867
2627 4868
2627 4869
2627 4870
2627 4871
2627 4872
2627 4873
2627 4874
2627 4875
2627 4876
2627 4877
2627 4878
2627 4879
2627 4880
2627 4881
2627 4882
2627 4883
2627 4884
2627 4885
2627 4886
2627 4887
2627 4888
2627 4889
2627 4890
2627 4891
2627 4892
2627 4893
2627 4894
2627 4895
2627 4896
2627 4897
2627 4898
2627 4899
2627 4900
2627 4901
2627 4902
2627 4903
2627 4904
2627 4905
2627 4906
2627 4907
2627 4908
2627 4909
2627 4910
2627 4911
2627 4912
2627 4913
2627 4914
2627 4915
2627 4916
2627 4917
2627 4918
2627 4919
2627 4920
2627 4921
2627 4922
2627 4923
2627 4924
2627 4925
2627 4926
2627 4927
2627 4928
2627 4929
2627 4930
2627 4931
2627 4932
2627 4933
2627 4934
2627 4935
2627 4936
2627 4937
2627 4938
2627 4939
2627 4940
2627 4941
2627 4942
2627 4943
2627 4944
2627 4945
2627 4946
2627 4947
2627 4948
2627 4949
2627 4950
2627 4951
2627 4952
2627 4953
2627 4954
2627 4955
2627 4956
2627 4957
2627 4958
2627 4959
2627 4960
2627 4961
2627 4962
2627 4963
2627 4964
2627 4965
2627 4966
2627 4967
2627 4968
2627 4969
2627 4970
2627 4971
2627 4972
2627 4973
2627 4974
2627 4975
2627 4976
2627 4977
2627 4978
2627 4979
2627 4980
2627 4981
2627 4982
2627 4983
2627 4984
2627 4985
2627 4986
2627 4987
2627 4988
2627 4989
2627 4990
2627 4991
2627 4992
2627 4993
2627 4994
2627 4995
2627 4996
2627 4997
2627 4998
2627 4999
2627 5000
2627 5001
2627 5002
2627 5003
2627 5004
2627 5005
2627 5006
2627 5007
2627 5008
2627 5009
2627 5010
2627 5011
2627 5012
2627 5013
2627 5014
2627 5015
2627 5016
2627 5017
2627 5018
2627 5019
2627 5020
2627 5021
2627 5022
2627 5023
2627 5024
2627 5025
2627 5026
2627 5027
2627 5028
2627 5029
2627 5030
2627 5031
2627 5032
2627 5033
2627 5034
2627 5035
2627 5036
2627 5037
2627 5038
2627 5039
2627 5040
2627 5041
2627 5042
2627 5043
2627 5044
2627 5045
2627 5046
2627 5047
2627 5048
2627 5049
2627 5050
2627 5051
2627 5052
2627 5053
2627 5054
2627 5055
2627 5056
2627 5057
2627 5058
2627 5059
2627 5060
2627 5061
2627 5062
2627 5063
2627 5064
2627 5065
2627 5066
2627 5067
2627 5068
2627 5069
2627 5070
2627 5071
2627 5072
2627 5073
2627 5074
2627 5075
2627 5076
2627 5077
2627 5078
2627 5079
2627 5080
2627 5081
2627 5082
2627 5083
2627 5084
2627 5085
2627 5086
2627 5087
2627 5088
2627 5089
2627 5090
2627 5091
2627 5092
2627 5093
2627 5094
2627 5095
2627 5096
2627 5097
2627 5098
2627 5099
2627 5100
2627 5101
2627 5102
2627 5103
2627 5104
2627 5105
2627 5106
2627 5107
2627 5108
2627 5109
2627 5110
2627 5111
2627 5112
2627 5113
2627 5114
2627 5115
2627 5116
2627 5117
2627 5118
2627 5119
2627 5120
2627 5121
2627 5122
2627 5123
2627 5124
2627 5125
2627 5126
2627 5127
2627 5128
2627 5129
2627 5130
2627 5131
2627 5132
2627 5133
2627 5134
2627 5135
2627 5136
2627 5137
2627 5138
2627 5139
2627 5140
2627 5141
2627 5142
2627 5143
2627 5144
2627 5145
2627 5146
2627 5147
2627 5148
2627 5149
2627 5150
2627 5151
2627 5152
2627 5153
2627 5154
2627 5155
2627 5156
2627 5157
2627 5158
2627 5159
2627 5160
2627 5161
2627 5162
2627 5163
2627 5164
2627 5165
2627 5166
2627 5167
2627 5168
2627 5169
2627 5170
2627 5171
2627 5172
2627 5173
2627 5174
2627 5175
2627 5176
2627 5177
2627 5178
2627 5179
2627 5180
2627 5181
2627 5182
2627 5183
2627 5184
2627 5185
2627 5186
2627 5187
2627 5188
2627 5189
2627 5190
2627 5191
2627 5192
2627 5193
2627 5194
2627 5195
2627 5196
2627 5197
2627 5198
2627 5199
2627 5200
2627 5201
2627 5202
2627 5203
2627 5204
2627 5205
2627 5206
2627 5207
2627 5208
2627 5209
2627 5210
2627 5211
2627 5212
2627 5213
2627 5214
2627 5215
2627 5216
2627 5217
2627 5218
2627 5219
2627 5220
2627 5221
2627 5222
2627 5223
2627 5224
2627 5225
2627 5226
2627 5227
2627 5228
2627 5229
2627 5230
2627 5231
2627 5232
2627 5233
2627 5234
2627 5235
2627 5236
2627 5237
2627 5238
2627 5239
2627 5240
2627 5241
2627 5242
2627 5243
2627 5244
2627 5245
2627 5246
2627 5247
2627 5248
2627 5249
2627 5250
2627 5251
2627 5252
2627 5253
2627 5254
2627 5255
2627 5256
2627 5257
2627 5258
2627 5259
2627 5260
2627 5261
2627 5262
2627 5263
2627 5264
2627 5265
2627 5266
2627 5267
2627 5268
2627 5269
2627 5270
2627 5271
2627 5272
2627 5273
2627 5274
2627 5275
2627 5276
2627 5277
2627 5278
2627 5279
2627 5280
2627 5281
2627 5282
2627 5283
2627 5284
2627 5285
2627 5286
2627 5287
2627 5288
2627 5289
2627 5290
2627 5291
2627 5292
2627 5293
2627 5294
2627 5295
2627 5296
2627 5297
2627 5298
2627 5299
2627 5300
2627 5301
2627 5302
2627 5303
2627 5304
2627 5305
2627 5306
2627 5307
2627 5308
2627 5309
2627 5310
2627 5311
2627 5312
2627 5313
2627 5314
2627 5315
2627 5316
2627 5317
2627 5318
2627 5319
2627 5320
2627 5321
2627 5322
2627 5323
2627 5324
2627 5325
2627 5326
2627 5327
2627 5328
2627 5329
2627 5330
2627 5331
2627 5332
2627 5333
2627 5334
2627 5335
2627 5336
2627 5337
2627 5338
2627 5339
2627 5340
2627 5341
2627 5342
2627 5343
2627 5344
2627 5345
2627 5346
2627 5347
2627 5348
2627 5349
2627 5350
2627 5351
2627 5352
2627 5353
2627 5354
2627 5355
2627 5356
2627 5357
2627 5358
2627 5359
2627 5360
2627 5361
2627 5362
2627 5363
2627 5364
2627 5365
2627 5366
2627 5367
2627 5368
2627 5369
2627 5370
2627 5371
2627 5372
2627 5373
2627 5374
2627 5375
2627 5376
2627 5377
2627 5378
2627 5379
2627 5380
2627 5381
2627 5382
2627 5383
2627 5384
2627 5385
2627 5386
2627 5387
2627 5388
2627 5389
2627 5390
2627 5391
2627 5392
2627 5393
2627 5394
2627 5395
2627 5396
2627 5397
2627 5398
2627 5399
2627 5400
2627 5401
2627 5402
2627 5403
2627 5404
2627 5405
2627 5406
2627 5407
2627 5408
2627 5409
2627 5410
2627 5411
2627 5412
2627 5413
2627 5414
2627 5415
2627 5416
2627 5417
2627 5418
2627 5419
2627 5420
2627 5421
2627 5422
2627 5423
2627 5424
2627 5425
2627 5426
2627 5427
2627 5428
2627 5429
2627 5430
2627 5431
2627 5432
2627 5433
2627 5434
2627 5435
2627 5436
2627 5437
2627 5438
2627 5439
2627 5440
2627 5441
2627 5442
2627 5443
2627 5444
2627 5445
2627 5446
2627 5447
2627 5448
2627 5449
2627 5450
2627 5451
2627 5452
2627 5453
2627 5454
2627 5455
2627 5456
2627 5457
2627 5458
2627 5459
2627 5460
2627 5461
2627 5462
2627 5463
2627 5464
2627 5465
2627 5466
2627 5467
2627 5468
2627 5469
2627 5470
2627 5471
2627 5472
2627 5473
2627 5474
2627 5475
2627 5476
2627 5477
2627 5478
2627 5479
2627 5480
2627 5481
2627 5482
2627 5483
2627 5484
2627 5485
2627 5486
2627 5487
2627 5488
2627 5489
2627 5490
2627 5491
2627 5492
2627 5493
2627 5494
2627 5495
2627 5496
2627 5497
2627 5498
2627 5499
2627 5500
2627 5501
2627 5502
2627 5503
2627 5504
2627 5505
2627 5506
2627 5507
2627 5508
2627 5509
2627 5510
2627 5511
2627 5512
2627 5513
2627 5514
2627 5515
2627 5516
2627 5517
2627 5518
2627 5519
2627 5520
2627 5521
2627 5522
2627 5523
2627 5524
2627 5525
2627 5526
2627 5527
2627 5528
2627 5529
2627 5530
2627 5531
2627 5532
2627 5533
2627 5534
2627 5535
2627 5536
2627 5537
2627 5538
2627 5539
2627 5540
2627 5541
2627 5542
2627 5543
2627 5544
2627 5545
2627 5546
2627 5547
2627 5548
2627 5549
2627 5550
2627 5551
2627 5552
2627 5553
2627 5554
2627 5555
2627 5556
2627 5557
2627 5558
2627 5559
2627 5560
2627 5561
2627 5562
2627 5563
2627 5564
2627 5565
2627 5566
2627 5567
2627 5568
2627 5569
2627 5570
2627 5571
2627 5572
2627 5573
2627 5574
2627 5575
2627 5576
2627 5577
2627 5578
2627 5579
2627 5580
2627 5581
2627 5582
2627 5583
2627 5584
2627 5585
2627 5586
2627 5587
2627 5588
2627 5589
2627 5590
2627 5591
2627 5592
2627 5593
2627 5594
2627 5595
2627 5596
2627 5597
2627 5598
2627 5599
2627 5600
2627 5601
2627 5602
2627 5603
2627 5604
2627 5605
2627 5606
2627 5607
2627 5608
2627 5609
2627 5610
2627 5611
2627 5612
2627 5613
2627 5614
2627 5615
2627 5616
2627 5617
2627 5618
2627 5619
2627 5620
2627 5621
2627 5622
2627 5623
2627 5624
2627 5625
2627 5626
2627 5627
2627 5628
2627 5629
2627 5630
2627 5631
2627 5632
2627 5633
2627 5634
2627 5635
2627 5636
2627 5637
2627 5638
2627 5639
2627 5640
2627 5641
2627 5642
2627 5643
2627 5644
2627 5645
2627 5646
2627 5647
2627 5648
2627 5649
2627 5650
2627 5651
2627 5652
2627 5653
2627 5654
2627 5655
2627 5656
2627 5657
2627 5658
2627 5659
2627 5660
2627 5661
2627 5662
2627 5663
2627 5664
2627 5665
2627 5666
2627 5667
2627 5668
2627 5669
2627 5670
2627 5671
2627 5672
2627 5673
2627 5674
2627 5675
2627 5676
2627 5677
2627 5678
2627 5679
2627 5680
2627 5681
2627 5682
2627 5683
2627 5684
2627 5685
2627 5686
2627 5687
2627 5688
2627 5689
2627 5690
2627 5691
2627 5692
2627 5693
2627 5694
2627 5695
2627 5696
2627 5697
2627 5698
2627 5699
2627 5700
2627 5701
2627 5702
2627 5703
2627 5704
2627 5705
2627 5706
2627 5707
2627 5708
2627 5709
2627 5710
2627 5711
2627 5712
2627 5713
2627 5714
2627 5715
2627 5716
2627 5717
2627 5718
2627 5719
2627 5720
2627 5721
2627 5722
2627 5723
2627 5724
2627 5725
2627 5726
2627 5727
2627 5728
2627 5729
2627 5730
2627 5731
2627 5732
2627 5733
2627 5734
2627 5735
2627 5736
2627 5737
2627 5738
2627 5739
2627 5740
2627 5741
2627 5742
2627 5743
2627 5744
2627 5745
2627 5746
2627 5747
2627 5748
2627 5749
2627 5750
2627 5751
2627 5752
2627 5753
2627 5754
2627 5755
2627 5756
2627 5757
2627 5758
2627 5759
2627 5760
2627 5761
2627 5762
2627 5763
2627 5764
2627 5765
2627 5766
2627 5767
2627 5768
2627 5769
2627 5770
2627 5771
2627 5772
2627 5773
2627 5774
2627 5775
2627 5776
2627 5777
2627 5778
2627 5779
2627 5780
2627 5781
2627 5782
2627 5783
2627 5784
2627 5785
2627 5786
2627 5787
2627 5788
2627 5789
2627 5790
2627 5791
2627 5792
2627 5793
2627 5794
2627 5795
2627 5796
2627 5797
2627 5798
2627 5799
2627 5800
2627 5801
2627 5802
2627 5803
2627 5804
2627 5805
2627 5806
2627 5807
2627 5808
2627 5809
2627 5810
2627 5811
2627 5812
2627 5813
2627 5814
2627 5815
2627 5816
2627 5817
2627 5818
2627 5819
2627 5820
2627 5821
2627 5822
2627 5823
2627 5824
2627 5825
2627 5826
2627 5827
2627 5828
2627 5829
2627 5830
2627 5831
2627 5832
2627 5833
2627 5834
2627 5835
2627 5836
2627 5837
2627 5838
2627 5839
2627 5840
2627 5841
2627 5842
2627 5843
2627 5844
2627 5845
2627 5846
2627 5847
2627 5848
2627 5849
2627 5850
2627 5851
2627 5852
2627 5853
2627 5854
2627 5855
2627 5856
2627 5857
2627 5858
2627 5859
2627 5860
2627 5861
2627 5862
2627 5863
2627 5864
2627 5865
2627 5866
2627 5867
2627 5868
2627 5869
2627 5870
2627 5871
2627 5872
2627 5873
2627 5874
2627 5875
2627 5876
2627 5877
2627 5878
2627 5879
2627 5880
2627 5881
2627 5882
2627 5883
2627 5884
2627 5885
2627 5886
2627 5887
2627 5888
2627 5889
2627 5890
2627 5891
2627 5892
2627 5893
2627 5894
2627 5895
2627 5896
2627 5897
2627 5898
2627 5899
2627 5900
2627 5901
2627 5902
2627 5903
2627 5904
2627 5905
2627 5906
2627 5907
2627 5908
2627 5909
2627 5910
2627 5911
2627 5912
2627 5913
2627 5914
2627 5915
2627 5916
2627 5917
2627 5918
2627 5919
2627 5920
2627 5921
2627 5922
2627 5923
2627 5924
2627 5925
2627 5926
2627 5927
2627 5928
2627 5929
2627 5930
2627 5931
2627 5932
2627 5933
2627 5934
2627 5935
2627 5936
2627 5937
2627 5938
2627 5939
2627 5940
2627 5941
2627 5942
2627 5943
2627 5944
2627 5945
2627 5946
2627 5947
2627 5948
2627 5949
2627 5950
2627 5951
2627 5952
2627 5953
2627 5954
2627 5955
2627 5956
2627 5957
2627 5958
2627 5959
2627 5960
2627 5961
2627 5962
2627 5963
2627 5964
2627 5965
2627 5966
2627 5967
2627 5968
2627 5969
2627 5970
2627 5971
2627 5972
2627 5973
2627 5974
2627 5975
2627 5976
2627 5977
2627 5978
2627 5979
2627 5980
2627 5981
2627 5982
2627 5983
2627 5984
2627 5985
2627 5986
2627 5987
2627 5988
2627 5989
2627 5990
2627 5991
2627 5992
2627 5993
2627 5994
2627 5995
2627 5996
2627 5997
2627 5998
2627 5999
2627 6000
2627 6001
2627 6002
2627 6003
2627 6004
2627 6005
2627 6006
2627 6007
2627 6008
2627 6009
2627 6010
2627 6011
2627 6012
2627 6013
2627 6014
2627 6015
2627 6016
2627 6017
2627 6018
2627 6019
2627 6020
2627 6021
2627 6022
2627 6023
2627 6024
2627 6025
2627 6026
2627 6027
2627 6028
2627 6029
2627 6030
2627 6031
2627 6032
2627 6033
2627 6034
2627 6035
2627 6036
2627 6037
2627 6038
2627 6039
2627 6040
2627 6041
2627 6042
2627 6043
2627 6044
2627 6045
2627 6046
2627 6047
2627 6048
2627 6049
2627 6050
2627 6051
2627 6052
2627 6053
2627 6054
2627 6055
2627 6056
2627 6057
2627 6058
2627 6059
2627 6060
2627 6061
2627 6062
2627 6063
2627 6064
2627 6065
2627 6066
2627 6067
2627 6068
2627 6069
2627 6070
2627 6071
2627 6072
2627 6073
2627 6074
2627 6075
2627 6076
2627 6077
2627 6078
2627 6079
2627 6080
2627 6081
2627 6082
2627 6083
2627 6084
2627 6085
2627 6086
2627 6087
2627 6088
2627 6089
2627 6090
2627 6091
2627 6092
2627 6093
2627 6094
2627 6095
2627 6096
2627 6097
2627 6098
2627 6099
2627 6100
2627 6101
2627 6102
2627 6103
2627 6104
2627 6105
2627 6106
2627 6107
2627 6108
2627 6109
2627 6110
2627 6111
2627 6112
2627 6113
2627 6114
2627 6115
2627 6116
2627 6117
2627 6118
2627 6119
2627 6120
2627 6121
2627 6122
2627 6123
2627 6124
2627 6125
2627 6126
2627 6127
2627 6128
2627 6129
2627 6130
2627 6131
2627 6132
2627 6133
2627 6134
2627 6135
2627 6136
2627 6137
2627 6138
2627 6139
2627 6140
2627 6141
2627 6142
2627 6143
2627 6144
2627 6145
2627 6146
2627 6147
2627 6148
2627 6149
2627 6150
2627 6151
2627 6152
2627 6153
2627 6154
2627 6155
2627 6156
2627 6157
2627 6158
2627 6159
2627 6160
2627 6161
2627 6162
2627 6163
2627 6164
2627 6165
2627 6166
2627 6167
2627 6168
2627 6169
2627 6170
2627 6171
2627 6172
2627 6173
2627 6174
2627 6175
2627 6176
2627 6177
2627 6178
2627 6179
2627 6180
2627 6181
2627 6182
2627 6183
2627 6184
2627 6185
2627 6186
2627 6187
2627 6188
2627 6189
2627 6190
2627 6191
2627 6192
2627 6193
2627 6194
2627 6195
2627 6196
2627 6197
2627 6198
2627 6199
2627 6200
2627 6201
2627 6202
2627 6203
2627 6204
2627 6205
2627 6206
2627 6207
2627 6208
2627 6209
2627 6210
2627 6211
2627 6212
2627 6213
2627 6214
2627 6215
2627 6216
2627 6217
2627 6218
2627 6219
2627 6220
2627 6221
2627 6222
2627 6223
2627 6224
2627 6225
2627 6226
2627 6227
2627 6228
2627 6229
2627 6230
2627 6231
2627 6232
2627 6233
2627 6234
2627 6235
2627 6236
2627 6237
2627 6238
2627 6239
2627 6240
2627 6241
2627 6242
2627 6243
2627 6244
2627 6245
2627 6246
2627 6247
2627 6248
2627 6249
2627 6250
2627 6251
2627 6252
2627 6253
2627 6254
2627 6255
2627 6256
2627 6257
2627 6258
2627 6259
2627 6260
2627 6261
2627 6262
2627 6263
2627 6264
2627 6265
2627 6266
2627 6267
2627 6268
2627 6269
2627 6270
2627 6271
2627 6272
2627 6273
2627 6274
2627 6275
2627 6276
2627 6277
2627 6278
2627 6279
2627 6280
2627 6281
2627 6282
2627 6283
2627 6284
2627 6285
2627 6286
2627 6287
2627 6288
2627 6289
2627 6290
2627 6291
2627 6292
2627 6293
2627 6294
2627 6295
2627 6296
2627 6297
2627 6298
2627 6299
2627 6300
2627 6301
2627 6302
2627 6303
2627 6304
2627 6305
2627 6306
2627 6307
2627 6308
2627 6309
2627 6310
2627 6311
2627 6312
2627 6313
2627 6314
2627 6315
2627 6316
2627 6317
2627 6318
2627 6319
2627 6320
2627 6321
2627 6322
2627 6323
2627 6324
2627 6325
2627 6326
2627 6327
2627 6328
2627 6329
2627 6330
2627 6331
2627 6332
2627 6333
2627 6334
2627 6335
2627 6336
2627 6337
2627 6338
2627 6339
2627 6340
2627 6341
2627 6342
2627 6343
2627 6344
2627 6345
2627 6346
2627 6347
2627 6348
2627 6349
2627 6350
2627 6351
2627 6352
2627 6353
2627 6354
2627 6355
2627 6356
2627 6357
2627 6358
2627 6359
2627 6360
2627 6361
2627 6362
2627 6363
2627 6364
2627 6365
2627 6366
2627 6367
2627 6368
2627 6369
2627 6370
2627 6371
2627 6372
2627 6373
2627 6374
2627 6375
2627 6376
2627 6377
2627 6378
2627 6379
2627 6380
2627 6381
2627 6382
2627 6383
2627 6384
2627 6385
2627 6386
2627 6387
2627 6388
2627 6389
2627 6390
2627 6391
2627 6392
2627 6393
2627 6394
2627 6395
2627 6396
2627 6397
2627 6398
2627 6399
2627 6400
2627 6401
2627 6402
2627 6403
2627 6404
2627 6405
2627 6406
2627 6407
2627 6408
2627 6409
2627 6410
2627 6411
2627 6412
2627 6413
2627 6414
2627 6415
2627 6416
2627 6417
2627 6418
2627 6419
2627 6420
2627 6421
2627 6422
2627 6423
2627 6424
2627 6425
2627 6426
2627 6427
2627 6428
2627 6429
2627 6430
2627 6431
2627 6432
2627 6433
2627 6434
2627 6435
2627 6436
2627 6437
2627 6438
2627 6439
2627 6440
2627 6441
2627 6442
2627 6443
2627 6444
2627 6445
2627 6446
2627 6447
2627 6448
2627 6449
2627 6450
2627 6451
2627 6452
2627 6453
2627 6454
2627 6455
2627 6456
2627 6457
2627 6458
2627 6459
2627 6460
2627 6461
2627 6462
2627 6463
2627 6464
2627 6465
2627 6466
2627 6467
2627 6468
2627 6469
2627 6470
2627 6471
2627 6472
2627 6473
2627 6474
2627 6475
2627 6476
2627 6477
2627 6478
2627 6479
2627 6480
2627 6481
2627 6482
2627 6483
2627 6484
2627 6485
2627 6486
2627 6487
2627 6488
2627 6489
2627 6490
2627 6491
2627 6492
2627 6493
2627 6494
2627 6495
2627 6496
2627 6497
2627 6498
2627 6499
2627 6500
2627 6501
2627 6502
2627 6503
2627 6504
2627 6505
2627 6506
2627 6507
2627 6508
2627 6509
2627 6510
2627 6511
2627 6512
2627 6513
2627 6514
2627 6515
2627 6516
2627 6517
2627 6518
2627 6519
2627 6520
2627 6521
2627 6522
2627 6523
2627 6524
2627 6525
2627 6526
2627 6527
2627 6528
2627 6529
2627 6530
2627 6531
2627 6532
2627 6533
2627 6534
2627 6535
2627 6536
2627 6537
2627 6538
2627 6539
2627 6540
2627 6541
2627 6542
2627 6543
2627 6544
2627 6545
2627 6546
2627 6547
2627 6548
2627 6549
2627 6550
2627 6551
2627 6552
2627 6553
2627 6554
2627 6555
2627 6556
2627 6557
2627 6558
2627 6559
2627 6560
2627 6561
2627 6562
2627 6563
2627 6564
2627 6565
2627 6566
2627 6567
2627 6568
2627 6569
2627 6570
2627 6571
2627 6572
2627 6573
2627 6574
2627 6575
2627 6576
2627 6577
2627 6578
2627 6579
2627 6580
2627 6581
2627 6582
2627 6583
2627 6584
2627 6585
2627 6586
2627 6587
2627 6588
2627 6589
2627 6590
2627 6591
2627 6592
2627 6593
2627 6594
2627 6595
2627 6596
2627 6597
2627 6598
2627 6599
2627 6600
2627 6601
2627 6602
2627 6603
2627 6604
2627 6605
2627 6606
2627 6607
2627 6608
2627 6609
2627 6610
2627 6611
2627 6612
2627 6613
2627 6614
2627 6615
2627 6616
2627 6617
2627 6618
2627 6619
2627 6620
2627 6621
2627 6622
2627 6623
2627 6624
2627 6625
2627 6626
2627 6627
2627 6628
2627 6629
2627 6630
2627 6631
2627 6632
2627 6633
2627 6634
2627 6635
2627 6636
2627 6637
2627 6638
2627 6639
2627 6640
2627 6641
2627 6642
2627 6643
2627 6644
2627 6645
2627 6646
2627 6647
2627 6648
2627 6649
2627 6650
2627 6651
2627 6652
2627 6653
2627 6654
2627 6655
2627 6656
2627 6657
2627 6658
2627 6659
2627 6660
2627 6661
2627 6662
2627 6663
2627 6664
2627 6665
2627 6666
2627 6667
2627 6668
2627 6669
2627 6670
2627 6671
2627 6672
2627 6673
2627 6674
2627 6675
2627 6676
2627 6677
2627 6678
2627 6679
2627 6680
2627 6681
2627 6682
2627 6683
2627 6684
2627 6685
2627 6686
2627 6687
2627 6688
2627 6689
2627 6690
2627 6691
2627 6692
2627 6693
2627 6694
2627 6695
2627 6696
2627 6697
2627 6698
2627 6699
2627 6700
2627 6701
2627 6702
2627 6703
2627 6704
2627 6705
2627 6706
2627 6707
2627 6708
2627 6709
2627 6710
2627 6711
2627 6712
2627 6713
2627 6714
2627 6715
2627 6716
2627 6717
2627 6718
2627 6719
2627 6720
2627 6721
2627 6722
2627 6723
2627 6724
2627 6725
2627 6726
2627 6727
2627 6728
2627 6729
2627 6730
2627 6731
2627 6732
2627 6733
2627 6734
2627 6735
2627 6736
2627 6737
2627 6738
2627 6739
2627 6740
2627 6741
2627 6742
2627 6743
2627 6744
2627 6745
2627 6746
2627 6747
2627 6748
2627 6749
2627 6750
2627 6751
2627 6752
2627 6753
2627 6754
2627 6755
2627 6756
2627 6757
2627 6758
2627 6759
2627 6760
2627 6761
2627 6762
2627 6763
2627 6764
2627 6765
2627 6766
2627 6767
2627 6768
2627 6769
2627 6770
2627 6771
2627 6772
2627 6773
2627 6774
2627 6775
2627 6776
2627 6777
2627 6778
2627 6779
2627 6780
2627 6781
2627 6782
2627 6783
2627 6784
2627 6785
2627 6786
2627 6787
2627 6788
2627 6789
2627 6790
2627 6791
2627 6792
2627 6793
2627 6794
2627 6795
2627 6796
2627 6797
2627 6798
2627 6799
2627 6800
2627 6801
2627 6802
2627 6803
2627 6804
2627 6805
2627 6806
2627 6807
2627 6808
2627 6809
2627 6810
2627 6811
2627 6812
2627 6813
2627 6814
2627 6815
2627 6816
2627 6817
2627 6818
2627 6819
2627 6820
2627 6821
2627 6822
2627 6823
2627 6824
2627 6825
2627 6826
2627 6827
2627 6828
2627 6829
2627 6830
2627 6831
2627 6832
2627 6833
2627 6834
2627 6835
2627 6836
2627 6837
2627 6838
2627 6839
2627 6840
2627 6841
2627 6842
2627 6843
2627 6844
2627 6845
2627 6846
2627 6847
2627 6848
2627 6849
2627 6850
2627 6851
2627 6852
2627 6853
2627 6854
2627 6855
2627 6856
2627 6857
2627 6858
2627 6859
2627 6860
2627 6861
2627 6862
2627 6863
2627 6864
2627 6865
2627 6866
2627 6867
2627 6868
2627 6869
2627 6870
2627 6871
2627 6872
2627 6873
2627 6874
2627 6875
2627 6876
2627 6877
2627 6878
2627 6879
2627 6880
2627 6881
2627 6882
2627 6883
2627 6884
2627 6885
2627 6886
2627 6887
2627 6888
2627 6889
2627 6890
2627 6891
2627 6892
2627 6893
2627 6894
2627 6895
2627 6896
2627 6897
2627 6898
2627 6899
2627 6900
2627 6901
2627 6902
2627 6903
2627 6904
2627 6905
2627 6906
2627 6907
2627 6908
2627 6909
2627 6910
2627 6911
2627 6912
2627 6913
2627 6914
2627 6915
2627 6916
2627 6917
2627 6918
2627 6919
2627 6920
2627 6921
2627 6922
2627 6923
2627 6924
2627 6925
2627 6926
2627 6927
2627 6928
2627 6929
2627 6930
2627 6931
2627 6932
2627 6933
2627 6934
2627 6935
2627 6936
2627 6937
2627 6938
2627 6939
2627 6940
2627 6941
2627 6942
2627 6943
2627 6944
2627 6945
2627 6946
2627 6947
2627 6948
2627 6949
2627 6950
2627 6951
2627 6952
2627 6953
2627 6954
2627 6955
2627 6956
2627 6957
2627 6958
2627 6959
2627 6960
2627 6961
2627 6962
2627 6963
2627 6964
2627 6965
2627 6966
2627 6967
2627 6968
2627 6969
2627 6970
2627 6971
2627 6972
2627 6973
2627 6974
2627 6975
2627 6976
2627 6977
2627 6978
2627 6979
2627 6980
2627 6981
2627 6982
2627 6983
2627 6984
2627 6985
2627 6986
2627 6987
2627 6988
2627 6989
2627 6990
2627 6991
2627 6992
2627 6993
2627 6994
2627 6995
2627 6996
2627 6997
2627 6998
2627 6999
2627 7000
2627 7001
2627 7002
2627 7003
2627 7004
2627 7005
2627 7006
2627 7007
2627 7008
2627 7009
2627 7010
2627 7011
2627 7012
2627 7013
2627 7014
2627 7015
2627 7016
2627 7017
2627 7018
2627 7019
2627 7020
2627 7021
2627 7022
2627 7023
2627 7024
2627 7025
2627 7026
2627 7027
2627 7028
2627 7029
2627 7030
2627 7031
2627 7032
2627 7033
2627 7034
2627 7035
2627 7036
2627 7037
2627 7038
2627 7039
2627 7040
2627 7041
2627 7042
2627 7043
2627 7044
2627 7045
2627 7046
2627 7047
2627 7048
2627 7049
2627 7050
2627 7051
2627 7052
2627 7053
2627 7054
2627 7055
2627 7056
2627 7057
2627 7058
2627 7059
2627 7060
2627 7061
2627 7062
2627 7063
2627 7064
2627 7065
2627 7066
2627 7067
2627 7068
2627 7069
2627 7070
2627 7071
2627 7072
2627 7073
2627 7074
2627 7075
2627 7076
2627 7077
2627 7078
2627 7079
2627 7080
2627 7081
2627 7082
2627 7083
2627 7084
2627 7085
2627 7086
2627 7087
2627 7088
2627 7089
2627 7090
2627 7091
2627 7092
2627 7093
2627 7094
2627 7095
2627 7096
2627 7097
2627 7098
2627 7099
2627 7100
2627 7101
2627 7102
2627 7103
2627 7104
2627 7105
2627 7106
2627 7107
2627 7108
2627 7109
2627 7110
2627 7111
2627 7112
2627 7113
2627 7114
2627 7115
2627 7116
2627 7117
2627 7118
2627 7119
2627 7120
2627 7121
2627 7122
2627 7123
2627 7124
2627 7125
2627 7126
2627 7127
2627 7128
2627 7129
2627 7130
2627 7131
2627 7132
2627 7133
2627 7134
2627 7135
2627 7136
2627 7137
2627 7138
2627 7139
2627 7140
2627 7141
2627 7142
2627 7143
2627 7144
2627 7145
2627 7146
2627 7147
2627 7148
2627 7149
2627 7150
2627 7151
2627 7152
2627 7153
2627 7154
2627 7155
2627 7156
2627 7157
2627 7158
2627 7159
2627 7160
2627 7161
2627 7162
2627 7163
2627 7164
2627 7165
2627 7166
2627 7167
2627 7168
2627 7169
2627 7170
2627 7171
2627 7172
2627 7173
2627 7174
2627 7175
2627 7176
2627 7177
2627 7178
2627 7179
2627 7180
2627 7181
2627 7182
2627 7183
2627 7184
2627 7185
2627 7186
2627 7187
2627 7188
2627 7189
2627 7190
2627 7191
2627 7192
2627 7193
2627 7194
2627 7195
2627 7196
2627 7197
2627 7198
2627 7199
2627 7200
2627 7201
2627 7202
2627 7203
2627 7204
2627 7205
2627 7206
2627 7207
2627 7208
2627 7209
2627 7210
2627 7211
2627 7212
2627 7213
2627 7214
2627 7215
2627 7216
2627 7217
2627 7218
2627 7219
2627 7220
2627 7221
2627 7222
2627 7223
2627 7224
2627 7225
2627 7226
2627 7227
2627 7228
2627 7229
2627 7230
2627 7231
2627 7232
2627 7233
2627 7234
2627 7235
2627 7236
2627 7237
2627 7238
2627 7239
2627 7240
2627 7241
2627 7242
2627 7243
2627 7244
2627 7245
2627 7246
2627 7247
2627 7248
2627 7249
2627 7250
2627 7251
2627 7252
2627 7253
2627 7254
2627 7255
2627 7256
2627 7257
2627 7258
2627 7259
2627 7260
2627 7261
2627 7262
2627 7263
2627 7264
2627 7265
2627 7266
2627 7267
2627 7268
2627 7269
2627 7270
2627 7271
2627 7272
2627 7273
2627 7274
2627 7275
2627 7276
2627 7277
2627 7278
2627 7279
2627 7280
2627 7281
2627 7282
2627 7283
2627 7284
2627 7285
2627 7286
2627 7287
2627 7288
2627 7289
2627 7290
2627 7291
2627 7292
2627 7293
2627 7294
2627 7295
2627 7296
2627 7297
2627 7298
2627 7299
2627 7300
2627 7301
2627 7302
2627 7303
2627 7304
2627 7305
2627 7306
2627 7307
2627 7308
2627 7309
2627 7310
2627 7311
2627 7312
2627 7313
2627 7314
2627 7315
2627 7316
2627 7317
2627 7318
2627 7319
2627 7320
2627 7321
2627 7322
2627 7323
2627 7324
2627 7325
2627 7326
2627 7327
2627 7328
2627 7329
2627 7330
2627 7331
2627 7332
2627 7333
2627 7334
2627 7335
2627 7336
2627 7337
2627 7338
2627 7339
2627 7340
2627 7341
2627 7342
2627 7343
2627 7344
2627 7345
2627 7346
2627 7347
2627 7348
2627 7349
2627 7350
2627 7351
2627 7352
2627 7353
2627 7354
2627 7355
2627 7356
2627 7357
2627 7358
2627 7359
2627 7360
2627 7361
2627 7362
2627 7363
2627 7364
2627 7365
2627 7366
2627 7367
2627 7368
2627 7369
2627 7370
2627 7371
2627 7372
2627 7373
2627 7374
2627 7375
2627 7376
2627 7377
2627 7378
2627 7379
2627 7380
2627 7381
2627 7382
2627 7383
2627 7384
2627 7385
2627 7386
2627 7387
2627 7388
2627 7389
2627 7390
2627 7391
2627 7392
2627 7393
2627 7394
2627 7395
2627 7396
2627 7397
2627 7398
2627 7399
2627 7400
2627 7401
2627 7402
2627 7403
2627 7404
2627 7405
2627 7406
2627 7407
2627 7408
2627 7409
2627 7410
2627 7411
2627 7412
2627 7413
2627 7414
2627 7415
2627 7416
2627 7417
2627 7418
2627 7419
2627 7420
2627 7421
2627 7422
2627 7423
2627 7424
2627 7425
2627 7426
2627 7427
2627 7428
2627 7429
2627 7430
2627 7431
2627 7432
2627 7433
2627 7434
2627 7435
2627 7436
2627 7437
2627 7438
2627 7439
2627 7440
2627 7441
2627 7442
2627 7443
2627 7444
2627 7445
2627 7446
2627 7447
2627 7448
2627 7449
2627 7450
2627 7451
2627 7452
2627 7453
2627 7454
2627 7455
2627 7456
2627 7457
2627 7458
2627 7459
2627 7460
2627 7461
2627 7462
2627 7463
2627 7464
2627 7465
2627 7466
2627 7467
2627 7468
2627 7469
2627 7470
2627 7471
2627 7472
2627 7473
2627 7474
2627 7475
2627 7476
2627 7477
2627 7478
2627 7479
2627 7480
2627 7481
2627 7482
2627 7483
2627 7484
2627 7485
2627 7486
2627 7487
2627 7488
2627 7489
2627 7490
2627 7491
2627 7492
2627 7493
2627 7494
2627 7495
2627 7496
2627 7497
2627 7498
2627 7499
2627 7500
2627 7501
2627 7502
2627 7503
2627 7504
2627 7505
2627 7506
2627 7507
2627 7508
2627 7509
2627 7510
2627 7511
2627 7512
2627 7513
2627 7514
2627 7515
2627 7516
2627 7517
2627 7518
2627 7519
2627 7520
2627 7521
2627 7522
2627 7523
2627 7524
2627 7525
2627 7526
2627 7527
2627 7528
2627 7529
2627 7530
2627 7531
2627 7532
2627 7533
2627 7534
2627 7535
2627 7536
2627 7537
2627 7538
2627 7539
2627 7540
2627 7541
2627 7542
2627 7543
2627 7544
2627 7545
2627 7546
2627 7547
2627 7548
2627 7549
2627 7550
2627 7551
2627 7552
2627 7553
2627 7554
2627 7555
2627 7556
2627 7557
2627 7558
2627 7559
2627 7560
2627 7561
2627 7562
2627 7563
2627 7564
2627 7565
2627 7566
2627 7567
2627 7568
2627 7569
2627 7570
2627 7571
2627 7572
2627 7573
2627 7574
2627 7575
2627 7576
2627 7577
2627 7578
2627 7579
2627 7580
2627 7581
2627 7582
2627 7583
2627 7584
2627 7585
2627 7586
2627 7587
2627 7588
2627 7589
2627 7590
2627 7591
2627 7592
2627 7593
2627 7594
2627 7595
2627 7596
2627 7597
2627 7598
2627 7599
2627 7600
2627 7601
2627 7602
2627 7603
2627 7604
2627 7605
2627 7606
2627 7607
2627 7608
2627 7609
2627 7610
2627 7611
2627 7612
2627 7613
2627 7614
2627 7615
2627 7616
2627 7617
2627 7618
2627 7619
2627 7620
2627 7621
2627 7622
2627 7623
2627 7624
2627 7625
2627 7626
2627 7627
2627 7628
2627 7629
2627 7630
2627 7631
2627 7632
2627 7633
2627 7634
2627 7635
2627 7636
2627 7637
2627 7638
2627 7639
2627 7640
2627 7641
2627 7642
2627 7643
2627 7644
2627 7645
2627 7646
2627 7647
2627 7648
2627 7649
2627 7650
2627 7651
2627 7652
2627 7653
2627 7654
2627 7655
2627 7656
2627 7657
2627 7658
2627 7659
2627 7660
2627 7661
2627 7662
2627 7663
2627 7664
2627 7665
2627 7666
2627 7667
2627 7668
2627 7669
2627 7670
2627 7671
2627 7672
2627 7673
2627 7674
2627 7675
2627 7676
2627 7677
2627 7678
2627 7679
2627 7680
2627 7681
2627 7682
2627 7683
2627 7684
2627 7685
2627 7686
2627 7687
2627 7688
2627 7689
2627 7690
2627 7691
2627 7692
2627 7693
2627 7694
2627 7695
2627 7696
2627 7697
2627 7698
2627 7699
2627 7700
2627 7701
2627 7702
2627 7703
2627 7704
2627 7705
2627 7706
2627 7707
2627 7708
2627 7709
2627 7710
2627 7711
2627 7712
2627 7713
2627 7714
2627 7715
2627 7716
2627 7717
2627 7718
2627 7719
2627 7720
2627 7721
2627 7722
2627 7723
2627 7724
2627 7725
2627 7726
2627 7727
2627 7728
2627 7729
2627 7730
2627 7731
2627 7732
2627 7733
2627 7734
2627 7735
2627 7736
2627 7737
2627 7738
2627 7739
2627 7740
2627 7741
2627 7742
2627 7743
2627 7744
2627 7745
2627 7746
2627 7747
2627 7748
2627 7749
2627 7750
2627 7751
2627 7752
2627 7753
2627 7754
2627 7755
2627 7756
2627 7757
2627 7758
2627 7759
2627 7760
2627 7761
2627 7762
2627 7763
2627 7764
2627 7765
2627 7766
2627 7767
2627 7768
2627 7769
2627 7770
2627 7771
2627 7772
2627 7773
2627 7774
2627 7775
2627 7776
2627 7777
2627 7778
2627 7779
2627 7780
2627 7781
2627 7782
2627 7783
2627 7784
2627 7785
2627 7786
2627 7787
2627 7788
2627 7789
2627 7790
2627 7791
2627 7792
2627 7793
2627 7794
2627 7795
2627 7796
2627 7797
2627 7798
2627 7799
2627 7800
2627 7801
2627 7802
2627 7803
2627 7804
2627 7805
2627 7806
2627 7807
2627 7808
2627 7809
2627 7810
2627 7811
2627 7812
2627 7813
2627 7814
2627 7815
2627 7816
2627 7817
2627 7818
2627 7819
2627 7820
2627 7821
2627 7822
2627 7823
2627 7824
2627 7825
2627 7826
2627 7827
2627 7828
2627 7829
2627 7830
2627 7831
2627 7832
2627 7833
2627 7834
2627 7835
2627 7836
2627 7837
2627 7838
2627 7839
2627 7840
2627 7841
2627 7842
2627 7843
2627 7844
2627 7845
2627 7846
2627 7847
2627 7848
2627 7849
2627 7850
2627 7851
2627 7852
2627 7853
2627 7854
2627 7855
2627 7856
2627 7857
2627 7858
2627 7859
2627 7860
2627 7861
2627 7862
2627 7863
2627 7864
2627 7865
2627 7866
2627 7867
2627 7868
2627 7869
2627 7870
2627 7871
2627 7872
2627 7873
2627 7874
2627 7875
2627 7876
2627 7877
2627 7878
2627 7879
2627 7880
2627 7881
2627 7882
2627 7883
2627 7884
2627 7885
2627 7886
2627 7887
2627 7888
2627 7889
2627 7890
2627 7891
2627 7892
2627 7893
2627 7894
2627 7895
2627 7896
2627 7897
2627 7898
2627 7899
2627 7900
2627 7901
2627 7902
2627 7903
2627 7904
2627 7905
2627 7906
2627 7907
2627 7908
2627 7909
2627 7910
2627 7911
2627 7912
2627 7913
2627 7914
2627 7915
2627 7916
2627 7917
2627 7918
2627 7919
2627 7920
2627 7921
2627 7922
2627 7923
2627 7924
2627 7925
2627 7926
2627 7927
2627 7928
2627 7929
2627 7930
2627 7931
2627 7932
2627 7933
2627 7934
2627 7935
2627 7936
2627 7937
2627 7938
2627 7939
2627 7940
2627 7941
2627 7942
2627 7943
2627 7944
2627 7945
2627 7946
2627 7947
2627 7948
2627 7949
2627 7950
2627 7951
2627 7952
2627 7953
2627 7954
2627 7955
2627 7956
2627 7957
2627 7958
2627 7959
2627 7960
2627 7961
2627 7962
2627 7963
2627 7964
2627 7965
2627 7966
2627 7967
2627 7968
2627 7969
2627 7970
2627 7971
2627 7972
2627 7973
2627 7974
2627 7975
2627 7976
2627 7977
2627 7978
2627 7979
2627 7980
2627 7981
2627 7982
2627 7983
2627 7984
2627 7985
2627 7986
2627 7987
2627 7988
2627 7989
2627 7990
2627 7991
2627 7992
2627 7993
2627 7994
2627 7995
2627 7996
2627 7997
2627 7998
2627 7999
2627 8000
2627 8001
2627 8002
2627 8003
2627 8004
2627 8005
2627 8006
2627 8007
2627 8008
2627 8009
2627 8010
2627 8011
2627 8012
2627 8013
2627 8014
2627 8015
2627 8016
2627 8017
2627 8018
2627 8019
2627 8020
2627 8021
2627 8022
2627 8023
2627 8024
2627 8025
2627 8026
2627 8027
2627 8028
2627 8029
2627 8030
2627 8031
2627 8032
2627 8033
2627 8034
2627 8035
2627 8036
2627 8037
2627 8038
2627 8039
2627 8040
2627 8041
2627 8042
2627 8043
2627 8044
2627 8045
2627 8046
2627 8047
2627 8048
2627 8049
2627 8050
2627 8051
2627 8052
2627 8053
2627 8054
2627 8055
2627 8056
2627 8057
2627 8058
2627 8059
2627 8060
2627 8061
2627 8062
2627 8063
2627 8064
2627 8065
2627 8066
2627 8067
2627 8068
2627 8069
2627 8070
2627 8071
2627 8072
2627 8073
2627 8074
2627 8075
2627 8076
2627 8077
2627 8078
2627 8079
2627 8080
2627 8081
2627 8082
2627 8083
2627 8084
2627 8085
2627 8086
2627 8087
2627 8088
2627 8089
2627 8090
2627 8091
2627 8092
2627 8093
2627 8094
2627 8095
2627 8096
2627 8097
2627 8098
2627 8099
2627 8100
2627 8101
2627 8102
2627 8103
2627 8104
2627 8105
2627 8106
2627 8107
2627 8108
2627 8109
2627 8110
2627 8111
2627 8112
2627 8113
2627 8114
2627 8115
2627 8116
2627 8117
2627 8118
2627 8119
2627 8120
2627 8121
2627 8122
2627 8123
2627 8124
2627 8125
2627 8126
2627 8127
2627 8128
2627 8129
2627 8130
2627 8131
2627 8132
2627 8133
2627 8134
2627 8135
2627 8136
2627 8137
2627 8138
2627 8139
2627 8140
2627 8141
2627 8142
2627 8143
2627 8144
2627 8145
2627 8146
2627 8147
2627 8148
2627 8149
2627 8150
2627 8151
2627 8152
2627 8153
2627 8154
2627 8155
2627 8156
2627 8157
2627 8158
2627 8159
2627 8160
2627 8161
2627 8162
2627 8163
2627 8164
2627 8165
2627 8166
2627 8167
2627 8168
2627 8169
2627 8170
2627 8171
2627 8172
2627 8173
2627 8174
2627 8175
2627 8176
2627 8177
2627 8178
2627 8179
2627 8180
2627 8181
2627 8182
2627 8183
2627 8184
2627 8185
2627 8186
2627 8187
2627 8188
2627 8189
2627 8190
2627 8191
2627 8192
2627 8193
2627 8194
2627 8195
2627 8196
2627 8197
2627 8198
2627 8199
2627 8200
2627 8201
2627 8202
2627 8203
2627 8204
2627 8205
2627 8206
2627 8207
2627 8208
2627 8209
2627 8210
2627 8211
2627 8212
2627 8213
2627 8214
2627 8215
2627 8216
2627 8217
2627 8218
2627 8219
2627 8220
2627 8221
2627 8222
2627 8223
2627 8224
2627 8225
2627 8226
2627 8227
2627 8228
2627 8229
2627 8230
2627 8231
2627 8232
2627 8233
2627 8234
2627 8235
2627 8236
2627 8237
2627 8238
2627 8239
2627 8240
2627 8241
2627 8242
2627 8243
2627 8244
2627 8245
2627 8246
2627 8247
2627 8248
2627 8249
2627 8250
2627 8251
2627 8252
2627 8253
2627 8254
2627 8255
2627 8256
2627 8257
2627 8258
2627 8259
2627 8260
2627 8261
2627 8262
2627 8263
2627 8264
2627 8265
2627 8266
2627 8267
2627 8268
2627 8269
2627 8270
2627 8271
2627 8272
2627 8273
2627 8274
2627 8275
2627 8276
2627 8277
2627 8278
2627 8279
2627 8280
2627 8281
2627 8282
2627 8283
2627 8284
2627 8285
2627 8286
2627 8287
2627 8288
2627 8289
2627 8290
2627 8291
2627 8292
2627 8293
2627 8294
2627 8295
2627 8296
2627 8297
2627 8298
2627 8299
2627 8300
2627 8301
2627 8302
2627 8303
2627 8304
2627 8305
2627 8306
2627 8307
2627 8308
2627 8309
2627 8310
2627 8311
2627 8312
2627 8313
2627 8314
2627 8315
2627 8316
2627 8317
2627 8318
2627 8319
2627 8320
2627 8321
2627 8322
2627 8323
2627 8324
2627 8325
2627 8326
2627 8327
2627 8328
2627 8329
2627 8330
2627 8331
2627 8332
2627 8333
2627 8334
2627 8335
2627 8336
2627 8337
2627 8338
2627 8339
2627 8340
2627 8341
2627 8342
2627 8343
2627 8344
2627 8345
2627 8346
2627 8347
2627 8348
2627 8349
2627 8350
2627 8351
2627 8352
2627 8353
2627 8354
2627 8355
2627 8356
2627 8357
2627 8358
2627 8359
2627 8360
2627 8361
2627 8362
2627 8363
2627 8364
2627 8365
2627 8366
2627 8367
2627 8368
2627 8369
2627 8370
2627 8371
2627 8372
2627 8373
2627 8374
2627 8375
2627 8376
2627 8377
2627 8378
2627 8379
2627 8380
2627 8381
2627 8382
2627 8383
2627 8384
2627 8385
2627 8386
2627 8387
2627 8388
2627 8389
2627 8390
2627 8391
2627 8392
2627 8393
2627 8394
2627 8395
2627 8396
2627 8397
2627 8398
2627 8399
2627 8400
2627 8401
2627 8402
2627 8403
2627 8404
2627 8405
2627 8406
2627 8407
2627 8408
2627 8409
2627 8410
2627 8411
2627 8412
2627 8413
2627 8414
2627 8415
2627 8416
2627 8417
2627 8418
2627 8419
2627 8420
2627 8421
2627 8422
2627 8423
2627 8424
2627 8425
2627 8426
2627 8427
2627 8428
2627 8429
2627 8430
2627 8431
2627 8432
2627 8433
2627 8434
2627 8435
2627 8436
2627 8437
2627 8438
2627 8439
2627 8440
2627 8441
2627 8442
2627 8443
2627 8444
2627 8445
2627 8446
2627 8447
2627 8448
2627 8449
2627 8450
2627 8451
2627 8452
2627 8453
2627 8454
2627 8455
2627 8456
2627 8457
2627 8458
2627 8459
2627 8460
2627 8461
2627 8462
2627 8463
2627 8464
2627 8465
2627 8466
2627 8467
2627 8468
2627 8469
2627 8470
2627 8471
2627 8472
2627 8473
2627 8474
2627 8475
2627 8476
2627 8477
2627 8478
2627 8479
2627 8480
2627 8481
2627 8482
2627 8483
2627 8484
2627 8485
2627 8486
2627 8487
2627 8488
2627 8489
2627 8490
2627 8491
2627 8492
2627 8493
2627 8494
2627 8495
2627 8496
2627 8497
2627 8498
2627 8499
2627 8500
2627 8501
2627 8502
2627 8503
2627 8504
2627 8505
2627 8506
2627 8507
2627 8508
2627 8509
2627 8510
2627 8511
2627 8512
2627 8513
2627 8514
2627 8515
2627 8516
2627 8517
2627 8518
2627 8519
2627 8520
2627 8521
2627 8522
2627 8523
2627 8524
2627 8525
2627 8526
2627 8527
2627 8528
2627 8529
2627 8530
2627 8531
2627 8532
2627 8533
2627 8534
2627 8535
2627 8536
2627 8537
2627 8538
2627 8539
2627 8540
2627 8541
2627 8542
2627 8543
2627 8544
2627 8545
2627 8546
2627 8547
2627 8548
2627 8549
2627 8550
2627 8551
2627 8552
2627 8553
2627 8554
2627 8555
2627 8556
2627 8557
2627 8558
2627 8559
2627 8560
2627 8561
2627 8562
2627 8563
2627 8564
2627 8565
2627 8566
2627 8567
2627 8568
2627 8569
2627 8570
2627 8571
2627 8572
2627 8573
2627 8574
2627 8575
2627 8576
2627 8577
2627 8578
2627 8579
2627 8580
2627 8581
2627 8582
2627 8583
2627 8584
2627 8585
2627 8586
2627 8587
2627 8588
2627 8589
2627 8590
2627 8591
2627 8592
2627 8593
2627 8594
2627 8595
2627 8596
2627 8597
2627 8598
2627 8599
2627 8600
2627 8601
2627 8602
2627 8603
2627 8604
2627 8605
2627 8606
2627 8607
2627 8608
2627 8609
2627 8610
2627 8611
2627 8612
2627 8613
2627 8614
2627 8615
2627 8616
2627 8617
2627 8618
2627 8619
2627 8620
2627 8621
2627 8622
2627 8623
2627 8624
2627 8625
2627 8626
2627 8627
2627 8628
2627 8629
2627 8630
2627 8631
2627 8632
2627 8633
2627 8634
2627 8635
2627 8636
2627 8637
2627 8638
2627 8639
2627 8640
2627 8641
2627 8642
2627 8643
2627 8644
2627 8645
2627 8646
2627 8647
2627 8648
2627 8649
2627 8650
2627 8651
2627 8652
2627 8653
2627 8654
2627 8655
2627 8656
2627 8657
2627 8658
2627 8659
2627 8660
2627 8661
2627 8662
2627 8663
2627 8664
2627 8665
2627 8666
2627 8667
2627 8668
2627 8669
2627 8670
2627 8671
2627 8672
2627 8673
2627 8674
2627 8675
2627 8676
2627 8677
2627 8678
2627 8679
2627 8680
2627 8681
2627 8682
2627 8683
2627 8684
2627 8685
2627 8686
2627 8687
2627 8688
2627 8689
2627 8690
2627 8691
2627 8692
2627 8693
2627 8694
2627 8695
2627 8696
2627 8697
2627 8698
2627 8699
2627 8700
2627 8701
2627 8702
2627 8703
2627 8704
2627 8705
2627 8706
2627 8707
2627 8708
2627 8709
2627 8710
2627 8711
2627 8712
2627 8713
2627 8714
2627 8715
2627 8716
2627 8717
2627 8718
2627 8719
2627 8720
2627 8721
2627 8722
2627 8723
2627 8724
2627 8725
2627 8726
2627 8727
2627 8728
2627 8729
2627 8730
2627 8731
2627 8732
2627 8733
2627 8734
2627 8735
2627 8736
2627 8737
2627 8738
2627 8739
2627 8740
2627 8741
2627 8742
2627 8743
2627 8744
2627 8745
2627 8746
2627 8747
2627 8748
2627 8749
2627 8750
2627 8751
2627 8752
2627 8753
2627 8754
2627 8755
2627 8756
2627 8757
2627 8758
2627 8759
2627 8760
2627 8761
2627 8762
2627 8763
2627 8764
2627 8765
2627 8766
2627 8767
2627 8768
2627 8769
2627 8770
2627 8771
2627 8772
2627 8773
2627 8774
2627 8775
2627 8776
2627 8777
2627 8778
2627 8779
2627 8780
2627 8781
2627 8782
2627 8783
2627 8784
2627 8785
2627 8786
2627 8787
2627 8788
2627 8789
2627 8790
2627 8791
2627 8792
2627 8793
2627 8794
2627 8795
2627 8796
2627 8797
2627 8798
2627 8799
2627 8800
2627 8801
2627 8802
2627 8803
2627 8804
2627 8805
2627 8806
2627 8807
2627 8808
2627 8809
2627 8810
2627 8811
2627 8812
2627 8813
2627 8814
2627 8815
2627 8816
2627 8817
2627 8818
2627 8819
2627 8820
2627 8821
2627 8822
2627 8823
2627 8824
2627 8825
2627 8826
2627 8827
2627 8828
2627 8829
2627 8830
2627 8831
2627 8832
2627 8833
2627 8834
2627 8835
2627 8836
2627 8837
2627 8838
2627 8839
2627 8840
2627 8841
2627 8842
2627 8843
2627 8844
2627 8845
2627 8846
2627 8847
2627 8848
2627 8849
2627 8850
2627 8851
2627 8852
2627 8853
2627 8854
2627 8855
2627 8856
2627 8857
2627 8858
2627 8859
2627 8860
2627 8861
2627 8862
2627 8863
2627 8864
2627 8865
2627 8866
2627 8867
2627 8868
2627 8869
2627 8870
2627 8871
2627 8872
2627 8873
2627 8874
2627 8875
2627 8876
2627 8877
2627 8878
2627 8879
2627 8880
2627 8881
2627 8882
2627 8883
2627 8884
2627 8885
2627 8886
2627 8887
2627 8888
2627 8889
2627 8890
2627 8891
2627 8892
2627 8893
2627 8894
2627 8895
2627 8896
2627 8897
2627 8898
2627 8899
2627 8900
2627 8901
2627 8902
2627 8903
2627 8904
2627 8905
2627 8906
2627 8907
2627 8908
2627 8909
2627 8910
2627 8911
2627 8912
2627 8913
2627 8914
2627 8915
2627 8916
2627 8917
2627 8918
2627 8919
2627 8920
2627 8921
2627 8922
2627 8923
2627 8924
2627 8925
2627 8926
2627 8927
2627 8928
2627 8929
2627 8930
2627 8931
2627 8932
2627 8933
2627 8934
2627 8935
2627 8936
2627 8937
2627 8938
2627 8939
2627 8940
2627 8941
2627 8942
2627 8943
2627 8944
2627 8945
2627 8946
2627 8947
2627 8948
2627 8949
2627 8950
2627 8951
2627 8952
2627 8953
2627 8954
2627 8955
2627 8956
2627 8957
2627 8958
2627 8959
2627 8960
2627 8961
2627 8962
2627 8963
2627 8964
2627 8965
2627 8966
2627 8967
2627 8968
2627 8969
2627 8970
2627 8971
2627 8972
2627 8973
2627 8974
2627 8975
2627 8976
2627 8977
2627 8978
2627 8979
2627 8980
2627 8981
2627 8982
2627 8983
2627 8984
2627 8985
2627 8986
2627 8987
2627 8988
2627 8989
2627 8990
2627 8991
2627 8992
2627 8993
2627 8994
2627 8995
2627 8996
2627 8997
2627 8998
2627 8999
2627 9000
2627 9001
2627 9002
2627 9003
2627 9004
2627 9005
2627 9006
2627 9007
2627 9008
2627 9009
2627 9010
2627 9011
2627 9012
2627 9013
2627 9014
2627 9015
2627 9016
2627 9017
2627 9018
2627 9019
2627 9020
2627 9021
2627 9022
2627 9023
2627 9024
2627 9025
2627 9026
2627 9027
2627 9028
2627 9029
2627 9030
2627 9031
2627 9032
2627 9033
2627 9034
2627 9035
2627 9036
2627 9037
2627 9038
2627 9039
2627 9040
2627 9041
2627 9042
2627 9043
2627 9044
2627 9045
2627 9046
2627 9047
2627 9048
2627 9049
2627 9050
2627 9051
2627 9052
2627 9053
2627 9054
2627 9055
2627 9056
2627 9057
2627 9058
2627 9059
2627 9060
2627 9061
2627 9062
2627 9063
2627 9064
2627 9065
2627 9066
2627 9067
2627 9068
2627 9069
2627 9070
2627 9071
2627 9072
2627 9073
2627 9074
2627 9075
2627 9076
2627 9077
2627 9078
2627 9079
2627 9080
2627 9081
2627 9082
2627 9083
2627 9084
2627 9085
2627 9086
2627 9087
2627 9088
2627 9089
2627 9090
2627 9091
2627 9092
2627 9093
2627 9094
2627 9095
2627 9096
2627 9097
2627 9098
2627 9099
2627 9100
2627 9101
2627 9102
2627 9103
2627 9104
2627 9105
2627 9106
2627 9107
2627 9108
2627 9109
2627 9110
2627 9111
2627 9112
2627 9113
2627 9114
2627 9115
2627 9116
2627 9117
2627 9118
2627 9119
2627 9120
2627 9121
2627 9122
2627 9123
2627 9124
2627 9125
2627 9126
2627 9127
2627 9128
2627 9129
2627 9130
2627 9131
2627 9132
2627 9133
2627 9134
2627 9135
2627 9136
2627 9137
2627 9138
2627 9139
2627 9140
2627 9141
2627 9142
2627 9143
2627 9144
2627 9145
2627 9146
2627 9147
2627 9148
2627 9149
2627 9150
2627 9151
2627 9152
2627 9153
2627 9154
2627 9155
2627 9156
2627 9157
2627 9158
2627 9159
2627 9160
2627 9161
2627 9162
2627 9163
2627 9164
2627 9165
2627 9166
2627 9167
2627 9168
2627 9169
2627 9170
2627 9171
2627 9172
2627 9173
2627 9174
2627 9175
2627 9176
2627 9177
2627 9178
2627 9179
2627 9180
2627 9181
2627 9182
2627 9183
2627 9184
2627 9185
2627 9186
2627 9187
2627 9188
2627 9189
2627 9190
2627 9191
2627 9192
2627 9193
2627 9194
2627 9195
2627 9196
2627 9197
2627 9198
2627 9199
2627 9200
2627 9201
2627 9202
2627 9203
2627 9204
2627 9205
2627 9206
2627 9207
2627 9208
2627 9209
2627 9210
2627 9211
2627 9212
2627 9213
2627 9214
2627 9215
2627 9216
2627 9217
2627 9218
2627 9219
2627 9220
2627 9221
2627 9222
2627 9223
2627 9224
2627 9225
2627 9226
2627 9227
2627 9228
2627 9229
2627 9230
2627 9231
2627 9232
2627 9233
2627 9234
2627 9235
2627 9236
2627 9237
2627 9238
2627 9239
2627 9240
2627 9241
2627 9242
2627 9243
2627 9244
2627 9245
2627 9246
2627 9247
2627 9248
2627 9249
2627 9250
2627 9251
2627 9252
2627 9253
2627 9254
2627 9255
2627 9256
2627 9257
2627 9258
2627 9259
2627 9260
2627 9261
2627 9262
2627 9263
2627 9264
2627 9265
2627 9266
2627 9267
2627 9268
2627 9269
2627 9270
2627 9271
2627 9272
2627 9273
2627 9274
2627 9275
2627 9276
2627 9277
2627 9278
2627 9279
2627 9280
2627 9281
2627 9282
2627 9283
2627 9284
2627 9285
2627 9286
2627 9287
2627 9288
2627 9289
2627 9290
2627 9291
2627 9292
2627 9293
2627 9294
2627 9295
2627 9296
2627 9297
2627 9298
2627 9299
2627 9300
2627 9301
2627 9302
2627 9303
2627 9304
2627 9305
2627 9306
2627 9307
2627 9308
2627 9309
2627 9310
2627 9311
2627 9312
2627 9313
2627 9314
2627 9315
2627 9316
2627 9317
2627 9318
2627 9319
2627 9320
2627 9321
2627 9322
2627 9323
2627 9324
2627 9325
2627 9326
2627 9327
2627 9328
2627 9329
2627 9330
2627 9331
2627 9332
2627 9333
2627 9334
2627 9335
2627 9336
2627 9337
2627 9338
2627 9339
2627 9340
2627 9341
2627 9342
2627 9343
2627 9344
2627 9345
2627 9346
2627 9347
2627 9348
2627 9349
2627 9350
2627 9351
2627 9352
2627 9353
2627 9354
2627 9355
2627 9356
2627 9357
2627 9358
2627 9359
2627 9360
2627 9361
2627 9362
2627 9363
2627 9364
2627 9365
2627 9366
2627 9367
2627 9368
2627 9369
2627 9370
2627 9371
2627 9372
2627 9373
2627 9374
2627 9375
2627 9376
2627 9377
2627 9378
2627 9379
2627 9380
2627 9381
2627 9382
2627 9383
2627 9384
2627 9385
2627 9386
2627 9387
2627 9388
2627 9389
2627 9390
2627 9391
2627 9392
2627 9393
2627 9394
2627 9395
2627 9396
2627 9397
2627 9398
2627 9399
2627 9400
2627 9401
2627 9402
2627 9403
2627 9404
2627 9405
2627 9406
2627 9407
2627 9408
2627 9409
2627 9410
2627 9411
2627 9412
2627 9413
2627 9414
2627 9415
2627 9416
2627 9417
2627 9418
2627 9419
2627 9420
2627 9421
2627 9422
2627 9423
2627 9424
2627 9425
2627 9426
2627 9427
2627 9428
2627 9429
2627 9430
2627 9431
2627 9432
2627 9433
2627 9434
2627 9435
2627 9436
2627 9437
2627 9438
2627 9439
2627 9440
2627 9441
2627 9442
2627 9443
2627 9444
2627 9445
2627 9446
2627 9447
2627 9448
2627 9449
2627 9450
2627 9451
2627 9452
2627 9453
2627 9454
2627 9455
2627 9456
2627 9457
2627 9458
2627 9459
2627 9460
2627 9461
2627 9462
2627 9463
2627 9464
2627 9465
2627 9466
2627 9467
2627 9468
2627 9469
2627 9470
2627 9471
2627 9472
2627 9473
2627 9474
2627 9475
2627 9476
2627 9477
2627 9478
2627 9479
2627 9480
2627 9481
2627 9482
2627 9483
2627 9484
2627 9485
2627 9486
2627 9487
2627 9488
2627 9489
2627 9490
2627 9491
2627 9492
2627 9493
2627 9494
2627 9495
2627 9496
2627 9497
2627 9498
2627 9499
2627 9500
2627 9501
2627 9502
2627 9503
2627 9504
2627 9505
2627 9506
2627 9507
2627 9508
2627 9509
2627 9510
2627 9511
2627 9512
2627 9513
2627 9514
2627 9515
2627 9516
2627 9517
2627 9518
2627 9519
2627 9520
2627 9521
2627 9522
2627 9523
2627 9524
2627 9525
2627 9526
2627 9527
2627 9528
2627 9529
2627 9530
2627 9531
2627 9532
2627 9533
2627 9534
2627 9535
2627 9536
2627 9537
2627 9538
2627 9539
2627 9540
2627 9541
2627 9542
2627 9543
2627 9544
2627 9545
2627 9546
2627 9547
2627 9548
2627 9549
2627 9550
2627 9551
2627 9552
2627 9553
2627 9554
2627 9555
2627 9556
2627 9557
2627 9558
2627 9559
2627 9560
2627 9561
2627 9562
2627 9563
2627 9564
2627 9565
2627 9566
2627 9567
2627 9568
2627 9569
2627 9570
2627 9571
2627 9572
2627 9573
2627 9574
2627 9575
2627 9576
2627 9577
2627 9578
2627 9579
2627 9580
2627 9581
2627 9582
2627 9583
2627 9584
2627 9585
2627 9586
2627 9587
2627 9588
2627 9589
2627 9590
2627 9591
2627 9592
2627 9593
2627 9594
2627 9595
2627 9596
2627 9597
2627 9598
2627 9599
2627 9600
2627 9601
2627 9602
2627 9603
2627 9604
2627 9605
2627 9606
2627 9607
2627 9608
2627 9609
2627 9610
2627 9611
2627 9612
2627 9613
2627 9614
2627 9615
2627 9616
2627 9617
2627 9618
2627 9619
2627 9620
2627 9621
2627 9622
2627 9623
2627 9624
2627 9625
2627 9626
2627 9627
2627 9628
2627 9629
2627 9630
2627 9631
2627 9632
2627 9633
2627 9634
2627 9635
2627 9636
2627 9637
2627 9638
2627 9639
2627 9640
2627 9641
2627 9642
2627 9643
2627 9644
2627 9645
2627 9646
2627 9647
2627 9648
2627 9649
2627 9650
2627 9651
2627 9652
2627 9653
2627 9654
2627 9655
2627 9656
2627 9657
2627 9658
2627 9659
2627 9660
2627 9661
2627 9662
2627 9663
2627 9664
2627 9665
2627 9666
2627 9667
2627 9668
2627 9669
2627 9670
2627 9671
2627 9672
2627 9673
2627 9674
2627 9675
2627 9676
2627 9677
2627 9678
2627 9679
2627 9680
2627 9681
2627 9682
2627 9683
2627 9684
2627 9685
2627 9686
2627 9687
2627 9688
2627 9689
2627 9690
2627 9691
2627 9692
2627 9693
2627 9694
2627 9695
2627 9696
2627 9697
2627 9698
2627 9699
2627 9700
2627 9701
2627 9702
2627 9703
2627 9704
2627 9705
2627 9706
2627 9707
2627 9708
2627 9709
2627 9710
2627 9711
2627 9712
2627 9713
2627 9714
2627 9715
2627 9716
2627 9717
2627 9718
2627 9719
2627 9720
2627 9721
2627 9722
2627 9723
2627 9724
2627 9725
2627 9726
2627 9727
2627 9728
2627 9729
2627 9730
2627 9731
2627 9732
2627 9733
2627 9734
2627 9735
2627 9736
2627 9737
2627 9738
2627 9739
2627 9740
2627 9741
2627 9742
2627 9743
2627 9744
2627 9745
2627 9746
2627 9747
2627 9748
2627 9749
2627 9750
2627 9751
2627 9752
2627 9753
2627 9754
2627 9755
2627 9756
2627 9757
2627 9758
2627 9759
2627 9760
2627 9761
2627 9762
2627 9763
2627 9764
2627 9765
2627 9766
2627 9767
2627 9768
2627 9769
2627 9770
2627 9771
2627 9772
2627 9773
2627 9774
2627 9775
2627 9776
2627 9777
2627 9778
2627 9779
2627 9780
2627 9781
2627 9782
2627 9783
2627 9784
2627 9785
2627 9786
2627 9787
2627 9788
2627 9789
2627 9790
2627 9791
2627 9792
2627 9793
2627 9794
2627 9795
2627 9796
2627 9797
2627 9798
2627 9799
2627 9800
2627 9801
2627 9802
2627 9803
2627 9804
2627 9805
2627 9806
2627 9807
2627 9808
2627 9809
2627 9810
2627 9811
2627 9812
2627 9813
2627 9814
2627 9815
2627 9816
2627 9817
2627 9818
2627 9819
2627 9820
2627 9821
2627 9822
2627 9823
2627 9824
2627 9825
2627 9826
2627 9827
2627 9828
2627 9829
2627 9830
2627 9831
2627 9832
2627 9833
2627 9834
2627 9835
2627 9836
2627 9837
2627 9838
2627 9839
2627 9840
2627 9841
2627 9842
2627 9843
2627 9844
2627 9845
2627 9846
2627 9847
2627 9848
2627 9849
2627 9850
2627 9851
2627 9852
2627 9853
2627 9854
2627 9855
2627 9856
2627 9857
2627 9858
2627 9859
2627 9860
2627 9861
2627 9862
2627 9863
2627 9864
2627 9865
2627 9866
2627 9867
2627 9868
2627 9869
2627 9870
2627 9871
2627 9872
2627 9873
2627 9874
2627 9875
2627 9876
2627 9877
2627 9878
2627 9879
2627 9880
2627 9881
2627 9882
2627 9883
2627 9884
2627 9885
2627 9886
2627 9887
2627 9888
2627 9889
2627 9890
2627 9891
2627 9892
2627 9893
2627 9894
2627 9895
2627 9896
2627 9897
2627 9898
2627 9899
2627 9900
2627 9901
2627 9902
2627 9903
2627 9904
2627 9905
2627 9906
2627 9907
2627 9908
2627 9909
2627 9910
2627 9911
2627 9912
2627 9913
2627 9914
2627 9915
2627 9916
2627 9917
2627 9918
2627 9919
2627 9920
2627 9921
2627 9922
2627 9923
2627 9924
2627 9925
2627 9926
2627 9927
2627 9928
2627 9929
2627 9930
2627 9931
2627 9932
2627 9933
2627 9934
2627 9935
2627 9936
2627 9937
2627 9938
2627 9939
2627 9940
2627 9941
2627 9942
2627 9943
2627 9944
2627 9945
2627 9946
2627 9947
2627 9948
2627 9949
2627 9950
2627 9951
2627 9952
2627 9953
2627 9954
2627 9955
2627 9956
2627 9957
2627 9958
2627 9959
2627 9960
2627 9961
2627 9962
2627 9963
2627 9964
2627 9965
2627 9966
2627 9967
2627 9968
2627 9969
2627 9970
2627 9971
2627 9972
2627 9973
2627 9974
2627 9975
2627 9976
2627 9977
2627 9978
2627 9979
2627 9980
2627 9981
2627 9982
2627 9983
2627 9984
2627 9985
2627 9986
2627 9987
2627 9988
2627 9989
2627 9990
2627 9991
2627 9992
2627 9993
2627 9994
2627 9995
2627 9996
2627 9997
2627 9998
2627 9999
2627 10000
