9000
0 1
1 2
2 3
0 4
4 5
5 6
6 7
0 8
0 9
0 10
9 11
2 12
9 13
0 14
7 15
12 16
12 17
14 18
13 19
0 20
5 21
14 22
6 23
14 24
17 25
16 26
23 27
10 28
26 29
11 30
11 31
30 32
2 33
27 34
5 35
4 36
21 37
33 38
0 39
30 40
34 41
0 42
2 43
21 44
9 45
10 46
14 47
23 48
24 49
20 50
40 51
0 52
17 53
44 54
39 55
4 56
15 57
56 58
36 59
19 60
60 61
51 62
59 63
5 64
6 65
52 66
11 67
35 68
63 69
44 70
64 71
61 72
59 73
65 74
74 75
38 76
38 77
34 78
25 79
69 80
60 81
22 82
54 83
61 84
27 85
66 86
85 87
87 88
5 89
19 90
23 91
50 92
31 93
79 94
71 95
19 96
89 97
33 98
68 99
78 100
99 101
74 102
2 103
29 104
75 105
4 106
70 107
48 108
26 109
9 110
54 111
93 112
3 113
58 114
41 115
33 116
97 117
85 118
118 119
110 120
78 121
46 122
113 123
22 124
89 125
71 126
125 127
80 128
43 129
49 130
62 131
2 132
17 133
108 134
68 135
7 136
53 137
23 138
5 139
81 140
47 141
27 142
54 143
137 144
86 145
107 146
144 147
38 148
99 149
146 150
85 151
99 152
43 153
46 154
154 155
73 156
37 157
46 158
40 159
101 160
68 161
111 162
139 163
29 164
153 165
106 166
61 167
145 168
84 169
125 170
50 171
96 172
167 173
3 174
3 175
160 176
20 177
105 178
70 179
30 180
93 181
146 182
87 183
181 184
164 185
64 186
88 187
106 188
60 189
66 190
108 191
120 192
147 193
32 194
187 195
141 196
184 197
25 198
185 199
180 200
19 201
28 202
46 203
133 204
131 205
29 206
131 207
90 208
52 209
23 210
52 211
107 212
171 213
184 214
210 215
204 216
40 217
71 218
148 219
69 220
82 221
17 222
69 223
114 224
190 225
31 226
68 227
172 228
228 229
73 230
185 231
33 232
34 233
123 234
77 235
67 236
132 237
92 238
159 239
207 240
134 241
31 242
103 243
203 244
190 245
119 246
48 247
24 248
112 249
150 250
243 251
66 252
99 253
249 254
250 255
188 256
11 257
40 258
34 259
196 260
32 261
23 262
45 263
198 264
166 265
200 266
92 267
0 268
245 269
86 270
253 271
151 272
93 273
240 274
29 275
36 276
159 277
179 278
233 279
153 280
239 281
102 282
270 283
81 284
245 285
89 286
240 287
220 288
35 289
18 290
165 291
84 292
34 293
290 294
15 295
293 296
244 297
202 298
165 299
75 300
257 301
152 302
301 303
266 304
50 305
103 306
87 307
161 308
183 309
167 310
6 311
151 312
276 313
162 314
243 315
222 316
203 317
119 318
283 319
92 320
283 321
114 322
27 323
12 324
205 325
236 326
308 327
101 328
164 329
240 330
193 331
193 332
188 333
109 334
186 335
272 336
216 337
124 338
17 339
86 340
282 341
130 342
223 343
58 344
308 345
130 346
295 347
5 348
284 349
60 350
192 351
35 352
229 353
89 354
9 355
344 356
79 357
72 358
96 359
197 360
254 361
263 362
105 363
276 364
17 365
330 366
73 367
337 368
5 369
118 370
250 371
123 372
321 373
283 374
254 375
299 376
3 377
15 378
312 379
190 380
280 381
62 382
200 383
25 384
108 385
94 386
254 387
368 388
267 389
290 390
292 391
175 392
257 393
30 394
256 395
325 396
288 397
394 398
249 399
278 400
71 401
1 402
366 403
372 404
125 405
155 406
115 407
368 408
223 409
304 410
319 411
385 412
401 413
150 414
209 415
5 416
195 417
150 418
335 419
72 420
126 421
49 422
160 423
378 424
352 425
93 426
209 427
176 428
241 429
403 430
72 431
53 432
427 433
372 434
239 435
129 436
237 437
35 438
82 439
330 440
194 441
216 442
63 443
51 444
361 445
15 446
309 447
305 448
100 449
152 450
27 451
364 452
446 453
227 454
84 455
286 456
450 457
375 458
213 459
414 460
309 461
310 462
94 463
343 464
206 465
445 466
388 467
238 468
318 469
90 470
211 471
266 472
177 473
366 474
417 475
34 476
454 477
24 478
132 479
4 480
409 481
355 482
267 483
364 484
100 485
77 486
36 487
203 488
474 489
298 490
7 491
461 492
79 493
293 494
97 495
101 496
103 497
247 498
78 499
243 500
445 501
143 502
463 503
190 504
197 505
135 506
483 507
99 508
298 509
44 510
285 511
486 512
502 513
340 514
1 515
432 516
27 517
290 518
374 519
273 520
45 521
259 522
445 523
2 524
224 525
69 526
416 527
85 528
364 529
449 530
75 531
288 532
481 533
61 534
346 535
520 536
372 537
242 538
211 539
415 540
228 541
437 542
218 543
127 544
65 545
79 546
281 547
132 548
269 549
443 550
494 551
496 552
290 553
316 554
84 555
230 556
153 557
170 558
532 559
1 560
2 561
118 562
308 563
553 564
489 565
56 566
360 567
198 568
481 569
359 570
278 571
156 572
568 573
72 574
495 575
183 576
82 577
575 578
176 579
273 580
265 581
343 582
56 583
432 584
467 585
552 586
243 587
560 588
233 589
277 590
184 591
416 592
442 593
131 594
188 595
75 596
272 597
275 598
201 599
586 600
447 601
139 602
305 603
448 604
310 605
509 606
64 607
119 608
5 609
407 610
64 611
17 612
17 613
70 614
320 615
585 616
363 617
132 618
8 619
527 620
72 621
15 622
451 623
569 624
371 625
450 626
253 627
492 628
362 629
261 630
7 631
363 632
296 633
238 634
493 635
110 636
466 637
127 638
621 639
37 640
586 641
86 642
137 643
349 644
353 645
175 646
465 647
515 648
280 649
608 650
166 651
305 652
499 653
432 654
236 655
134 656
465 657
114 658
392 659
394 660
637 661
599 662
432 663
304 664
460 665
631 666
369 667
474 668
102 669
520 670
184 671
138 672
80 673
611 674
351 675
114 676
40 677
74 678
524 679
439 680
274 681
183 682
572 683
281 684
160 685
393 686
215 687
526 688
251 689
216 690
32 691
531 692
510 693
630 694
419 695
363 696
112 697
542 698
110 699
83 700
235 701
619 702
496 703
175 704
255 705
123 706
564 707
483 708
40 709
576 710
644 711
11 712
453 713
125 714
505 715
566 716
233 717
128 718
464 719
473 720
84 721
457 722
62 723
325 724
513 725
220 726
112 727
155 728
40 729
433 730
306 731
555 732
341 733
507 734
20 735
90 736
690 737
65 738
266 739
27 740
11 741
41 742
42 743
33 744
454 745
233 746
378 747
166 748
226 749
458 750
415 751
463 752
205 753
223 754
257 755
90 756
552 757
570 758
69 759
368 760
613 761
136 762
759 763
241 764
41 765
713 766
605 767
468 768
115 769
471 770
474 771
704 772
337 773
596 774
550 775
543 776
554 777
3 778
520 779
592 780
629 781
669 782
284 783
616 784
529 785
596 786
398 787
584 788
110 789
460 790
256 791
722 792
307 793
708 794
79 795
425 796
329 797
338 798
736 799
422 800
579 801
194 802
395 803
357 804
156 805
322 806
131 807
391 808
807 809
806 810
523 811
792 812
325 813
254 814
310 815
92 816
85 817
50 818
569 819
614 820
781 821
695 822
247 823
185 824
735 825
413 826
741 827
735 828
362 829
156 830
641 831
535 832
20 833
154 834
150 835
337 836
216 837
609 838
377 839
823 840
26 841
169 842
230 843
766 844
446 845
218 846
478 847
515 848
320 849
253 850
844 851
368 852
78 853
215 854
361 855
446 856
502 857
265 858
122 859
503 860
729 861
14 862
437 863
558 864
561 865
91 866
517 867
338 868
504 869
648 870
232 871
233 872
321 873
789 874
356 875
271 876
94 877
570 878
285 879
485 880
315 881
804 882
500 883
538 884
260 885
149 886
719 887
655 888
71 889
392 890
478 891
13 892
124 893
243 894
601 895
501 896
578 897
514 898
199 899
719 900
15 901
807 902
740 903
564 904
124 905
265 906
656 907
425 908
744 909
271 910
757 911
315 912
342 913
549 914
121 915
720 916
693 917
498 918
865 919
677 920
437 921
789 922
613 923
42 924
906 925
670 926
572 927
211 928
562 929
678 930
867 931
452 932
231 933
347 934
879 935
536 936
657 937
345 938
143 939
709 940
146 941
933 942
11 943
523 944
154 945
561 946
891 947
534 948
581 949
33 950
433 951
128 952
49 953
374 954
640 955
640 956
575 957
810 958
500 959
944 960
86 961
621 962
599 963
17 964
781 965
300 966
157 967
205 968
421 969
730 970
89 971
891 972
321 973
157 974
80 975
942 976
718 977
598 978
667 979
48 980
873 981
551 982
30 983
777 984
472 985
305 986
620 987
168 988
130 989
94 990
685 991
596 992
918 993
189 994
19 995
970 996
169 997
29 998
670 999
251 1000
822 1001
592 1002
906 1003
400 1004
367 1005
138 1006
479 1007
333 1008
908 1009
918 1010
726 1011
194 1012
916 1013
248 1014
222 1015
758 1016
956 1017
904 1018
172 1019
587 1020
406 1021
41 1022
472 1023
903 1024
442 1025
49 1026
994 1027
200 1028
565 1029
689 1030
677 1031
618 1032
177 1033
556 1034
775 1035
210 1036
138 1037
491 1038
372 1039
158 1040
341 1041
880 1042
147 1043
1016 1044
785 1045
339 1046
633 1047
121 1048
656 1049
932 1050
414 1051
191 1052
576 1053
254 1054
886 1055
369 1056
763 1057
927 1058
68 1059
757 1060
114 1061
1061 1062
1018 1063
506 1064
381 1065
734 1066
994 1067
255 1068
908 1069
644 1070
535 1071
155 1072
408 1073
369 1074
355 1075
807 1076
461 1077
237 1078
1032 1079
169 1080
929 1081
1 1082
1043 1083
510 1084
700 1085
372 1086
823 1087
250 1088
699 1089
154 1090
338 1091
330 1092
292 1093
466 1094
122 1095
475 1096
35 1097
897 1098
942 1099
189 1100
288 1101
301 1102
858 1103
475 1104
734 1105
583 1106
803 1107
933 1108
299 1109
899 1110
430 1111
421 1112
700 1113
298 1114
659 1115
1018 1116
890 1117
1021 1118
402 1119
778 1120
619 1121
315 1122
358 1123
388 1124
1113 1125
712 1126
104 1127
1069 1128
443 1129
754 1130
212 1131
1130 1132
574 1133
382 1134
129 1135
1077 1136
376 1137
362 1138
943 1139
1115 1140
965 1141
819 1142
1088 1143
431 1144
800 1145
653 1146
30 1147
113 1148
416 1149
562 1150
54 1151
777 1152
737 1153
207 1154
1095 1155
693 1156
851 1157
320 1158
1078 1159
192 1160
947 1161
407 1162
1042 1163
197 1164
1160 1165
389 1166
711 1167
467 1168
502 1169
861 1170
241 1171
666 1172
847 1173
401 1174
579 1175
494 1176
790 1177
483 1178
164 1179
1094 1180
523 1181
624 1182
720 1183
928 1184
579 1185
37 1186
535 1187
83 1188
1156 1189
746 1190
648 1191
893 1192
791 1193
645 1194
417 1195
394 1196
276 1197
383 1198
712 1199
140 1200
1011 1201
936 1202
459 1203
0 1204
987 1205
1077 1206
268 1207
850 1208
510 1209
881 1210
241 1211
821 1212
770 1213
1206 1214
677 1215
885 1216
98 1217
200 1218
695 1219
236 1220
507 1221
813 1222
559 1223
1130 1224
242 1225
762 1226
990 1227
692 1228
170 1229
424 1230
995 1231
776 1232
460 1233
180 1234
855 1235
35 1236
21 1237
307 1238
1212 1239
779 1240
424 1241
118 1242
815 1243
338 1244
784 1245
665 1246
223 1247
177 1248
116 1249
141 1250
1117 1251
810 1252
610 1253
925 1254
598 1255
600 1256
236 1257
159 1258
1243 1259
1137 1260
644 1261
591 1262
103 1263
735 1264
512 1265
1142 1266
452 1267
34 1268
5 1269
208 1270
357 1271
793 1272
50 1273
657 1274
144 1275
953 1276
205 1277
596 1278
582 1279
1021 1280
671 1281
128 1282
292 1283
404 1284
454 1285
621 1286
774 1287
992 1288
512 1289
564 1290
418 1291
1240 1292
679 1293
956 1294
102 1295
457 1296
796 1297
1069 1298
1091 1299
704 1300
550 1301
196 1302
339 1303
788 1304
907 1305
881 1306
989 1307
1278 1308
552 1309
1086 1310
854 1311
0 1312
656 1313
476 1314
1081 1315
677 1316
674 1317
1108 1318
666 1319
1056 1320
110 1321
694 1322
272 1323
73 1324
806 1325
1075 1326
12 1327
46 1328
666 1329
768 1330
472 1331
367 1332
606 1333
194 1334
1102 1335
812 1336
745 1337
1283 1338
432 1339
109 1340
325 1341
499 1342
370 1343
865 1344
75 1345
51 1346
830 1347
1107 1348
602 1349
198 1350
1081 1351
538 1352
1125 1353
280 1354
1053 1355
540 1356
194 1357
47 1358
226 1359
1142 1360
1131 1361
410 1362
798 1363
334 1364
176 1365
66 1366
396 1367
665 1368
783 1369
549 1370
161 1371
518 1372
287 1373
494 1374
942 1375
202 1376
555 1377
30 1378
1103 1379
473 1380
120 1381
344 1382
218 1383
1125 1384
925 1385
39 1386
464 1387
682 1388
685 1389
93 1390
871 1391
1305 1392
1049 1393
88 1394
879 1395
157 1396
136 1397
720 1398
246 1399
1059 1400
1065 1401
686 1402
709 1403
1105 1404
884 1405
151 1406
583 1407
354 1408
171 1409
383 1410
796 1411
991 1412
1031 1413
882 1414
160 1415
297 1416
44 1417
104 1418
1010 1419
193 1420
954 1421
527 1422
601 1423
1248 1424
1097 1425
742 1426
1018 1427
944 1428
929 1429
20 1430
565 1431
434 1432
65 1433
15 1434
710 1435
1390 1436
569 1437
754 1438
822 1439
1264 1440
1157 1441
278 1442
428 1443
37 1444
299 1445
739 1446
209 1447
989 1448
1207 1449
1283 1450
999 1451
106 1452
1277 1453
665 1454
578 1455
433 1456
806 1457
393 1458
139 1459
399 1460
543 1461
1070 1462
503 1463
639 1464
710 1465
889 1466
977 1467
1141 1468
995 1469
294 1470
1338 1471
510 1472
1439 1473
867 1474
1314 1475
1255 1476
318 1477
537 1478
144 1479
635 1480
1191 1481
841 1482
780 1483
845 1484
695 1485
412 1486
895 1487
981 1488
1208 1489
462 1490
511 1491
1458 1492
826 1493
183 1494
361 1495
1296 1496
316 1497
949 1498
319 1499
307 1500
271 1501
1498 1502
922 1503
563 1504
967 1505
571 1506
628 1507
1217 1508
83 1509
507 1510
1248 1511
1394 1512
1292 1513
206 1514
1208 1515
947 1516
1349 1517
494 1518
428 1519
485 1520
959 1521
1510 1522
816 1523
1045 1524
1362 1525
1138 1526
1472 1527
279 1528
366 1529
1434 1530
1026 1531
1022 1532
1193 1533
256 1534
208 1535
55 1536
85 1537
1184 1538
1258 1539
951 1540
648 1541
1184 1542
1404 1543
1314 1544
1073 1545
772 1546
972 1547
682 1548
96 1549
734 1550
1313 1551
711 1552
1431 1553
1334 1554
934 1555
668 1556
323 1557
986 1558
121 1559
1154 1560
561 1561
1153 1562
1358 1563
1276 1564
808 1565
1388 1566
20 1567
434 1568
101 1569
1463 1570
38 1571
678 1572
238 1573
1523 1574
413 1575
379 1576
1418 1577
360 1578
1470 1579
1128 1580
456 1581
1137 1582
1458 1583
757 1584
46 1585
1207 1586
1293 1587
200 1588
1515 1589
643 1590
959 1591
1067 1592
1582 1593
710 1594
93 1595
163 1596
968 1597
1255 1598
1340 1599
1164 1600
1053 1601
613 1602
607 1603
160 1604
852 1605
33 1606
1206 1607
1254 1608
841 1609
565 1610
1040 1611
651 1612
1188 1613
1306 1614
858 1615
310 1616
129 1617
284 1618
1575 1619
1335 1620
1056 1621
732 1622
166 1623
81 1624
740 1625
610 1626
826 1627
437 1628
1427 1629
121 1630
213 1631
1294 1632
433 1633
872 1634
163 1635
1090 1636
1520 1637
1096 1638
474 1639
561 1640
1480 1641
432 1642
1240 1643
777 1644
581 1645
478 1646
1148 1647
625 1648
343 1649
43 1650
507 1651
431 1652
291 1653
810 1654
1417 1655
995 1656
953 1657
735 1658
1526 1659
537 1660
1242 1661
913 1662
985 1663
1534 1664
1059 1665
418 1666
1366 1667
429 1668
543 1669
1565 1670
785 1671
749 1672
1417 1673
36 1674
841 1675
153 1676
994 1677
1252 1678
979 1679
544 1680
1182 1681
49 1682
325 1683
998 1684
739 1685
1308 1686
588 1687
1099 1688
211 1689
927 1690
498 1691
634 1692
1598 1693
1433 1694
945 1695
645 1696
1622 1697
490 1698
1359 1699
1251 1700
261 1701
346 1702
1210 1703
1538 1704
538 1705
825 1706
1104 1707
402 1708
884 1709
651 1710
213 1711
1002 1712
1169 1713
146 1714
897 1715
1062 1716
145 1717
1667 1718
926 1719
1120 1720
574 1721
1109 1722
1660 1723
310 1724
1501 1725
961 1726
284 1727
1228 1728
1483 1729
731 1730
1334 1731
1194 1732
846 1733
88 1734
1182 1735
1321 1736
1717 1737
1611 1738
754 1739
1154 1740
979 1741
527 1742
385 1743
1623 1744
1607 1745
1457 1746
1140 1747
589 1748
1110 1749
355 1750
1019 1751
922 1752
755 1753
42 1754
1166 1755
348 1756
784 1757
1388 1758
1367 1759
377 1760
300 1761
1489 1762
446 1763
860 1764
1295 1765
707 1766
1103 1767
704 1768
979 1769
1041 1770
1159 1771
356 1772
1649 1773
1221 1774
688 1775
1135 1776
64 1777
440 1778
1738 1779
577 1780
77 1781
137 1782
1611 1783
225 1784
1093 1785
722 1786
1000 1787
404 1788
1201 1789
1103 1790
884 1791
1334 1792
938 1793
640 1794
988 1795
1175 1796
503 1797
1170 1798
1450 1799
809 1800
497 1801
507 1802
385 1803
1680 1804
1177 1805
1248 1806
1806 1807
330 1808
1579 1809
1502 1810
368 1811
1149 1812
1344 1813
571 1814
1242 1815
1573 1816
822 1817
557 1818
941 1819
722 1820
1698 1821
908 1822
1820 1823
681 1824
1461 1825
1483 1826
1117 1827
1082 1828
1730 1829
360 1830
1203 1831
1786 1832
1783 1833
554 1834
746 1835
910 1836
1385 1837
477 1838
1007 1839
32 1840
909 1841
1138 1842
306 1843
532 1844
806 1845
240 1846
1545 1847
446 1848
221 1849
1168 1850
459 1851
1230 1852
1483 1853
731 1854
684 1855
700 1856
1769 1857
58 1858
364 1859
1645 1860
1857 1861
487 1862
441 1863
421 1864
680 1865
1041 1866
1514 1867
1854 1868
556 1869
757 1870
1823 1871
329 1872
710 1873
1674 1874
181 1875
1488 1876
50 1877
750 1878
366 1879
1356 1880
1250 1881
1179 1882
1510 1883
40 1884
147 1885
1091 1886
1598 1887
1269 1888
34 1889
1104 1890
836 1891
8 1892
1299 1893
1624 1894
525 1895
89 1896
261 1897
987 1898
934 1899
224 1900
1725 1901
991 1902
1084 1903
1341 1904
405 1905
1279 1906
422 1907
1832 1908
521 1909
1630 1910
359 1911
1663 1912
838 1913
1639 1914
45 1915
1272 1916
1561 1917
700 1918
903 1919
222 1920
857 1921
1274 1922
1329 1923
875 1924
1181 1925
857 1926
1326 1927
485 1928
1170 1929
1523 1930
809 1931
297 1932
1272 1933
1318 1934
510 1935
789 1936
610 1937
1077 1938
507 1939
220 1940
1714 1941
1415 1942
490 1943
640 1944
1023 1945
660 1946
1265 1947
1919 1948
1092 1949
1101 1950
1281 1951
734 1952
709 1953
1615 1954
1815 1955
454 1956
1616 1957
1657 1958
488 1959
75 1960
873 1961
1667 1962
312 1963
1727 1964
989 1965
687 1966
148 1967
807 1968
1226 1969
269 1970
462 1971
56 1972
931 1973
412 1974
726 1975
1421 1976
1803 1977
36 1978
1896 1979
259 1980
1409 1981
1427 1982
1981 1983
925 1984
1463 1985
318 1986
1268 1987
461 1988
123 1989
222 1990
1403 1991
74 1992
1895 1993
1782 1994
569 1995
1971 1996
509 1997
923 1998
320 1999
396 2000
1968 2001
1789 2002
1130 2003
572 2004
394 2005
1838 2006
1734 2007
1943 2008
1792 2009
59 2010
471 2011
953 2012
876 2013
281 2014
1668 2015
1443 2016
1427 2017
1535 2018
231 2019
20 2020
1054 2021
1103 2022
1943 2023
1498 2024
1579 2025
89 2026
1230 2027
334 2028
463 2029
1470 2030
31 2031
173 2032
57 2033
882 2034
1684 2035
1816 2036
1098 2037
1189 2038
1229 2039
2031 2040
882 2041
1407 2042
1819 2043
946 2044
310 2045
1080 2046
35 2047
1016 2048
1459 2049
1149 2050
1896 2051
1703 2052
1737 2053
1811 2054
627 2055
1275 2056
274 2057
1397 2058
829 2059
778 2060
543 2061
301 2062
1264 2063
816 2064
1414 2065
255 2066
123 2067
197 2068
397 2069
1018 2070
787 2071
1196 2072
1298 2073
1827 2074
454 2075
12 2076
1302 2077
1344 2078
1996 2079
1316 2080
953 2081
1066 2082
730 2083
434 2084
1301 2085
1823 2086
1151 2087
925 2088
1146 2089
2082 2090
660 2091
1285 2092
1122 2093
1675 2094
732 2095
31 2096
454 2097
260 2098
680 2099
581 2100
845 2101
1356 2102
1456 2103
1789 2104
53 2105
1682 2106
821 2107
949 2108
1761 2109
590 2110
1245 2111
303 2112
1705 2113
1688 2114
589 2115
1378 2116
1364 2117
1626 2118
793 2119
776 2120
242 2121
1828 2122
89 2123
809 2124
1143 2125
1105 2126
1569 2127
1377 2128
1349 2129
1101 2130
829 2131
529 2132
1503 2133
1992 2134
274 2135
748 2136
1968 2137
421 2138
1045 2139
1903 2140
1775 2141
1296 2142
727 2143
513 2144
1022 2145
1166 2146
965 2147
833 2148
1402 2149
2138 2150
624 2151
1853 2152
282 2153
795 2154
1879 2155
736 2156
355 2157
1670 2158
309 2159
2125 2160
126 2161
1209 2162
982 2163
978 2164
944 2165
1184 2166
1075 2167
1480 2168
114 2169
168 2170
960 2171
404 2172
2157 2173
1415 2174
321 2175
898 2176
456 2177
1119 2178
948 2179
80 2180
373 2181
1624 2182
860 2183
978 2184
445 2185
1459 2186
1765 2187
1941 2188
557 2189
611 2190
160 2191
1533 2192
533 2193
1460 2194
5 2195
1802 2196
1698 2197
1134 2198
1393 2199
2016 2200
1181 2201
1516 2202
500 2203
2087 2204
73 2205
775 2206
2184 2207
219 2208
1761 2209
1364 2210
1657 2211
348 2212
871 2213
644 2214
1116 2215
1448 2216
652 2217
903 2218
1785 2219
1579 2220
428 2221
417 2222
294 2223
632 2224
1365 2225
1513 2226
1571 2227
687 2228
1907 2229
1720 2230
421 2231
614 2232
1858 2233
2204 2234
1861 2235
2044 2236
410 2237
1867 2238
390 2239
1394 2240
398 2241
762 2242
2065 2243
228 2244
745 2245
531 2246
1941 2247
1656 2248
1247 2249
1474 2250
1948 2251
2148 2252
412 2253
1722 2254
96 2255
1542 2256
1113 2257
2099 2258
432 2259
99 2260
55 2261
1310 2262
180 2263
625 2264
1450 2265
15 2266
1561 2267
1030 2268
1190 2269
140 2270
1649 2271
81 2272
631 2273
663 2274
1245 2275
1487 2276
1690 2277
1301 2278
1576 2279
1584 2280
1833 2281
1270 2282
2243 2283
1443 2284
283 2285
1865 2286
297 2287
511 2288
1239 2289
1209 2290
1763 2291
1672 2292
860 2293
1845 2294
2221 2295
921 2296
2288 2297
388 2298
1891 2299
1091 2300
312 2301
2028 2302
2285 2303
1406 2304
637 2305
1847 2306
1304 2307
1003 2308
825 2309
791 2310
1487 2311
1625 2312
1787 2313
770 2314
842 2315
92 2316
2303 2317
2093 2318
1993 2319
171 2320
693 2321
1334 2322
1204 2323
985 2324
2057 2325
1735 2326
504 2327
958 2328
1526 2329
1375 2330
893 2331
118 2332
626 2333
1312 2334
772 2335
195 2336
285 2337
1953 2338
766 2339
1355 2340
1708 2341
364 2342
1013 2343
668 2344
951 2345
1112 2346
1424 2347
1127 2348
1829 2349
1441 2350
2092 2351
882 2352
326 2353
703 2354
472 2355
1130 2356
1886 2357
121 2358
1661 2359
712 2360
1358 2361
1071 2362
2122 2363
199 2364
2179 2365
208 2366
2035 2367
998 2368
988 2369
1885 2370
1685 2371
670 2372
1163 2373
1338 2374
212 2375
1800 2376
2235 2377
1212 2378
174 2379
1120 2380
642 2381
1942 2382
36 2383
1388 2384
77 2385
1085 2386
252 2387
1286 2388
2269 2389
1911 2390
233 2391
1951 2392
2259 2393
754 2394
685 2395
2179 2396
1844 2397
401 2398
784 2399
17 2400
1855 2401
2028 2402
510 2403
1114 2404
1378 2405
75 2406
718 2407
1068 2408
1485 2409
702 2410
373 2411
2295 2412
675 2413
1817 2414
1976 2415
609 2416
2114 2417
1961 2418
1859 2419
1943 2420
1407 2421
2409 2422
1136 2423
1412 2424
1573 2425
345 2426
1326 2427
1620 2428
2345 2429
2027 2430
920 2431
1515 2432
1633 2433
1533 2434
1425 2435
2434 2436
2164 2437
1366 2438
1297 2439
730 2440
767 2441
1770 2442
1383 2443
601 2444
571 2445
1119 2446
2201 2447
1338 2448
2182 2449
57 2450
464 2451
1260 2452
257 2453
1065 2454
613 2455
1149 2456
761 2457
2114 2458
1651 2459
715 2460
2028 2461
471 2462
2235 2463
412 2464
2006 2465
709 2466
2280 2467
1698 2468
245 2469
2303 2470
67 2471
2393 2472
72 2473
321 2474
50 2475
712 2476
598 2477
1796 2478
2060 2479
349 2480
1150 2481
2082 2482
1148 2483
1909 2484
135 2485
491 2486
372 2487
411 2488
1056 2489
2028 2490
1063 2491
2396 2492
465 2493
2042 2494
1379 2495
587 2496
467 2497
2357 2498
899 2499
134 2500
1376 2501
515 2502
980 2503
2057 2504
192 2505
781 2506
360 2507
761 2508
2424 2509
1705 2510
1999 2511
1427 2512
836 2513
1146 2514
2 2515
1634 2516
126 2517
1624 2518
2348 2519
1679 2520
1745 2521
592 2522
225 2523
1176 2524
1945 2525
539 2526
561 2527
2146 2528
2264 2529
2023 2530
266 2531
570 2532
1007 2533
819 2534
1332 2535
842 2536
2211 2537
1615 2538
1034 2539
1897 2540
154 2541
776 2542
1214 2543
549 2544
1156 2545
613 2546
185 2547
1700 2548
1156 2549
1523 2550
537 2551
2087 2552
1227 2553
2237 2554
438 2555
929 2556
442 2557
1059 2558
969 2559
200 2560
1013 2561
2014 2562
1823 2563
2003 2564
1634 2565
88 2566
1030 2567
1620 2568
545 2569
1398 2570
1099 2571
426 2572
1979 2573
2130 2574
61 2575
1113 2576
2219 2577
1436 2578
1013 2579
2521 2580
506 2581
2575 2582
90 2583
1213 2584
2393 2585
2 2586
2230 2587
1101 2588
1661 2589
1893 2590
1818 2591
1957 2592
1285 2593
218 2594
873 2595
1115 2596
163 2597
2173 2598
277 2599
1903 2600
1943 2601
796 2602
2229 2603
1942 2604
259 2605
833 2606
1027 2607
1481 2608
1707 2609
2210 2610
1476 2611
414 2612
161 2613
540 2614
718 2615
511 2616
211 2617
911 2618
1076 2619
2594 2620
689 2621
1526 2622
2002 2623
2082 2624
1589 2625
1658 2626
237 2627
1143 2628
419 2629
1595 2630
2153 2631
1715 2632
2341 2633
407 2634
1160 2635
15 2636
385 2637
204 2638
985 2639
2460 2640
1724 2641
2463 2642
653 2643
15 2644
1566 2645
1347 2646
606 2647
703 2648
2535 2649
273 2650
1452 2651
1246 2652
2028 2653
1206 2654
144 2655
1893 2656
309 2657
1370 2658
1674 2659
2628 2660
602 2661
1481 2662
1157 2663
1792 2664
737 2665
2527 2666
1723 2667
603 2668
2575 2669
2092 2670
1820 2671
137 2672
110 2673
2433 2674
15 2675
1609 2676
672 2677
1307 2678
2350 2679
36 2680
2182 2681
2341 2682
1568 2683
2007 2684
1786 2685
1298 2686
2047 2687
919 2688
2223 2689
25 2690
318 2691
2324 2692
2622 2693
2047 2694
2500 2695
1711 2696
1599 2697
192 2698
1870 2699
533 2700
1238 2701
2391 2702
2124 2703
2522 2704
1570 2705
201 2706
2221 2707
2462 2708
2285 2709
979 2710
446 2711
662 2712
46 2713
1790 2714
1350 2715
1747 2716
432 2717
15 2718
1704 2719
1920 2720
1216 2721
1426 2722
335 2723
1221 2724
1035 2725
1334 2726
168 2727
2350 2728
988 2729
2409 2730
237 2731
1264 2732
781 2733
134 2734
1867 2735
2710 2736
1333 2737
1655 2738
682 2739
1628 2740
912 2741
402 2742
836 2743
2348 2744
2041 2745
2303 2746
408 2747
573 2748
856 2749
2232 2750
1035 2751
2409 2752
656 2753
255 2754
1865 2755
149 2756
911 2757
2142 2758
989 2759
2750 2760
1037 2761
2612 2762
1051 2763
1922 2764
714 2765
995 2766
1694 2767
2085 2768
618 2769
2024 2770
64 2771
1973 2772
1081 2773
1760 2774
2707 2775
600 2776
1919 2777
379 2778
1335 2779
2393 2780
1920 2781
608 2782
1879 2783
440 2784
742 2785
343 2786
47 2787
1226 2788
380 2789
1861 2790
2560 2791
592 2792
1782 2793
2528 2794
2681 2795
574 2796
84 2797
165 2798
1828 2799
1231 2800
2261 2801
413 2802
1647 2803
2171 2804
971 2805
1198 2806
123 2807
1529 2808
938 2809
1717 2810
659 2811
1607 2812
1724 2813
802 2814
2486 2815
2519 2816
27 2817
2656 2818
2678 2819
1507 2820
2294 2821
676 2822
345 2823
2530 2824
280 2825
1513 2826
2347 2827
492 2828
144 2829
2216 2830
2442 2831
2652 2832
562 2833
1673 2834
574 2835
45 2836
2184 2837
1550 2838
1334 2839
943 2840
452 2841
1798 2842
1921 2843
1415 2844
29 2845
1015 2846
2775 2847
1228 2848
681 2849
2755 2850
774 2851
1795 2852
1928 2853
2758 2854
2778 2855
1374 2856
479 2857
2377 2858
2779 2859
2472 2860
268 2861
2851 2862
2191 2863
292 2864
2119 2865
561 2866
1384 2867
107 2868
2714 2869
1169 2870
2207 2871
1275 2872
2559 2873
1339 2874
2152 2875
829 2876
2753 2877
2001 2878
394 2879
225 2880
460 2881
1404 2882
2458 2883
1928 2884
154 2885
843 2886
1341 2887
2739 2888
2718 2889
1965 2890
1126 2891
114 2892
575 2893
711 2894
2286 2895
367 2896
2834 2897
1294 2898
10 2899
445 2900
2389 2901
1165 2902
1387 2903
787 2904
2830 2905
2058 2906
674 2907
2389 2908
1096 2909
153 2910
592 2911
572 2912
2667 2913
1822 2914
2724 2915
1817 2916
1033 2917
2667 2918
573 2919
1296 2920
599 2921
2590 2922
492 2923
1402 2924
1999 2925
1103 2926
1343 2927
2437 2928
710 2929
2845 2930
1124 2931
1466 2932
2207 2933
259 2934
1545 2935
1096 2936
468 2937
1194 2938
1314 2939
83 2940
1176 2941
726 2942
2041 2943
1415 2944
1969 2945
546 2946
957 2947
1186 2948
2321 2949
995 2950
54 2951
1551 2952
2428 2953
2692 2954
2072 2955
504 2956
2036 2957
440 2958
2158 2959
2783 2960
2376 2961
938 2962
2412 2963
864 2964
312 2965
1424 2966
487 2967
802 2968
198 2969
1104 2970
723 2971
2011 2972
1017 2973
453 2974
2245 2975
617 2976
2069 2977
67 2978
197 2979
151 2980
1443 2981
381 2982
1129 2983
1175 2984
1680 2985
1431 2986
2173 2987
1433 2988
1916 2989
2536 2990
605 2991
595 2992
1557 2993
2836 2994
430 2995
1654 2996
2338 2997
1009 2998
2070 2999
570 3000
1227 3001
1909 3002
1492 3003
78 3004
2588 3005
538 3006
1036 3007
2250 3008
2884 3009
1150 3010
379 3011
1448 3012
828 3013
1570 3014
238 3015
440 3016
215 3017
16 3018
1317 3019
2699 3020
1016 3021
1618 3022
1077 3023
651 3024
1118 3025
2716 3026
1248 3027
445 3028
1134 3029
1343 3030
2365 3031
3030 3032
1195 3033
1944 3034
2110 3035
310 3036
440 3037
1249 3038
128 3039
274 3040
1464 3041
2398 3042
1024 3043
1965 3044
2233 3045
1963 3046
1638 3047
1458 3048
843 3049
2407 3050
2899 3051
1176 3052
366 3053
648 3054
141 3055
813 3056
1137 3057
1381 3058
979 3059
1527 3060
1330 3061
838 3062
1541 3063
1344 3064
1697 3065
504 3066
895 3067
396 3068
35 3069
1710 3070
3010 3071
1193 3072
1275 3073
711 3074
1049 3075
290 3076
559 3077
1497 3078
1913 3079
69 3080
1966 3081
775 3082
202 3083
1530 3084
1688 3085
2736 3086
2086 3087
1299 3088
2583 3089
404 3090
2144 3091
405 3092
610 3093
1095 3094
1078 3095
70 3096
2472 3097
496 3098
139 3099
2885 3100
1721 3101
1655 3102
2681 3103
983 3104
1115 3105
486 3106
688 3107
1236 3108
1531 3109
809 3110
2433 3111
121 3112
2252 3113
2899 3114
1704 3115
1298 3116
2122 3117
2177 3118
1908 3119
2051 3120
1921 3121
576 3122
1839 3123
1287 3124
1266 3125
1646 3126
1760 3127
474 3128
2171 3129
868 3130
131 3131
492 3132
1409 3133
575 3134
602 3135
3044 3136
3104 3137
1385 3138
3026 3139
993 3140
36 3141
2942 3142
749 3143
2510 3144
331 3145
3112 3146
2329 3147
1645 3148
2138 3149
1550 3150
2606 3151
2263 3152
204 3153
886 3154
2253 3155
2742 3156
726 3157
1957 3158
679 3159
1106 3160
2332 3161
345 3162
1866 3163
92 3164
2467 3165
1030 3166
380 3167
2424 3168
2213 3169
2246 3170
3049 3171
1466 3172
2624 3173
867 3174
3003 3175
2508 3176
455 3177
669 3178
2414 3179
2022 3180
467 3181
98 3182
143 3183
2454 3184
30 3185
16 3186
2123 3187
440 3188
2077 3189
351 3190
2049 3191
2120 3192
306 3193
403 3194
198 3195
1843 3196
2604 3197
687 3198
2567 3199
316 3200
1766 3201
1778 3202
263 3203
1216 3204
2017 3205
2527 3206
152 3207
1835 3208
1388 3209
959 3210
673 3211
1464 3212
720 3213
2890 3214
1978 3215
1943 3216
2883 3217
1023 3218
3166 3219
3003 3220
328 3221
943 3222
1989 3223
491 3224
1532 3225
1593 3226
3048 3227
336 3228
2511 3229
1491 3230
2099 3231
2358 3232
104 3233
514 3234
1189 3235
1289 3236
326 3237
1532 3238
524 3239
1444 3240
3213 3241
1915 3242
1930 3243
3173 3244
2089 3245
1724 3246
2943 3247
1444 3248
11 3249
1373 3250
388 3251
2889 3252
468 3253
1505 3254
637 3255
363 3256
1150 3257
1403 3258
2866 3259
2410 3260
931 3261
983 3262
1638 3263
2351 3264
609 3265
3149 3266
342 3267
1547 3268
3155 3269
1651 3270
799 3271
2469 3272
1419 3273
1725 3274
1389 3275
1196 3276
458 3277
1542 3278
322 3279
1796 3280
1825 3281
1075 3282
3042 3283
1392 3284
2961 3285
1941 3286
379 3287
960 3288
2258 3289
1883 3290
2182 3291
3183 3292
2370 3293
894 3294
1429 3295
816 3296
425 3297
1400 3298
1688 3299
1316 3300
3131 3301
1333 3302
434 3303
296 3304
166 3305
2430 3306
2707 3307
1025 3308
2879 3309
3218 3310
1016 3311
2687 3312
267 3313
2093 3314
218 3315
2786 3316
744 3317
2662 3318
1087 3319
1234 3320
266 3321
2671 3322
274 3323
50 3324
3310 3325
217 3326
2520 3327
575 3328
2952 3329
539 3330
2600 3331
2854 3332
2691 3333
395 3334
2632 3335
667 3336
1630 3337
1060 3338
561 3339
1908 3340
1469 3341
1543 3342
2157 3343
45 3344
2652 3345
1007 3346
1807 3347
261 3348
1156 3349
2358 3350
2666 3351
2785 3352
1653 3353
1064 3354
3272 3355
2499 3356
1649 3357
2519 3358
2073 3359
2854 3360
2845 3361
1669 3362
675 3363
1372 3364
1668 3365
2224 3366
605 3367
688 3368
1834 3369
2795 3370
2037 3371
1273 3372
734 3373
1897 3374
2183 3375
2310 3376
1756 3377
1943 3378
3349 3379
1040 3380
405 3381
4 3382
2101 3383
3045 3384
2518 3385
2158 3386
430 3387
886 3388
1523 3389
2402 3390
2543 3391
1387 3392
470 3393
1397 3394
1520 3395
402 3396
1973 3397
1189 3398
3062 3399
1245 3400
2677 3401
1764 3402
3319 3403
3232 3404
2970 3405
1762 3406
2196 3407
1458 3408
1891 3409
2724 3410
1100 3411
3007 3412
1440 3413
908 3414
1076 3415
2270 3416
3254 3417
2461 3418
2518 3419
423 3420
1766 3421
2933 3422
245 3423
1464 3424
1339 3425
2566 3426
2516 3427
1108 3428
2256 3429
1715 3430
714 3431
2652 3432
2095 3433
2406 3434
109 3435
1265 3436
2682 3437
1560 3438
2086 3439
186 3440
2858 3441
3076 3442
2402 3443
910 3444
166 3445
382 3446
297 3447
572 3448
2699 3449
1481 3450
1352 3451
1091 3452
732 3453
2860 3454
811 3455
1716 3456
3287 3457
1597 3458
1850 3459
978 3460
422 3461
1354 3462
1451 3463
1772 3464
750 3465
3147 3466
231 3467
1536 3468
1416 3469
1268 3470
2247 3471
116 3472
1779 3473
789 3474
12 3475
2317 3476
3153 3477
2333 3478
1965 3479
3168 3480
2097 3481
901 3482
2070 3483
1140 3484
1461 3485
328 3486
1310 3487
1639 3488
2852 3489
2657 3490
264 3491
3056 3492
2411 3493
2401 3494
1803 3495
1781 3496
2667 3497
1483 3498
3180 3499
786 3500
392 3501
2908 3502
3270 3503
3081 3504
45 3505
3288 3506
2685 3507
828 3508
3344 3509
1666 3510
3191 3511
696 3512
2219 3513
2676 3514
3379 3515
779 3516
2060 3517
847 3518
903 3519
1304 3520
1405 3521
2825 3522
24 3523
2086 3524
331 3525
35 3526
2135 3527
2174 3528
244 3529
973 3530
297 3531
3057 3532
2067 3533
2849 3534
1989 3535
2034 3536
355 3537
819 3538
478 3539
1143 3540
1493 3541
2483 3542
845 3543
3469 3544
1169 3545
3239 3546
1623 3547
376 3548
1925 3549
1795 3550
3393 3551
593 3552
1755 3553
2662 3554
3064 3555
732 3556
554 3557
1915 3558
2037 3559
593 3560
2542 3561
3021 3562
126 3563
3150 3564
2938 3565
1635 3566
2850 3567
2293 3568
2831 3569
3005 3570
1792 3571
418 3572
2371 3573
396 3574
551 3575
2448 3576
410 3577
3207 3578
3203 3579
3448 3580
2121 3581
430 3582
2564 3583
409 3584
3276 3585
1359 3586
121 3587
1610 3588
1454 3589
1568 3590
2939 3591
2317 3592
632 3593
3544 3594
3158 3595
2590 3596
3567 3597
3331 3598
998 3599
3228 3600
664 3601
3355 3602
2701 3603
1577 3604
174 3605
3320 3606
1144 3607
3535 3608
3397 3609
2292 3610
3316 3611
393 3612
1355 3613
325 3614
1282 3615
2968 3616
2079 3617
232 3618
2969 3619
1184 3620
1827 3621
2129 3622
1402 3623
891 3624
3485 3625
1557 3626
65 3627
11 3628
517 3629
922 3630
915 3631
3293 3632
3416 3633
1241 3634
2232 3635
3200 3636
1651 3637
607 3638
1914 3639
140 3640
3087 3641
1350 3642
1610 3643
993 3644
668 3645
32 3646
3433 3647
375 3648
2063 3649
1446 3650
2901 3651
2563 3652
2067 3653
2849 3654
1529 3655
2097 3656
3503 3657
2417 3658
3034 3659
2627 3660
2561 3661
2161 3662
2849 3663
3010 3664
1131 3665
979 3666
2072 3667
380 3668
2057 3669
1686 3670
3567 3671
1358 3672
3115 3673
1536 3674
1375 3675
2435 3676
2160 3677
1363 3678
848 3679
2812 3680
2154 3681
614 3682
2085 3683
2569 3684
711 3685
2445 3686
1751 3687
8 3688
367 3689
447 3690
3503 3691
1301 3692
1861 3693
2599 3694
1524 3695
434 3696
2199 3697
902 3698
1202 3699
11 3700
2733 3701
566 3702
2341 3703
1820 3704
2492 3705
2036 3706
3629 3707
3650 3708
2637 3709
1756 3710
3043 3711
1904 3712
1272 3713
2273 3714
329 3715
651 3716
1630 3717
1970 3718
2976 3719
3592 3720
391 3721
2874 3722
323 3723
3580 3724
2432 3725
1687 3726
1911 3727
20 3728
3158 3729
3418 3730
3717 3731
623 3732
1591 3733
2312 3734
3638 3735
2392 3736
819 3737
2463 3738
1855 3739
1944 3740
2733 3741
942 3742
2644 3743
2459 3744
1115 3745
164 3746
656 3747
1334 3748
2311 3749
1860 3750
1149 3751
153 3752
3612 3753
2173 3754
31 3755
3566 3756
2844 3757
908 3758
341 3759
3730 3760
692 3761
1960 3762
1479 3763
2090 3764
701 3765
2091 3766
2053 3767
3193 3768
1379 3769
3466 3770
2224 3771
576 3772
2171 3773
2470 3774
2947 3775
1542 3776
1484 3777
1060 3778
570 3779
3593 3780
940 3781
1304 3782
1742 3783
100 3784
2980 3785
618 3786
3618 3787
1214 3788
3637 3789
392 3790
2408 3791
1123 3792
3491 3793
2011 3794
2983 3795
474 3796
3043 3797
1021 3798
261 3799
431 3800
3655 3801
562 3802
2264 3803
994 3804
1666 3805
1545 3806
927 3807
1847 3808
2016 3809
704 3810
85 3811
1655 3812
889 3813
2819 3814
3657 3815
2967 3816
1457 3817
3288 3818
787 3819
3616 3820
1720 3821
3378 3822
1513 3823
1855 3824
1464 3825
3178 3826
1390 3827
977 3828
3096 3829
3207 3830
3437 3831
946 3832
93 3833
3050 3834
2484 3835
2354 3836
1018 3837
3110 3838
1863 3839
952 3840
1996 3841
874 3842
2604 3843
3194 3844
2016 3845
1508 3846
3407 3847
2300 3848
1954 3849
3628 3850
892 3851
1268 3852
135 3853
3518 3854
386 3855
1598 3856
1844 3857
2110 3858
1650 3859
2545 3860
549 3861
3573 3862
912 3863
3682 3864
684 3865
1211 3866
1267 3867
1040 3868
1806 3869
2165 3870
202 3871
1071 3872
205 3873
2913 3874
1774 3875
237 3876
3621 3877
2640 3878
1445 3879
3345 3880
325 3881
2467 3882
651 3883
3110 3884
1726 3885
970 3886
3696 3887
600 3888
3148 3889
1790 3890
2580 3891
961 3892
3600 3893
1260 3894
1380 3895
543 3896
181 3897
270 3898
3023 3899
1080 3900
2172 3901
1410 3902
1389 3903
3398 3904
3125 3905
3252 3906
2776 3907
3739 3908
3094 3909
3264 3910
2945 3911
2072 3912
1893 3913
2988 3914
2988 3915
306 3916
2807 3917
1331 3918
2438 3919
1141 3920
2867 3921
2515 3922
3723 3923
3045 3924
1979 3925
1476 3926
1864 3927
2649 3928
1314 3929
2545 3930
1609 3931
3738 3932
527 3933
1734 3934
3475 3935
1796 3936
2055 3937
992 3938
754 3939
394 3940
575 3941
653 3942
270 3943
1928 3944
2440 3945
698 3946
239 3947
916 3948
1051 3949
3256 3950
1016 3951
2542 3952
3798 3953
3762 3954
202 3955
2933 3956
1236 3957
1258 3958
2914 3959
1617 3960
2821 3961
3325 3962
3794 3963
2130 3964
860 3965
2465 3966
692 3967
3440 3968
3913 3969
2551 3970
3102 3971
817 3972
1793 3973
2563 3974
2481 3975
2985 3976
1876 3977
3766 3978
2632 3979
236 3980
811 3981
591 3982
1851 3983
2217 3984
3147 3985
1409 3986
2196 3987
3837 3988
3578 3989
1339 3990
1592 3991
2853 3992
2562 3993
2535 3994
2736 3995
2968 3996
3195 3997
1644 3998
3431 3999
3924 4000
3596 4001
757 4002
1878 4003
3824 4004
2216 4005
3597 4006
2268 4007
3010 4008
181 4009
2021 4010
340 4011
667 4012
2486 4013
2912 4014
733 4015
1311 4016
2167 4017
2439 4018
1742 4019
1573 4020
3628 4021
1738 4022
1320 4023
374 4024
419 4025
306 4026
3860 4027
2009 4028
215 4029
3926 4030
2458 4031
695 4032
3404 4033
168 4034
1565 4035
2619 4036
3035 4037
1446 4038
1212 4039
1333 4040
1361 4041
4000 4042
1360 4043
3387 4044
3888 4045
390 4046
1811 4047
3561 4048
1477 4049
3609 4050
753 4051
2121 4052
3472 4053
3598 4054
1186 4055
1029 4056
1546 4057
2925 4058
850 4059
1923 4060
3874 4061
812 4062
693 4063
417 4064
470 4065
2574 4066
3219 4067
1702 4068
1091 4069
3243 4070
1279 4071
241 4072
3263 4073
93 4074
2172 4075
2361 4076
4003 4077
331 4078
2533 4079
429 4080
1150 4081
3466 4082
3874 4083
1409 4084
3297 4085
1023 4086
2173 4087
1744 4088
3357 4089
1165 4090
1234 4091
3983 4092
3639 4093
845 4094
2209 4095
410 4096
1911 4097
3954 4098
1567 4099
922 4100
3305 4101
1771 4102
1464 4103
1846 4104
2515 4105
1683 4106
841 4107
226 4108
2720 4109
3572 4110
1194 4111
757 4112
2469 4113
2063 4114
3518 4115
817 4116
568 4117
3774 4118
1642 4119
2249 4120
483 4121
3281 4122
1223 4123
3494 4124
1686 4125
645 4126
3749 4127
1674 4128
3696 4129
4064 4130
4073 4131
2101 4132
1051 4133
2077 4134
1909 4135
2052 4136
585 4137
1177 4138
39 4139
584 4140
838 4141
3348 4142
1121 4143
2199 4144
3975 4145
3741 4146
2141 4147
2006 4148
1283 4149
951 4150
2274 4151
2126 4152
968 4153
1711 4154
2008 4155
818 4156
1537 4157
2565 4158
3523 4159
2329 4160
2896 4161
3939 4162
3381 4163
3468 4164
3233 4165
2086 4166
3712 4167
947 4168
3372 4169
296 4170
3714 4171
497 4172
46 4173
2960 4174
2619 4175
61 4176
1186 4177
2517 4178
2559 4179
250 4180
267 4181
4030 4182
3974 4183
2993 4184
1123 4185
2858 4186
1709 4187
1221 4188
2968 4189
587 4190
3920 4191
1711 4192
1305 4193
2486 4194
729 4195
616 4196
3654 4197
2017 4198
782 4199
748 4200
2037 4201
731 4202
427 4203
1108 4204
3283 4205
601 4206
4009 4207
1598 4208
1797 4209
650 4210
53 4211
3134 4212
1848 4213
726 4214
3225 4215
3001 4216
2419 4217
1288 4218
3813 4219
3038 4220
187 4221
282 4222
20 4223
949 4224
1360 4225
1892 4226
3018 4227
1491 4228
3469 4229
1155 4230
1678 4231
93 4232
835 4233
2865 4234
3945 4235
1892 4236
2174 4237
2276 4238
1924 4239
209 4240
1226 4241
2481 4242
1527 4243
23 4244
3122 4245
3076 4246
942 4247
4149 4248
667 4249
453 4250
487 4251
1320 4252
1923 4253
1998 4254
2633 4255
721 4256
3652 4257
1912 4258
506 4259
739 4260
3918 4261
1336 4262
4225 4263
2863 4264
1158 4265
2657 4266
1714 4267
1407 4268
2002 4269
902 4270
1065 4271
1824 4272
3332 4273
4170 4274
2856 4275
339 4276
2028 4277
956 4278
807 4279
255 4280
1459 4281
3134 4282
746 4283
209 4284
1826 4285
3820 4286
446 4287
3628 4288
1148 4289
2265 4290
4059 4291
3214 4292
95 4293
1101 4294
3617 4295
4171 4296
1858 4297
2363 4298
4223 4299
2568 4300
520 4301
1733 4302
2111 4303
642 4304
1948 4305
2388 4306
1423 4307
3808 4308
1497 4309
2292 4310
1871 4311
3030 4312
4019 4313
818 4314
708 4315
1744 4316
2532 4317
4099 4318
413 4319
3567 4320
4000 4321
2834 4322
524 4323
2806 4324
3248 4325
1711 4326
535 4327
3303 4328
166 4329
2030 4330
1595 4331
511 4332
475 4333
1908 4334
4137 4335
655 4336
128 4337
2530 4338
3037 4339
2649 4340
769 4341
2665 4342
591 4343
2202 4344
1068 4345
3257 4346
4056 4347
2633 4348
1262 4349
523 4350
3083 4351
3648 4352
2261 4353
2379 4354
4228 4355
446 4356
269 4357
2789 4358
1204 4359
405 4360
2449 4361
3217 4362
1803 4363
2084 4364
878 4365
1998 4366
593 4367
3183 4368
3804 4369
1731 4370
56 4371
589 4372
3882 4373
1685 4374
216 4375
203 4376
1689 4377
2991 4378
2899 4379
3688 4380
2764 4381
252 4382
784 4383
3337 4384
646 4385
3003 4386
1615 4387
2621 4388
2602 4389
3190 4390
1124 4391
2931 4392
344 4393
751 4394
196 4395
2031 4396
3483 4397
278 4398
1684 4399
2634 4400
1055 4401
1512 4402
1838 4403
3462 4404
895 4405
585 4406
2367 4407
1609 4408
3400 4409
3739 4410
2446 4411
1953 4412
1627 4413
3441 4414
3319 4415
752 4416
1824 4417
3706 4418
1509 4419
1377 4420
445 4421
3481 4422
3049 4423
795 4424
2 4425
3849 4426
2842 4427
2308 4428
2393 4429
1157 4430
1698 4431
3288 4432
4226 4433
495 4434
1908 4435
703 4436
2128 4437
1161 4438
1886 4439
2973 4440
4045 4441
1673 4442
559 4443
84 4444
450 4445
842 4446
905 4447
191 4448
2714 4449
254 4450
351 4451
3213 4452
4370 4453
3573 4454
777 4455
620 4456
767 4457
2224 4458
3368 4459
663 4460
2957 4461
48 4462
2884 4463
2530 4464
3124 4465
1721 4466
386 4467
1060 4468
584 4469
35 4470
2201 4471
1157 4472
2447 4473
2168 4474
2497 4475
97 4476
3357 4477
2222 4478
5 4479
3645 4480
3726 4481
558 4482
458 4483
2301 4484
3362 4485
1820 4486
63 4487
3597 4488
4316 4489
4469 4490
1857 4491
2864 4492
211 4493
4098 4494
964 4495
334 4496
2121 4497
2720 4498
1307 4499
3785 4500
2953 4501
1688 4502
3663 4503
3002 4504
1799 4505
2928 4506
2606 4507
3289 4508
273 4509
4444 4510
4441 4511
4306 4512
889 4513
145 4514
1965 4515
4005 4516
3543 4517
1325 4518
542 4519
2112 4520
2694 4521
2623 4522
2958 4523
4500 4524
1045 4525
2548 4526
1673 4527
3877 4528
3002 4529
3925 4530
3337 4531
114 4532
4450 4533
4151 4534
3843 4535
3388 4536
3363 4537
4201 4538
3997 4539
3766 4540
3553 4541
3697 4542
3574 4543
3046 4544
3877 4545
797 4546
42 4547
2505 4548
4332 4549
1281 4550
881 4551
876 4552
3616 4553
2523 4554
2036 4555
2657 4556
83 4557
2783 4558
1445 4559
2064 4560
4437 4561
3588 4562
4526 4563
2471 4564
4419 4565
1702 4566
3308 4567
3348 4568
2999 4569
4035 4570
597 4571
3449 4572
1714 4573
622 4574
402 4575
4353 4576
1473 4577
2132 4578
2260 4579
1069 4580
17 4581
2823 4582
3161 4583
2017 4584
5 4585
549 4586
4491 4587
3244 4588
2004 4589
3707 4590
2894 4591
4133 4592
686 4593
1850 4594
4192 4595
3892 4596
713 4597
267 4598
2394 4599
1344 4600
3454 4601
1632 4602
1674 4603
4523 4604
519 4605
888 4606
2439 4607
1707 4608
1260 4609
3341 4610
289 4611
3313 4612
4104 4613
4118 4614
1647 4615
623 4616
581 4617
222 4618
941 4619
294 4620
2966 4621
373 4622
3429 4623
1214 4624
1854 4625
2706 4626
2699 4627
1921 4628
4560 4629
3127 4630
729 4631
3042 4632
1436 4633
1981 4634
355 4635
4162 4636
1399 4637
1078 4638
3410 4639
3564 4640
2615 4641
2938 4642
265 4643
914 4644
3595 4645
4311 4646
643 4647
3798 4648
2931 4649
3027 4650
1503 4651
17 4652
1336 4653
3076 4654
941 4655
1713 4656
2084 4657
185 4658
3206 4659
679 4660
195 4661
4296 4662
1162 4663
1649 4664
536 4665
2017 4666
4494 4667
4604 4668
2504 4669
3457 4670
2489 4671
2700 4672
4060 4673
1150 4674
1301 4675
2342 4676
3465 4677
583 4678
2675 4679
934 4680
2865 4681
1351 4682
2757 4683
4431 4684
3703 4685
4103 4686
621 4687
920 4688
3686 4689
1034 4690
407 4691
732 4692
51 4693
3109 4694
1902 4695
2852 4696
2478 4697
4399 4698
718 4699
3319 4700
1400 4701
3309 4702
2860 4703
2995 4704
1398 4705
3679 4706
3410 4707
126 4708
4515 4709
2757 4710
408 4711
3407 4712
3717 4713
3057 4714
4152 4715
1442 4716
3808 4717
2695 4718
2615 4719
1722 4720
1370 4721
175 4722
97 4723
1782 4724
3037 4725
1505 4726
4379 4727
4365 4728
2703 4729
3477 4730
748 4731
1541 4732
1160 4733
4199 4734
1935 4735
1545 4736
2809 4737
3309 4738
3851 4739
1207 4740
3478 4741
642 4742
431 4743
962 4744
1861 4745
3060 4746
1708 4747
2036 4748
4533 4749
2214 4750
2018 4751
78 4752
2873 4753
2165 4754
626 4755
3603 4756
3414 4757
849 4758
887 4759
2387 4760
3701 4761
3454 4762
3705 4763
1537 4764
827 4765
3748 4766
1290 4767
1462 4768
1086 4769
2524 4770
2321 4771
2903 4772
2718 4773
942 4774
2450 4775
4501 4776
1636 4777
1491 4778
1852 4779
2512 4780
1305 4781
3591 4782
1869 4783
2398 4784
3601 4785
3842 4786
1572 4787
1317 4788
1560 4789
4424 4790
153 4791
3038 4792
2160 4793
783 4794
588 4795
3391 4796
4695 4797
2639 4798
2366 4799
4643 4800
323 4801
2264 4802
2448 4803
3004 4804
3692 4805
1042 4806
2985 4807
3081 4808
1567 4809
4320 4810
149 4811
4766 4812
1861 4813
3024 4814
1175 4815
529 4816
3591 4817
3008 4818
3752 4819
4334 4820
2294 4821
1919 4822
3019 4823
2398 4824
1814 4825
2345 4826
3075 4827
826 4828
2989 4829
431 4830
3969 4831
406 4832
3058 4833
1448 4834
3853 4835
3232 4836
1422 4837
4175 4838
1177 4839
3263 4840
4573 4841
426 4842
623 4843
418 4844
2217 4845
3272 4846
356 4847
4191 4848
3126 4849
3334 4850
2051 4851
1360 4852
1690 4853
3065 4854
2360 4855
2907 4856
3360 4857
1601 4858
1838 4859
2676 4860
3994 4861
897 4862
1046 4863
3289 4864
692 4865
1723 4866
2838 4867
4409 4868
1004 4869
642 4870
3966 4871
2661 4872
1846 4873
3246 4874
1760 4875
4548 4876
1790 4877
1971 4878
2385 4879
1456 4880
2252 4881
3361 4882
3444 4883
3062 4884
938 4885
496 4886
2392 4887
3277 4888
3133 4889
2559 4890
1742 4891
1748 4892
202 4893
4794 4894
997 4895
2194 4896
1361 4897
1377 4898
2594 4899
4294 4900
4755 4901
1116 4902
1178 4903
2197 4904
1862 4905
1391 4906
3194 4907
3776 4908
2633 4909
1292 4910
2219 4911
1580 4912
85 4913
3382 4914
3480 4915
1475 4916
4700 4917
687 4918
452 4919
876 4920
3556 4921
406 4922
708 4923
2614 4924
3448 4925
3390 4926
3089 4927
3499 4928
3672 4929
101 4930
43 4931
2187 4932
820 4933
2166 4934
1512 4935
814 4936
2523 4937
1628 4938
4750 4939
562 4940
1110 4941
1816 4942
4250 4943
3851 4944
4432 4945
3482 4946
616 4947
1793 4948
2741 4949
2189 4950
1984 4951
4072 4952
3534 4953
1006 4954
1710 4955
523 4956
2676 4957
658 4958
3972 4959
139 4960
2910 4961
29 4962
3282 4963
3444 4964
2903 4965
3257 4966
3771 4967
1559 4968
2191 4969
680 4970
1628 4971
1370 4972
3425 4973
2764 4974
3364 4975
2582 4976
1837 4977
3095 4978
60 4979
2415 4980
1843 4981
4547 4982
2555 4983
3225 4984
1178 4985
3410 4986
3430 4987
3977 4988
1615 4989
3138 4990
422 4991
281 4992
1696 4993
4613 4994
2096 4995
1009 4996
2057 4997
4049 4998
2035 4999
986 5000
2631 5001
3288 5002
234 5003
4108 5004
753 5005
181 5006
728 5007
4115 5008
1790 5009
483 5010
100 5011
2993 5012
3626 5013
982 5014
890 5015
1183 5016
3601 5017
956 5018
555 5019
17 5020
2736 5021
1756 5022
260 5023
4063 5024
1880 5025
4729 5026
2481 5027
106 5028
4640 5029
4947 5030
2792 5031
2774 5032
2846 5033
975 5034
2667 5035
1944 5036
3804 5037
1817 5038
2449 5039
1547 5040
4399 5041
4900 5042
4398 5043
151 5044
4276 5045
785 5046
1182 5047
1555 5048
2490 5049
2771 5050
1162 5051
999 5052
3527 5053
4751 5054
3811 5055
2852 5056
2833 5057
4261 5058
3608 5059
239 5060
2273 5061
4912 5062
1142 5063
2795 5064
3338 5065
531 5066
3401 5067
43 5068
4113 5069
1887 5070
1012 5071
3943 5072
3833 5073
4939 5074
3650 5075
1725 5076
455 5077
4943 5078
1557 5079
2083 5080
3792 5081
1486 5082
3351 5083
1408 5084
4078 5085
166 5086
2503 5087
720 5088
3226 5089
3416 5090
671 5091
564 5092
1751 5093
2313 5094
390 5095
17 5096
3282 5097
337 5098
3666 5099
4615 5100
374 5101
4757 5102
2157 5103
285 5104
2975 5105
5102 5106
802 5107
2343 5108
1152 5109
3812 5110
117 5111
217 5112
4832 5113
421 5114
1958 5115
4558 5116
1947 5117
3631 5118
702 5119
4811 5120
308 5121
2626 5122
4462 5123
3689 5124
1763 5125
2549 5126
1335 5127
648 5128
850 5129
4291 5130
4916 5131
4094 5132
1537 5133
4002 5134
1662 5135
359 5136
1003 5137
147 5138
3183 5139
1094 5140
1337 5141
841 5142
1479 5143
2179 5144
2472 5145
4256 5146
1440 5147
3395 5148
4445 5149
90 5150
4330 5151
4253 5152
3211 5153
4873 5154
3647 5155
4862 5156
4771 5157
3769 5158
3753 5159
5152 5160
487 5161
2373 5162
3901 5163
2246 5164
1139 5165
4392 5166
3678 5167
4011 5168
1594 5169
1888 5170
4453 5171
3100 5172
4127 5173
2772 5174
312 5175
995 5176
256 5177
3806 5178
3180 5179
4221 5180
3032 5181
1748 5182
826 5183
2574 5184
3391 5185
297 5186
2898 5187
4372 5188
2280 5189
1412 5190
993 5191
4569 5192
2052 5193
3028 5194
1698 5195
4153 5196
4675 5197
3065 5198
1853 5199
2099 5200
924 5201
4806 5202
1995 5203
3362 5204
4481 5205
3865 5206
4082 5207
936 5208
3195 5209
3089 5210
1781 5211
1666 5212
3276 5213
3709 5214
2355 5215
230 5216
3040 5217
33 5218
2528 5219
877 5220
713 5221
4665 5222
4516 5223
1531 5224
985 5225
3735 5226
3604 5227
2305 5228
3599 5229
2119 5230
3212 5231
3878 5232
1204 5233
4023 5234
2065 5235
4077 5236
4850 5237
2111 5238
2863 5239
817 5240
3977 5241
336 5242
4921 5243
696 5244
525 5245
4550 5246
2263 5247
1902 5248
633 5249
4094 5250
3128 5251
410 5252
4729 5253
91 5254
3602 5255
943 5256
1935 5257
3380 5258
1533 5259
3032 5260
1953 5261
3689 5262
2191 5263
155 5264
4506 5265
3490 5266
1521 5267
327 5268
3676 5269
1389 5270
4613 5271
1312 5272
846 5273
2706 5274
3614 5275
1501 5276
1847 5277
1583 5278
4758 5279
940 5280
2853 5281
1999 5282
3541 5283
3692 5284
2164 5285
0 5286
2959 5287
2315 5288
611 5289
4312 5290
1988 5291
2441 5292
3265 5293
3361 5294
1756 5295
1388 5296
1202 5297
1933 5298
2801 5299
982 5300
1829 5301
618 5302
90 5303
3756 5304
552 5305
3952 5306
5276 5307
4592 5308
1695 5309
4732 5310
3289 5311
3561 5312
26 5313
1763 5314
2586 5315
2417 5316
4169 5317
1987 5318
3911 5319
3688 5320
4355 5321
923 5322
5125 5323
5236 5324
3256 5325
3735 5326
3392 5327
3040 5328
833 5329
2491 5330
1508 5331
1380 5332
2274 5333
5313 5334
4543 5335
45 5336
841 5337
1353 5338
2485 5339
4313 5340
3026 5341
5031 5342
3905 5343
2958 5344
2263 5345
3368 5346
3882 5347
2079 5348
3631 5349
4045 5350
4128 5351
519 5352
997 5353
2294 5354
4831 5355
4317 5356
5285 5357
3388 5358
3824 5359
495 5360
1423 5361
2519 5362
2235 5363
5111 5364
313 5365
4594 5366
4933 5367
4195 5368
3534 5369
2894 5370
218 5371
948 5372
539 5373
2174 5374
5236 5375
129 5376
1635 5377
4786 5378
2833 5379
4521 5380
4803 5381
3997 5382
152 5383
1062 5384
921 5385
4925 5386
4167 5387
5224 5388
3652 5389
338 5390
2691 5391
2225 5392
258 5393
2758 5394
4096 5395
3778 5396
1766 5397
3459 5398
133 5399
4854 5400
3480 5401
2600 5402
125 5403
2669 5404
1978 5405
38 5406
3912 5407
236 5408
14 5409
372 5410
838 5411
1451 5412
275 5413
3576 5414
3421 5415
3487 5416
546 5417
4013 5418
4394 5419
4053 5420
4595 5421
1282 5422
2227 5423
4494 5424
5064 5425
3187 5426
2285 5427
3700 5428
3338 5429
1836 5430
1891 5431
1350 5432
2355 5433
4326 5434
370 5435
884 5436
831 5437
1100 5438
2234 5439
2422 5440
157 5441
2702 5442
2307 5443
2960 5444
4219 5445
1693 5446
5317 5447
2128 5448
865 5449
4233 5450
1662 5451
2112 5452
3721 5453
1817 5454
1445 5455
2110 5456
1923 5457
561 5458
5444 5459
3235 5460
4673 5461
1310 5462
3011 5463
1355 5464
860 5465
3826 5466
1991 5467
485 5468
5039 5469
4875 5470
625 5471
2790 5472
4180 5473
3043 5474
3708 5475
1954 5476
3483 5477
2677 5478
5309 5479
1555 5480
2437 5481
1346 5482
1035 5483
3561 5484
920 5485
4014 5486
1800 5487
4730 5488
3400 5489
2705 5490
2593 5491
5462 5492
444 5493
4458 5494
4223 5495
133 5496
4753 5497
2627 5498
3050 5499
5196 5500
1217 5501
355 5502
1693 5503
1926 5504
2687 5505
4712 5506
3320 5507
368 5508
601 5509
1302 5510
5288 5511
4311 5512
5405 5513
3295 5514
4506 5515
296 5516
1529 5517
448 5518
1423 5519
3512 5520
88 5521
2777 5522
1528 5523
413 5524
1369 5525
3897 5526
3410 5527
2493 5528
3361 5529
3482 5530
3455 5531
769 5532
2592 5533
4647 5534
5181 5535
3805 5536
2566 5537
820 5538
2357 5539
3206 5540
3038 5541
4679 5542
4187 5543
884 5544
3805 5545
1776 5546
4933 5547
4517 5548
5077 5549
717 5550
1581 5551
3985 5552
3877 5553
5294 5554
1853 5555
4148 5556
1568 5557
4288 5558
5401 5559
433 5560
1227 5561
4092 5562
947 5563
3301 5564
180 5565
3918 5566
1633 5567
51 5568
4881 5569
2494 5570
3452 5571
4464 5572
2332 5573
3905 5574
2677 5575
666 5576
3157 5577
1228 5578
3777 5579
4873 5580
4972 5581
4256 5582
5121 5583
750 5584
5067 5585
4971 5586
4691 5587
2195 5588
5488 5589
389 5590
1831 5591
5578 5592
4164 5593
4136 5594
5306 5595
586 5596
1310 5597
1253 5598
1132 5599
1968 5600
4195 5601
4286 5602
1834 5603
5250 5604
42 5605
2589 5606
4505 5607
1505 5608
2580 5609
1637 5610
4139 5611
3934 5612
271 5613
2332 5614
151 5615
853 5616
3936 5617
4231 5618
4417 5619
2811 5620
5574 5621
3404 5622
4036 5623
353 5624
4328 5625
4223 5626
2564 5627
534 5628
1802 5629
885 5630
5190 5631
3068 5632
2125 5633
3855 5634
5377 5635
1509 5636
2466 5637
5220 5638
114 5639
489 5640
824 5641
3058 5642
2071 5643
2658 5644
74 5645
594 5646
1963 5647
4880 5648
411 5649
4151 5650
362 5651
4870 5652
1053 5653
570 5654
145 5655
517 5656
1568 5657
4936 5658
3427 5659
4607 5660
2467 5661
1806 5662
442 5663
1151 5664
2413 5665
3147 5666
2861 5667
2611 5668
4875 5669
925 5670
1467 5671
394 5672
2266 5673
2807 5674
4629 5675
2311 5676
2611 5677
4224 5678
2959 5679
1877 5680
70 5681
2516 5682
2606 5683
5537 5684
1513 5685
5139 5686
3235 5687
1973 5688
5645 5689
2923 5690
1907 5691
4155 5692
4805 5693
5613 5694
4812 5695
2913 5696
370 5697
5657 5698
1490 5699
5393 5700
3400 5701
499 5702
5464 5703
860 5704
3058 5705
2761 5706
601 5707
155 5708
5649 5709
4452 5710
643 5711
5630 5712
1685 5713
5495 5714
515 5715
2432 5716
3230 5717
4338 5718
209 5719
2963 5720
625 5721
3141 5722
2248 5723
3060 5724
2916 5725
1734 5726
4358 5727
554 5728
4766 5729
1809 5730
5269 5731
208 5732
2401 5733
2007 5734
206 5735
2167 5736
3371 5737
2765 5738
4524 5739
3696 5740
2274 5741
516 5742
3223 5743
5394 5744
5574 5745
649 5746
1527 5747
1568 5748
4407 5749
4280 5750
200 5751
1158 5752
4920 5753
3202 5754
377 5755
2040 5756
1264 5757
5557 5758
3826 5759
4834 5760
450 5761
1710 5762
5288 5763
2354 5764
4529 5765
2694 5766
4186 5767
339 5768
5288 5769
751 5770
1832 5771
928 5772
2909 5773
5166 5774
2444 5775
1960 5776
3420 5777
681 5778
5752 5779
2915 5780
1182 5781
86 5782
983 5783
565 5784
913 5785
975 5786
4944 5787
1282 5788
1406 5789
4449 5790
5623 5791
4946 5792
543 5793
339 5794
3328 5795
3453 5796
4981 5797
5360 5798
298 5799
4137 5800
1157 5801
2752 5802
2970 5803
2210 5804
2977 5805
2753 5806
5792 5807
2858 5808
193 5809
179 5810
4674 5811
3375 5812
2351 5813
461 5814
2742 5815
610 5816
4927 5817
1004 5818
4067 5819
2601 5820
2932 5821
898 5822
4475 5823
1920 5824
2362 5825
3516 5826
1719 5827
4211 5828
1526 5829
4974 5830
3440 5831
3231 5832
2852 5833
4286 5834
4284 5835
4286 5836
1633 5837
2749 5838
2921 5839
799 5840
5358 5841
838 5842
2070 5843
3562 5844
2504 5845
490 5846
4909 5847
4860 5848
1100 5849
5729 5850
5814 5851
1307 5852
2352 5853
3408 5854
585 5855
2965 5856
2311 5857
508 5858
1575 5859
5098 5860
847 5861
2575 5862
5723 5863
3070 5864
1166 5865
4196 5866
587 5867
1380 5868
1023 5869
743 5870
2797 5871
4063 5872
3030 5873
2885 5874
872 5875
3586 5876
5702 5877
5016 5878
5097 5879
3707 5880
318 5881
1800 5882
3541 5883
4331 5884
5482 5885
3599 5886
3624 5887
4154 5888
229 5889
3141 5890
5452 5891
4396 5892
3685 5893
4948 5894
4846 5895
1255 5896
5112 5897
3646 5898
1189 5899
2575 5900
130 5901
4965 5902
4342 5903
3122 5904
9 5905
2353 5906
2012 5907
1594 5908
4828 5909
1213 5910
2794 5911
3767 5912
3904 5913
3710 5914
2428 5915
2069 5916
233 5917
5274 5918
763 5919
309 5920
4060 5921
1218 5922
2268 5923
1035 5924
2039 5925
3392 5926
2968 5927
5265 5928
4344 5929
3749 5930
723 5931
2034 5932
4973 5933
931 5934
4572 5935
592 5936
5447 5937
19 5938
5111 5939
2462 5940
2748 5941
4988 5942
2093 5943
4744 5944
964 5945
4981 5946
919 5947
2361 5948
3653 5949
1461 5950
2290 5951
3024 5952
1528 5953
3597 5954
3884 5955
5338 5956
4685 5957
3506 5958
5618 5959
1747 5960
3803 5961
4280 5962
2674 5963
3830 5964
1268 5965
2430 5966
5041 5967
5602 5968
4256 5969
601 5970
1738 5971
2138 5972
1947 5973
5866 5974
4979 5975
2318 5976
3703 5977
2783 5978
1436 5979
4579 5980
4632 5981
5977 5982
4146 5983
5106 5984
2073 5985
4763 5986
1638 5987
4821 5988
4729 5989
1679 5990
5391 5991
3719 5992
2774 5993
5908 5994
1718 5995
5836 5996
5900 5997
2411 5998
2807 5999
5902 6000
421 6001
926 6002
3733 6003
5917 6004
905 6005
1302 6006
3202 6007
2642 6008
1582 6009
4292 6010
2760 6011
2452 6012
522 6013
2340 6014
1246 6015
3842 6016
945 6017
3801 6018
1309 6019
1512 6020
3316 6021
5623 6022
1788 6023
1644 6024
1813 6025
4174 6026
878 6027
3600 6028
2205 6029
4786 6030
1860 6031
5389 6032
1265 6033
4484 6034
1722 6035
4261 6036
792 6037
3355 6038
1822 6039
2130 6040
2510 6041
2617 6042
858 6043
1726 6044
5885 6045
4099 6046
4135 6047
4618 6048
425 6049
60 6050
5733 6051
4275 6052
273 6053
4645 6054
5685 6055
3538 6056
1551 6057
5024 6058
195 6059
4126 6060
5346 6061
5311 6062
2599 6063
4679 6064
2971 6065
4630 6066
2331 6067
5469 6068
861 6069
2012 6070
3923 6071
3967 6072
3771 6073
623 6074
5814 6075
54 6076
503 6077
2387 6078
1583 6079
2193 6080
4828 6081
3935 6082
5374 6083
1538 6084
5179 6085
2868 6086
1107 6087
2960 6088
58 6089
2433 6090
800 6091
1067 6092
406 6093
6057 6094
2386 6095
1557 6096
2784 6097
3728 6098
3840 6099
1570 6100
3519 6101
3230 6102
322 6103
2378 6104
4861 6105
5933 6106
4963 6107
1065 6108
4091 6109
27 6110
4764 6111
1983 6112
639 6113
1822 6114
3390 6115
1565 6116
306 6117
3851 6118
1944 6119
5168 6120
84 6121
2269 6122
4394 6123
4885 6124
4746 6125
1640 6126
4217 6127
1229 6128
3569 6129
2279 6130
1239 6131
1282 6132
764 6133
3081 6134
2449 6135
1761 6136
967 6137
3288 6138
1959 6139
1121 6140
4161 6141
852 6142
1563 6143
60 6144
5682 6145
2918 6146
2542 6147
4460 6148
2082 6149
5981 6150
1526 6151
2609 6152
2038 6153
237 6154
2089 6155
3905 6156
111 6157
927 6158
2375 6159
5113 6160
488 6161
3928 6162
1 6163
5550 6164
1788 6165
422 6166
3684 6167
5390 6168
1072 6169
922 6170
5130 6171
3191 6172
3147 6173
51 6174
5013 6175
1968 6176
3327 6177
1173 6178
2516 6179
3448 6180
2044 6181
2245 6182
1783 6183
3195 6184
5194 6185
737 6186
871 6187
6152 6188
1339 6189
5691 6190
318 6191
4623 6192
2337 6193
3232 6194
2272 6195
6 6196
4943 6197
5385 6198
2380 6199
4935 6200
4642 6201
5569 6202
3648 6203
1424 6204
6140 6205
5852 6206
4971 6207
3843 6208
2930 6209
6116 6210
1644 6211
5407 6212
514 6213
894 6214
2122 6215
943 6216
5734 6217
5164 6218
2550 6219
1805 6220
305 6221
2087 6222
4792 6223
649 6224
5995 6225
10 6226
644 6227
4155 6228
2529 6229
6066 6230
2724 6231
5846 6232
2537 6233
1364 6234
3653 6235
1347 6236
1810 6237
604 6238
4107 6239
1022 6240
239 6241
1229 6242
5473 6243
1202 6244
3522 6245
5739 6246
4577 6247
2467 6248
30 6249
1665 6250
3709 6251
5615 6252
4158 6253
5932 6254
4449 6255
1550 6256
2247 6257
690 6258
1555 6259
3151 6260
1516 6261
5016 6262
3059 6263
4058 6264
587 6265
861 6266
4833 6267
839 6268
5391 6269
949 6270
2016 6271
743 6272
4189 6273
4969 6274
4189 6275
6198 6276
5797 6277
4369 6278
1885 6279
3288 6280
4278 6281
4666 6282
2790 6283
2888 6284
6058 6285
5109 6286
2778 6287
3814 6288
1150 6289
1711 6290
5347 6291
695 6292
1990 6293
2326 6294
261 6295
547 6296
5436 6297
6097 6298
823 6299
3950 6300
793 6301
2377 6302
2790 6303
1159 6304
4774 6305
3849 6306
3824 6307
2941 6308
2101 6309
4886 6310
5064 6311
4198 6312
1235 6313
1082 6314
703 6315
803 6316
2462 6317
2299 6318
3589 6319
2568 6320
3822 6321
6193 6322
5064 6323
5424 6324
3305 6325
5863 6326
608 6327
521 6328
5882 6329
411 6330
537 6331
1599 6332
3608 6333
265 6334
2929 6335
2342 6336
2287 6337
5987 6338
2457 6339
509 6340
3167 6341
2787 6342
2080 6343
4294 6344
333 6345
881 6346
6338 6347
1204 6348
270 6349
1600 6350
4578 6351
2430 6352
2181 6353
5402 6354
2155 6355
4525 6356
1450 6357
932 6358
2579 6359
5691 6360
3554 6361
3488 6362
337 6363
3730 6364
1780 6365
394 6366
1796 6367
1837 6368
2506 6369
3228 6370
170 6371
4832 6372
4954 6373
2169 6374
4407 6375
4310 6376
1777 6377
2812 6378
1287 6379
6138 6380
373 6381
3873 6382
587 6383
5519 6384
4032 6385
2897 6386
3160 6387
4369 6388
1380 6389
5297 6390
1722 6391
1443 6392
3177 6393
1833 6394
5413 6395
4431 6396
1167 6397
2099 6398
6180 6399
1794 6400
4146 6401
1118 6402
1510 6403
5572 6404
2519 6405
161 6406
624 6407
168 6408
3597 6409
493 6410
4758 6411
1479 6412
2946 6413
6367 6414
5110 6415
3443 6416
2187 6417
1015 6418
3611 6419
1002 6420
2169 6421
1056 6422
2418 6423
3888 6424
521 6425
2889 6426
1591 6427
6378 6428
144 6429
1543 6430
5025 6431
271 6432
4309 6433
6356 6434
1394 6435
1220 6436
3900 6437
3068 6438
1353 6439
5426 6440
2472 6441
2135 6442
1444 6443
842 6444
3767 6445
5449 6446
739 6447
1682 6448
492 6449
3495 6450
4383 6451
831 6452
4971 6453
497 6454
1242 6455
5963 6456
2455 6457
997 6458
4050 6459
4127 6460
2209 6461
2796 6462
5246 6463
2491 6464
2976 6465
928 6466
4339 6467
4712 6468
259 6469
2763 6470
2828 6471
2582 6472
4937 6473
3373 6474
5859 6475
2700 6476
712 6477
294 6478
545 6479
4405 6480
1488 6481
3242 6482
5875 6483
376 6484
6001 6485
1009 6486
1389 6487
3562 6488
922 6489
5905 6490
11 6491
4738 6492
2990 6493
891 6494
1310 6495
5133 6496
3087 6497
227 6498
5296 6499
492 6500
3475 6501
1899 6502
4270 6503
3331 6504
4 6505
1230 6506
3780 6507
15 6508
375 6509
2997 6510
6232 6511
3026 6512
1151 6513
5660 6514
5031 6515
3785 6516
4581 6517
3313 6518
623 6519
406 6520
1207 6521
1882 6522
5858 6523
499 6524
2839 6525
2917 6526
2035 6527
6287 6528
1079 6529
344 6530
2431 6531
1540 6532
2133 6533
482 6534
202 6535
1057 6536
3705 6537
6241 6538
2822 6539
2216 6540
3179 6541
1927 6542
155 6543
434 6544
3785 6545
4433 6546
1850 6547
5702 6548
6524 6549
520 6550
3083 6551
5119 6552
4527 6553
309 6554
2382 6555
5270 6556
1037 6557
111 6558
2144 6559
1928 6560
3064 6561
5980 6562
4512 6563
3312 6564
4446 6565
3371 6566
4769 6567
1095 6568
2076 6569
4068 6570
2108 6571
1787 6572
627 6573
3987 6574
3427 6575
6045 6576
3219 6577
1373 6578
100 6579
3279 6580
2154 6581
2657 6582
6402 6583
6318 6584
805 6585
485 6586
6272 6587
2900 6588
1600 6589
1066 6590
3661 6591
1152 6592
3322 6593
2642 6594
3659 6595
4440 6596
3330 6597
6187 6598
5931 6599
1543 6600
2177 6601
1316 6602
3897 6603
296 6604
3065 6605
6566 6606
4949 6607
2300 6608
1315 6609
5537 6610
630 6611
2920 6612
393 6613
4386 6614
2087 6615
4961 6616
1592 6617
2537 6618
5068 6619
6311 6620
1052 6621
5465 6622
2398 6623
5855 6624
4614 6625
2979 6626
2636 6627
5772 6628
4079 6629
2827 6630
5095 6631
6568 6632
6384 6633
4903 6634
460 6635
1736 6636
5627 6637
5556 6638
767 6639
3877 6640
1874 6641
630 6642
393 6643
245 6644
2051 6645
4487 6646
1435 6647
1930 6648
6511 6649
1258 6650
3216 6651
4276 6652
325 6653
4543 6654
70 6655
3981 6656
5353 6657
1864 6658
36 6659
4880 6660
3201 6661
3838 6662
4035 6663
6546 6664
6030 6665
3921 6666
1495 6667
513 6668
2608 6669
6538 6670
5968 6671
5074 6672
3896 6673
4617 6674
962 6675
674 6676
553 6677
6159 6678
3092 6679
3175 6680
4680 6681
5829 6682
1053 6683
1876 6684
6165 6685
6663 6686
6530 6687
2418 6688
5092 6689
179 6690
5847 6691
1372 6692
2564 6693
4657 6694
3870 6695
4061 6696
221 6697
1585 6698
5770 6699
5049 6700
154 6701
1295 6702
3995 6703
5545 6704
935 6705
2713 6706
585 6707
4523 6708
6170 6709
4078 6710
5061 6711
2250 6712
6692 6713
6568 6714
3954 6715
485 6716
3392 6717
5396 6718
4257 6719
1590 6720
5762 6721
1789 6722
396 6723
4413 6724
3419 6725
5669 6726
680 6727
1873 6728
4083 6729
1386 6730
3885 6731
2370 6732
2157 6733
3294 6734
3900 6735
5828 6736
3426 6737
2442 6738
6063 6739
3937 6740
2378 6741
3841 6742
6429 6743
3809 6744
5258 6745
1434 6746
786 6747
3233 6748
3634 6749
3390 6750
3747 6751
1025 6752
4041 6753
2977 6754
5203 6755
6497 6756
3982 6757
3881 6758
2575 6759
783 6760
797 6761
1601 6762
2335 6763
1298 6764
4643 6765
1142 6766
2727 6767
4810 6768
2765 6769
4316 6770
4134 6771
5050 6772
5117 6773
1487 6774
6426 6775
5814 6776
6702 6777
1845 6778
1208 6779
3875 6780
1040 6781
3898 6782
154 6783
5499 6784
6599 6785
2476 6786
1639 6787
1633 6788
3566 6789
1982 6790
69 6791
2957 6792
2654 6793
1537 6794
4413 6795
3980 6796
3053 6797
3204 6798
1964 6799
755 6800
4798 6801
5042 6802
1841 6803
3544 6804
936 6805
4533 6806
4110 6807
5864 6808
1057 6809
713 6810
2050 6811
4474 6812
3130 6813
4387 6814
4839 6815
6733 6816
158 6817
429 6818
210 6819
686 6820
3616 6821
114 6822
537 6823
1460 6824
2882 6825
1520 6826
3383 6827
6748 6828
3780 6829
5225 6830
1830 6831
3734 6832
3722 6833
5618 6834
5074 6835
4057 6836
1502 6837
5266 6838
4882 6839
6767 6840
247 6841
1567 6842
2048 6843
3820 6844
3725 6845
3888 6846
6201 6847
1629 6848
6005 6849
2271 6850
1628 6851
3434 6852
4445 6853
744 6854
2251 6855
2245 6856
3635 6857
4424 6858
2903 6859
5101 6860
6027 6861
283 6862
3047 6863
5645 6864
5795 6865
6295 6866
3299 6867
2731 6868
4443 6869
6637 6870
2890 6871
219 6872
3718 6873
2236 6874
2000 6875
4780 6876
5920 6877
2866 6878
4557 6879
308 6880
4281 6881
3215 6882
1887 6883
6631 6884
2303 6885
5647 6886
711 6887
422 6888
2688 6889
4534 6890
39 6891
4809 6892
5782 6893
5885 6894
2554 6895
2223 6896
423 6897
2742 6898
2009 6899
3828 6900
5737 6901
1399 6902
4360 6903
4308 6904
1152 6905
3314 6906
4298 6907
946 6908
117 6909
1514 6910
885 6911
731 6912
849 6913
1555 6914
1989 6915
2668 6916
1305 6917
3186 6918
4218 6919
3481 6920
525 6921
74 6922
1473 6923
1935 6924
5497 6925
1796 6926
476 6927
4308 6928
2866 6929
2946 6930
3498 6931
5074 6932
6478 6933
1102 6934
2866 6935
5210 6936
287 6937
525 6938
1831 6939
3250 6940
979 6941
1993 6942
151 6943
2360 6944
3941 6945
3548 6946
1960 6947
5077 6948
3227 6949
906 6950
5077 6951
6132 6952
3613 6953
707 6954
5274 6955
2015 6956
5918 6957
357 6958
266 6959
5188 6960
1803 6961
722 6962
1942 6963
6792 6964
5918 6965
4125 6966
3232 6967
1109 6968
855 6969
3790 6970
3341 6971
4220 6972
400 6973
1769 6974
2196 6975
2805 6976
1430 6977
2623 6978
121 6979
5585 6980
6773 6981
3374 6982
544 6983
4713 6984
1818 6985
4800 6986
6039 6987
1737 6988
1106 6989
861 6990
6507 6991
6392 6992
2364 6993
4767 6994
5401 6995
4086 6996
3520 6997
3809 6998
1633 6999
461 7000
5707 7001
2259 7002
1648 7003
4072 7004
1649 7005
2819 7006
2270 7007
601 7008
1750 7009
3455 7010
4567 7011
5394 7012
2887 7013
931 7014
5896 7015
2039 7016
6506 7017
2222 7018
3449 7019
3346 7020
2334 7021
2047 7022
1980 7023
2406 7024
3339 7025
6216 7026
2005 7027
84 7028
1874 7029
1233 7030
5942 7031
282 7032
2278 7033
897 7034
2012 7035
5714 7036
4858 7037
2491 7038
1236 7039
5292 7040
5258 7041
6889 7042
6962 7043
5679 7044
1025 7045
3019 7046
4812 7047
3149 7048
6162 7049
5518 7050
4240 7051
2944 7052
4835 7053
3138 7054
1263 7055
6391 7056
1572 7057
4161 7058
2902 7059
582 7060
1373 7061
2844 7062
6670 7063
1821 7064
1426 7065
3112 7066
4956 7067
2375 7068
5141 7069
4241 7070
1797 7071
3285 7072
5398 7073
900 7074
2695 7075
316 7076
1858 7077
1757 7078
3866 7079
5741 7080
1437 7081
2058 7082
5 7083
3048 7084
1493 7085
2296 7086
2125 7087
3075 7088
3479 7089
1075 7090
3964 7091
1408 7092
5446 7093
2569 7094
548 7095
4180 7096
2741 7097
4030 7098
2664 7099
6273 7100
5344 7101
5520 7102
3510 7103
3710 7104
676 7105
151 7106
5107 7107
4225 7108
4269 7109
6462 7110
2245 7111
3246 7112
2675 7113
3995 7114
2880 7115
4098 7116
5367 7117
5534 7118
1155 7119
947 7120
4709 7121
205 7122
1098 7123
6466 7124
3448 7125
1757 7126
5387 7127
3680 7128
1682 7129
6671 7130
3898 7131
5941 7132
6808 7133
2309 7134
5232 7135
6446 7136
1 7137
5923 7138
1251 7139
1634 7140
5756 7141
6121 7142
6815 7143
4168 7144
4770 7145
748 7146
3456 7147
3171 7148
2819 7149
3122 7150
6562 7151
3261 7152
3007 7153
4030 7154
5016 7155
1296 7156
2276 7157
2966 7158
4068 7159
3410 7160
1014 7161
629 7162
6360 7163
2856 7164
3103 7165
697 7166
4796 7167
4589 7168
2672 7169
4793 7170
5047 7171
4284 7172
161 7173
5905 7174
6105 7175
6659 7176
4040 7177
7030 7178
1662 7179
697 7180
514 7181
4599 7182
1449 7183
1691 7184
4900 7185
6219 7186
3340 7187
2882 7188
4221 7189
711 7190
5070 7191
2352 7192
2502 7193
4125 7194
7120 7195
2056 7196
5522 7197
4805 7198
5148 7199
2819 7200
3416 7201
3237 7202
4638 7203
6481 7204
5269 7205
1145 7206
3399 7207
119 7208
1559 7209
3815 7210
2300 7211
3802 7212
367 7213
3469 7214
2633 7215
6419 7216
498 7217
1207 7218
156 7219
5169 7220
2124 7221
3292 7222
892 7223
3932 7224
1668 7225
5918 7226
3413 7227
739 7228
5325 7229
5473 7230
2078 7231
6456 7232
3171 7233
2206 7234
374 7235
2410 7236
6069 7237
3420 7238
3855 7239
1836 7240
6810 7241
4003 7242
6144 7243
3768 7244
2040 7245
4679 7246
5215 7247
2495 7248
2763 7249
5949 7250
2685 7251
1083 7252
555 7253
4918 7254
5607 7255
4765 7256
6808 7257
1813 7258
4638 7259
1459 7260
6854 7261
2360 7262
205 7263
1621 7264
6807 7265
2369 7266
3420 7267
5164 7268
5822 7269
5749 7270
451 7271
4906 7272
6682 7273
4586 7274
2406 7275
149 7276
2739 7277
2822 7278
5760 7279
6918 7280
3890 7281
2142 7282
4656 7283
3429 7284
2759 7285
4835 7286
6290 7287
4290 7288
1398 7289
7082 7290
5844 7291
5390 7292
4571 7293
1627 7294
6438 7295
544 7296
384 7297
6405 7298
711 7299
1281 7300
2936 7301
141 7302
6902 7303
1738 7304
2261 7305
2904 7306
2787 7307
5740 7308
1535 7309
1814 7310
7208 7311
1264 7312
6239 7313
1825 7314
278 7315
1128 7316
1881 7317
2065 7318
3280 7319
2653 7320
876 7321
5252 7322
6329 7323
563 7324
5378 7325
5478 7326
1371 7327
4738 7328
6342 7329
6651 7330
1354 7331
4631 7332
657 7333
3346 7334
6486 7335
3258 7336
1835 7337
1500 7338
5032 7339
6225 7340
2663 7341
5060 7342
299 7343
7236 7344
777 7345
7334 7346
2527 7347
174 7348
12 7349
6018 7350
6383 7351
53 7352
1803 7353
6290 7354
2448 7355
2850 7356
6622 7357
4187 7358
527 7359
932 7360
6153 7361
298 7362
356 7363
1888 7364
3588 7365
2149 7366
3412 7367
5987 7368
1622 7369
3247 7370
307 7371
3791 7372
369 7373
858 7374
3634 7375
2076 7376
3964 7377
2954 7378
2911 7379
4025 7380
4104 7381
2843 7382
2605 7383
138 7384
5113 7385
3061 7386
5606 7387
723 7388
424 7389
4969 7390
361 7391
5356 7392
7226 7393
3543 7394
4056 7395
3098 7396
6543 7397
4839 7398
3289 7399
6678 7400
6228 7401
5399 7402
5868 7403
5976 7404
1253 7405
5243 7406
5556 7407
911 7408
2413 7409
4280 7410
1437 7411
1060 7412
5170 7413
3544 7414
6529 7415
3316 7416
2933 7417
4420 7418
6079 7419
3109 7420
1337 7421
4649 7422
2328 7423
5315 7424
5440 7425
4944 7426
5110 7427
6167 7428
43 7429
473 7430
4280 7431
2473 7432
3539 7433
5627 7434
3131 7435
3943 7436
538 7437
4779 7438
3421 7439
7253 7440
5289 7441
5313 7442
1673 7443
1994 7444
6090 7445
911 7446
2604 7447
6059 7448
1929 7449
1247 7450
1612 7451
1562 7452
7451 7453
5101 7454
1050 7455
6386 7456
3136 7457
338 7458
815 7459
3685 7460
3092 7461
1230 7462
6616 7463
7270 7464
406 7465
3905 7466
3209 7467
2516 7468
6965 7469
6581 7470
1618 7471
2118 7472
348 7473
696 7474
861 7475
2321 7476
7127 7477
4018 7478
3674 7479
2047 7480
2136 7481
7379 7482
1590 7483
2554 7484
1346 7485
4221 7486
6462 7487
6976 7488
5985 7489
5609 7490
1681 7491
383 7492
301 7493
3803 7494
6063 7495
644 7496
297 7497
2827 7498
1915 7499
4015 7500
7059 7501
6892 7502
3352 7503
987 7504
1212 7505
5485 7506
6287 7507
7132 7508
310 7509
3334 7510
1450 7511
3432 7512
5913 7513
2070 7514
2101 7515
843 7516
4844 7517
2278 7518
5709 7519
1012 7520
5581 7521
2475 7522
3422 7523
4481 7524
6037 7525
4511 7526
2222 7527
1378 7528
1231 7529
4701 7530
5885 7531
2017 7532
5781 7533
4677 7534
5421 7535
362 7536
2520 7537
6119 7538
3410 7539
3567 7540
3589 7541
4141 7542
2535 7543
2959 7544
4097 7545
1335 7546
1706 7547
4174 7548
3506 7549
1438 7550
4105 7551
2392 7552
2858 7553
2309 7554
4797 7555
6375 7556
6013 7557
3554 7558
4411 7559
786 7560
2051 7561
6062 7562
4692 7563
6876 7564
247 7565
1307 7566
4726 7567
2092 7568
1726 7569
5202 7570
848 7571
6 7572
7009 7573
1815 7574
2039 7575
842 7576
1199 7577
4472 7578
3056 7579
2679 7580
1122 7581
1858 7582
479 7583
5619 7584
7429 7585
1434 7586
6335 7587
2877 7588
5184 7589
951 7590
5670 7591
843 7592
580 7593
1472 7594
2079 7595
313 7596
5562 7597
236 7598
4138 7599
3369 7600
480 7601
3737 7602
1149 7603
4217 7604
3134 7605
6284 7606
700 7607
2754 7608
632 7609
6648 7610
3281 7611
242 7612
6346 7613
523 7614
4277 7615
3085 7616
5217 7617
294 7618
2918 7619
2431 7620
6519 7621
1423 7622
2223 7623
3509 7624
767 7625
4352 7626
6137 7627
6380 7628
6546 7629
4433 7630
4706 7631
4378 7632
1560 7633
3792 7634
6842 7635
7600 7636
5174 7637
4477 7638
226 7639
72 7640
7494 7641
6786 7642
6722 7643
2148 7644
5384 7645
4108 7646
5619 7647
46 7648
1227 7649
5201 7650
3816 7651
4849 7652
7493 7653
4821 7654
5568 7655
4088 7656
5947 7657
6654 7658
4803 7659
4602 7660
3055 7661
4802 7662
5338 7663
325 7664
4272 7665
5768 7666
3805 7667
1363 7668
5482 7669
6186 7670
160 7671
1050 7672
2345 7673
7544 7674
4715 7675
4003 7676
1745 7677
4672 7678
2436 7679
1886 7680
1221 7681
446 7682
2704 7683
7283 7684
1696 7685
2478 7686
6200 7687
2948 7688
7433 7689
5881 7690
7362 7691
7077 7692
5502 7693
1269 7694
6197 7695
5300 7696
6591 7697
1034 7698
6016 7699
558 7700
2315 7701
614 7702
1100 7703
1362 7704
7651 7705
1206 7706
4819 7707
6433 7708
5458 7709
2941 7710
1612 7711
805 7712
2938 7713
7617 7714
5744 7715
3342 7716
6205 7717
4395 7718
5017 7719
625 7720
5787 7721
4012 7722
62 7723
4867 7724
6632 7725
805 7726
5817 7727
1645 7728
2829 7729
5171 7730
3800 7731
2194 7732
3361 7733
3809 7734
3568 7735
2246 7736
152 7737
3621 7738
7127 7739
4832 7740
1335 7741
3010 7742
626 7743
1611 7744
2900 7745
5401 7746
2694 7747
7148 7748
2084 7749
3665 7750
597 7751
3975 7752
5940 7753
438 7754
4855 7755
118 7756
4308 7757
6687 7758
2515 7759
2906 7760
1041 7761
5842 7762
1525 7763
6697 7764
393 7765
3068 7766
256 7767
6944 7768
7118 7769
967 7770
1146 7771
2262 7772
484 7773
3573 7774
4291 7775
7512 7776
5366 7777
4111 7778
3194 7779
3434 7780
2912 7781
6739 7782
4447 7783
894 7784
5199 7785
2850 7786
3944 7787
580 7788
1516 7789
3149 7790
5801 7791
1618 7792
4086 7793
3497 7794
3132 7795
6153 7796
5313 7797
924 7798
1078 7799
7375 7800
1906 7801
4137 7802
6208 7803
6938 7804
4993 7805
6793 7806
2177 7807
4692 7808
7436 7809
5744 7810
4478 7811
5453 7812
4080 7813
6478 7814
3710 7815
5910 7816
1601 7817
7271 7818
7225 7819
1884 7820
21 7821
7223 7822
5734 7823
7149 7824
7009 7825
3177 7826
2417 7827
276 7828
6279 7829
5822 7830
5509 7831
6827 7832
1315 7833
7120 7834
5931 7835
1587 7836
5728 7837
3838 7838
2043 7839
1480 7840
6106 7841
7265 7842
3882 7843
2775 7844
5842 7845
2280 7846
5514 7847
3280 7848
1000 7849
178 7850
4457 7851
769 7852
2003 7853
6226 7854
5679 7855
3314 7856
935 7857
34 7858
6818 7859
7572 7860
3233 7861
1795 7862
6026 7863
1395 7864
7706 7865
4291 7866
7191 7867
1759 7868
3571 7869
5083 7870
3187 7871
698 7872
1197 7873
6405 7874
370 7875
674 7876
2919 7877
6224 7878
2008 7879
2834 7880
6986 7881
6473 7882
7465 7883
1577 7884
2343 7885
7103 7886
4104 7887
5435 7888
2362 7889
2272 7890
330 7891
7207 7892
5592 7893
2264 7894
2348 7895
5449 7896
7740 7897
2675 7898
4210 7899
1001 7900
2851 7901
6705 7902
5619 7903
5780 7904
6509 7905
521 7906
7301 7907
604 7908
7097 7909
4353 7910
34 7911
2590 7912
108 7913
3869 7914
2498 7915
1055 7916
658 7917
412 7918
992 7919
2431 7920
7381 7921
5976 7922
2980 7923
3159 7924
1217 7925
1204 7926
7508 7927
6724 7928
4396 7929
6689 7930
1782 7931
2989 7932
4046 7933
2812 7934
5380 7935
5052 7936
2046 7937
4125 7938
4472 7939
1507 7940
7678 7941
2500 7942
1613 7943
2202 7944
3160 7945
4984 7946
1787 7947
7503 7948
7306 7949
5830 7950
6688 7951
6822 7952
2459 7953
4187 7954
6091 7955
663 7956
5888 7957
3615 7958
7122 7959
12 7960
3878 7961
4416 7962
7362 7963
1311 7964
6084 7965
433 7966
2829 7967
3452 7968
3721 7969
3160 7970
6812 7971
5966 7972
346 7973
4704 7974
7506 7975
7872 7976
264 7977
6266 7978
158 7979
2485 7980
315 7981
4245 7982
2424 7983
1465 7984
7184 7985
6297 7986
1960 7987
4422 7988
2143 7989
7126 7990
7982 7991
4905 7992
1378 7993
7899 7994
3995 7995
195 7996
4756 7997
3234 7998
4664 7999
7770 8000
7545 8001
6056 8002
1798 8003
7757 8004
1038 8005
1770 8006
6030 8007
4854 8008
4578 8009
4326 8010
6832 8011
4593 8012
7869 8013
2805 8014
1795 8015
6926 8016
4876 8017
4216 8018
514 8019
6442 8020
1318 8021
3518 8022
6123 8023
2244 8024
6494 8025
68 8026
6639 8027
5841 8028
7317 8029
4818 8030
5131 8031
800 8032
52 8033
5953 8034
961 8035
2092 8036
543 8037
913 8038
1035 8039
2886 8040
5229 8041
5831 8042
679 8043
6915 8044
2671 8045
504 8046
7183 8047
2046 8048
230 8049
961 8050
1197 8051
6182 8052
3207 8053
7608 8054
1358 8055
7611 8056
521 8057
3198 8058
2873 8059
7389 8060
3774 8061
3349 8062
3982 8063
7701 8064
4894 8065
7228 8066
1546 8067
2091 8068
467 8069
2673 8070
6109 8071
4055 8072
1459 8073
2319 8074
637 8075
3936 8076
7502 8077
6505 8078
7018 8079
625 8080
2711 8081
1452 8082
1766 8083
5482 8084
5323 8085
4427 8086
7742 8087
2183 8088
1895 8089
1316 8090
158 8091
5036 8092
4008 8093
1058 8094
6312 8095
5472 8096
678 8097
5670 8098
6959 8099
4798 8100
1294 8101
7817 8102
2011 8103
4497 8104
6424 8105
2310 8106
5170 8107
7926 8108
3425 8109
6246 8110
6068 8111
352 8112
2534 8113
1246 8114
4507 8115
5298 8116
1497 8117
4146 8118
3345 8119
3577 8120
2473 8121
3173 8122
4608 8123
6208 8124
7946 8125
7380 8126
6148 8127
4331 8128
5296 8129
6345 8130
2149 8131
833 8132
6791 8133
2498 8134
6093 8135
804 8136
6125 8137
6995 8138
1997 8139
7350 8140
202 8141
1790 8142
4388 8143
7521 8144
3275 8145
6335 8146
7892 8147
1362 8148
7152 8149
1154 8150
4751 8151
3983 8152
7487 8153
3054 8154
2165 8155
4810 8156
3400 8157
1240 8158
2023 8159
7837 8160
132 8161
7439 8162
630 8163
5864 8164
2930 8165
6815 8166
7885 8167
6328 8168
209 8169
2720 8170
7980 8171
7645 8172
4797 8173
5145 8174
7231 8175
6317 8176
5234 8177
7437 8178
8063 8179
5506 8180
1493 8181
7503 8182
8082 8183
6106 8184
1871 8185
3636 8186
8025 8187
2619 8188
7999 8189
3167 8190
6299 8191
4062 8192
4587 8193
89 8194
4791 8195
4163 8196
4197 8197
243 8198
2812 8199
3613 8200
749 8201
1076 8202
4650 8203
7853 8204
4861 8205
4696 8206
844 8207
5565 8208
5964 8209
3947 8210
5918 8211
6443 8212
2345 8213
3624 8214
6891 8215
4619 8216
719 8217
788 8218
2261 8219
3061 8220
3782 8221
1852 8222
3400 8223
6678 8224
2255 8225
621 8226
6091 8227
5338 8228
6217 8229
4641 8230
7188 8231
419 8232
885 8233
6614 8234
2854 8235
7616 8236
1117 8237
5966 8238
889 8239
7112 8240
7928 8241
4828 8242
7678 8243
2307 8244
7570 8245
3769 8246
7916 8247
3905 8248
7832 8249
7694 8250
2473 8251
2406 8252
2271 8253
3436 8254
7698 8255
5933 8256
6226 8257
2274 8258
784 8259
3642 8260
1261 8261
2076 8262
1671 8263
5506 8264
7035 8265
197 8266
2440 8267
7616 8268
8065 8269
7770 8270
3753 8271
5829 8272
2248 8273
3658 8274
175 8275
8231 8276
4023 8277
6223 8278
6936 8279
763 8280
7725 8281
6001 8282
6877 8283
5640 8284
3794 8285
6833 8286
5575 8287
972 8288
2403 8289
7058 8290
7203 8291
2845 8292
3430 8293
7873 8294
5145 8295
4130 8296
5763 8297
4692 8298
185 8299
1539 8300
3611 8301
1059 8302
2851 8303
5518 8304
1817 8305
2691 8306
7398 8307
7520 8308
299 8309
3300 8310
4292 8311
1515 8312
5573 8313
2859 8314
2300 8315
3365 8316
5481 8317
4298 8318
5037 8319
153 8320
5862 8321
2029 8322
7163 8323
7196 8324
6825 8325
6059 8326
8143 8327
7147 8328
6269 8329
3570 8330
5899 8331
184 8332
4091 8333
2764 8334
4339 8335
3002 8336
8064 8337
6318 8338
2403 8339
2216 8340
835 8341
3129 8342
5863 8343
5696 8344
5187 8345
5699 8346
5761 8347
2272 8348
1735 8349
4744 8350
3114 8351
5309 8352
4485 8353
7119 8354
3836 8355
5892 8356
3117 8357
6810 8358
6848 8359
1526 8360
4808 8361
4886 8362
2341 8363
7958 8364
6250 8365
6348 8366
3473 8367
4097 8368
3368 8369
2685 8370
3561 8371
1133 8372
8091 8373
241 8374
5969 8375
4586 8376
5070 8377
177 8378
5703 8379
2869 8380
8340 8381
1970 8382
1258 8383
2465 8384
7141 8385
4596 8386
7011 8387
6643 8388
4683 8389
3077 8390
2618 8391
1177 8392
3743 8393
2714 8394
730 8395
4599 8396
3553 8397
6837 8398
547 8399
8154 8400
6997 8401
5783 8402
1548 8403
8321 8404
4944 8405
4902 8406
4568 8407
7745 8408
3190 8409
3277 8410
4685 8411
6851 8412
4135 8413
8073 8414
7216 8415
3115 8416
3664 8417
7281 8418
4737 8419
7571 8420
6121 8421
6957 8422
905 8423
2405 8424
2854 8425
6835 8426
2023 8427
3830 8428
2888 8429
6714 8430
1697 8431
5823 8432
3071 8433
6295 8434
8174 8435
3226 8436
3849 8437
5891 8438
5759 8439
941 8440
172 8441
3213 8442
2448 8443
7492 8444
810 8445
1376 8446
325 8447
3013 8448
4491 8449
6515 8450
73 8451
1203 8452
4784 8453
7243 8454
6208 8455
4019 8456
5832 8457
4169 8458
5431 8459
5227 8460
1495 8461
2957 8462
1360 8463
7511 8464
5810 8465
3424 8466
254 8467
7147 8468
5446 8469
5716 8470
4505 8471
4014 8472
2682 8473
2688 8474
3261 8475
563 8476
2278 8477
4566 8478
5875 8479
117 8480
3398 8481
3532 8482
706 8483
5339 8484
4723 8485
8170 8486
796 8487
6402 8488
5910 8489
834 8490
3075 8491
7202 8492
6175 8493
1844 8494
6078 8495
6299 8496
1428 8497
6865 8498
1551 8499
703 8500
7970 8501
4948 8502
6115 8503
4252 8504
117 8505
7168 8506
6933 8507
7188 8508
5485 8509
6045 8510
5313 8511
69 8512
3040 8513
7035 8514
4030 8515
7006 8516
6847 8517
7793 8518
445 8519
1841 8520
913 8521
775 8522
5067 8523
3679 8524
7454 8525
398 8526
3762 8527
4769 8528
4827 8529
777 8530
4964 8531
304 8532
6374 8533
433 8534
6955 8535
7127 8536
7294 8537
6325 8538
5187 8539
6595 8540
2062 8541
6640 8542
538 8543
3771 8544
7848 8545
2150 8546
1909 8547
1410 8548
7336 8549
7341 8550
3871 8551
8098 8552
2929 8553
2541 8554
6560 8555
4082 8556
26 8557
8250 8558
5663 8559
6770 8560
5090 8561
4081 8562
2392 8563
6393 8564
730 8565
8520 8566
7017 8567
2503 8568
5558 8569
6485 8570
1550 8571
6773 8572
5649 8573
5151 8574
867 8575
2529 8576
5855 8577
2047 8578
1202 8579
1422 8580
3065 8581
4374 8582
5327 8583
2868 8584
2884 8585
5828 8586
2156 8587
2616 8588
886 8589
70 8590
1025 8591
1990 8592
2990 8593
5561 8594
8576 8595
2970 8596
4826 8597
6158 8598
3783 8599
5844 8600
8122 8601
813 8602
1794 8603
5060 8604
2238 8605
3376 8606
3618 8607
5918 8608
3636 8609
995 8610
5825 8611
3294 8612
7414 8613
2359 8614
6891 8615
6550 8616
689 8617
4572 8618
6208 8619
4283 8620
6540 8621
1914 8622
641 8623
2646 8624
6765 8625
690 8626
1187 8627
251 8628
3185 8629
3467 8630
1170 8631
8183 8632
3781 8633
6382 8634
6173 8635
4065 8636
214 8637
1712 8638
2272 8639
7706 8640
651 8641
4091 8642
1265 8643
5274 8644
2013 8645
3832 8646
2704 8647
6562 8648
2694 8649
4218 8650
7462 8651
4544 8652
1183 8653
2213 8654
6101 8655
1400 8656
1520 8657
4763 8658
1176 8659
348 8660
4260 8661
1988 8662
4359 8663
3678 8664
7610 8665
8387 8666
430 8667
3905 8668
856 8669
5854 8670
1578 8671
3037 8672
3854 8673
3963 8674
7905 8675
1346 8676
4948 8677
761 8678
7335 8679
2207 8680
3804 8681
4350 8682
5411 8683
976 8684
8482 8685
1517 8686
6627 8687
6485 8688
3904 8689
6419 8690
7563 8691
950 8692
2621 8693
6915 8694
6356 8695
3779 8696
2629 8697
8297 8698
6545 8699
4826 8700
2441 8701
2820 8702
1025 8703
5999 8704
7138 8705
4218 8706
3123 8707
4639 8708
4592 8709
1199 8710
7184 8711
8109 8712
4530 8713
3297 8714
6903 8715
2465 8716
536 8717
5763 8718
2649 8719
8134 8720
6091 8721
7773 8722
2098 8723
5215 8724
1837 8725
6331 8726
4059 8727
4 8728
5746 8729
3790 8730
5725 8731
6958 8732
5526 8733
3348 8734
5748 8735
4248 8736
1616 8737
8462 8738
4797 8739
3731 8740
7057 8741
1011 8742
1837 8743
7572 8744
1946 8745
1340 8746
5001 8747
5685 8748
2857 8749
3682 8750
5352 8751
2002 8752
7042 8753
5858 8754
2215 8755
3252 8756
6716 8757
5598 8758
6711 8759
147 8760
5595 8761
564 8762
4693 8763
719 8764
1708 8765
299 8766
837 8767
4192 8768
4389 8769
59 8770
6068 8771
7899 8772
4348 8773
189 8774
4062 8775
7165 8776
6290 8777
2552 8778
437 8779
5250 8780
2172 8781
3643 8782
267 8783
7488 8784
673 8785
7341 8786
711 8787
5685 8788
2826 8789
5771 8790
8739 8791
7319 8792
7761 8793
3062 8794
7311 8795
2799 8796
7986 8797
8659 8798
2273 8799
5071 8800
3648 8801
4578 8802
6014 8803
2484 8804
8616 8805
2801 8806
3157 8807
1894 8808
7769 8809
2838 8810
8753 8811
3026 8812
5952 8813
2879 8814
3231 8815
1562 8816
4364 8817
2229 8818
6943 8819
7947 8820
753 8821
3143 8822
5027 8823
4359 8824
4570 8825
3786 8826
2947 8827
4556 8828
8618 8829
1435 8830
4651 8831
1517 8832
2960 8833
3062 8834
4160 8835
4480 8836
306 8837
1956 8838
3575 8839
3912 8840
4827 8841
6413 8842
2348 8843
1247 8844
2289 8845
3057 8846
404 8847
375 8848
1203 8849
3496 8850
900 8851
3876 8852
2577 8853
881 8854
5180 8855
6165 8856
5171 8857
175 8858
2343 8859
1480 8860
2658 8861
478 8862
4971 8863
35 8864
2617 8865
5460 8866
2754 8867
6281 8868
1715 8869
8426 8870
1261 8871
6867 8872
4733 8873
2484 8874
8241 8875
2363 8876
6857 8877
5754 8878
1670 8879
1919 8880
7172 8881
1505 8882
7142 8883
5670 8884
5403 8885
8412 8886
688 8887
2560 8888
964 8889
1864 8890
4787 8891
5906 8892
1877 8893
4749 8894
1839 8895
4951 8896
8232 8897
1193 8898
6039 8899
1997 8900
1043 8901
74 8902
5470 8903
8608 8904
1020 8905
1309 8906
3750 8907
5693 8908
2461 8909
58 8910
8858 8911
169 8912
7232 8913
84 8914
4849 8915
5479 8916
278 8917
4741 8918
3580 8919
5488 8920
7769 8921
4714 8922
1033 8923
7526 8924
7350 8925
147 8926
6424 8927
4883 8928
6210 8929
7619 8930
5297 8931
7670 8932
543 8933
1973 8934
39 8935
3053 8936
5620 8937
5359 8938
4445 8939
5361 8940
387 8941
7802 8942
7533 8943
2015 8944
5896 8945
6715 8946
661 8947
1261 8948
4163 8949
1279 8950
2784 8951
2333 8952
6660 8953
8854 8954
8038 8955
1764 8956
8031 8957
1871 8958
2004 8959
8157 8960
6892 8961
4706 8962
878 8963
3734 8964
1842 8965
5712 8966
103 8967
3564 8968
4085 8969
3303 8970
5004 8971
4455 8972
5312 8973
5079 8974
2196 8975
1752 8976
1928 8977
3097 8978
736 8979
6399 8980
6214 8981
8752 8982
666 8983
8983 8984
5790 8985
3303 8986
3996 8987
8308 8988
3601 8989
3890 8990
8776 8991
3583 8992
3440 8993
3125 8994
1884 8995
3627 8996
2541 8997
8708 8998
4484 8999
4555 9000
