8000
0 1
1 2
1 3
1 4
3 5
0 6
4 7
3 8
2 9
1 10
0 11
6 12
11 13
2 14
12 15
6 16
3 17
3 18
4 19
7 20
4 21
5 22
14 23
0 24
0 25
23 26
15 27
17 28
19 29
5 30
24 31
9 32
30 33
17 34
29 35
14 36
10 37
23 38
13 39
17 40
17 41
27 42
20 43
33 44
25 45
37 46
46 47
31 48
46 49
20 50
23 51
48 52
12 53
27 54
38 55
46 56
9 57
18 58
58 59
32 60
55 61
10 62
16 63
11 64
22 65
0 66
3 67
0 68
13 69
65 70
28 71
32 72
67 73
57 74
35 75
2 76
12 77
15 78
24 79
76 80
67 81
80 82
69 83
41 84
40 85
67 86
86 87
49 88
45 89
21 90
34 91
41 92
82 93
53 94
54 95
36 96
3 97
86 98
79 99
2 100
23 101
13 102
67 103
9 104
51 105
75 106
12 107
45 108
106 109
87 110
40 111
100 112
104 113
94 114
94 115
46 116
42 117
8 118
31 119
9 120
76 121
36 122
58 123
24 124
78 125
99 126
50 127
29 128
61 129
6 130
129 131
124 132
86 133
35 134
16 135
2 136
61 137
89 138
68 139
131 140
42 141
95 142
131 143
16 144
53 145
144 146
116 147
115 148
81 149
102 150
8 151
134 152
29 153
49 154
100 155
94 156
12 157
28 158
83 159
157 160
31 161
88 162
142 163
27 164
38 165
99 166
50 167
158 168
74 169
151 170
126 171
127 172
87 173
83 174
69 175
6 176
122 177
26 178
43 179
137 180
122 181
1 182
121 183
41 184
146 185
124 186
40 187
154 188
8 189
9 190
168 191
76 192
114 193
154 194
126 195
138 196
131 197
62 198
148 199
178 200
2 201
64 202
32 203
97 204
173 205
114 206
144 207
0 208
58 209
68 210
96 211
7 212
43 213
146 214
185 215
89 216
82 217
66 218
141 219
28 220
89 221
162 222
0 223
179 224
136 225
78 226
0 227
161 228
157 229
224 230
91 231
176 232
150 233
0 234
105 235
213 236
166 237
50 238
221 239
166 240
127 241
182 242
64 243
185 244
39 245
14 246
238 247
111 248
172 249
230 250
26 251
181 252
117 253
131 254
121 255
89 256
62 257
115 258
192 259
173 260
225 261
10 262
6 263
199 264
6 265
199 266
85 267
88 268
27 269
230 270
194 271
127 272
247 273
81 274
51 275
4 276
104 277
97 278
129 279
82 280
93 281
94 282
108 283
128 284
219 285
63 286
28 287
39 288
257 289
166 290
202 291
256 292
104 293
26 294
261 295
120 296
141 297
286 298
41 299
69 300
58 301
54 302
20 303
275 304
119 305
220 306
198 307
59 308
60 309
257 310
145 311
226 312
298 313
264 314
234 315
181 316
126 317
182 318
153 319
195 320
155 321
233 322
39 323
229 324
213 325
28 326
52 327
217 328
110 329
188 330
109 331
193 332
331 333
232 334
19 335
26 336
192 337
75 338
9 339
218 340
259 341
54 342
186 343
31 344
223 345
274 346
230 347
145 348
284 349
327 350
130 351
247 352
262 353
300 354
108 355
225 356
101 357
205 358
235 359
60 360
29 361
111 362
113 363
203 364
320 365
49 366
100 367
268 368
247 369
14 370
173 371
150 372
77 373
169 374
48 375
130 376
133 377
91 378
9 379
39 380
351 381
198 382
6 383
11 384
46 385
151 386
343 387
218 388
345 389
351 390
254 391
161 392
194 393
85 394
212 395
395 396
10 397
295 398
45 399
82 400
5 401
396 402
351 403
230 404
198 405
270 406
168 407
34 408
186 409
232 410
124 411
351 412
0 413
373 414
136 415
325 416
354 417
269 418
175 419
3 420
238 421
146 422
178 423
390 424
1 425
159 426
68 427
405 428
112 429
220 430
70 431
100 432
267 433
28 434
371 435
370 436
383 437
387 438
27 439
407 440
62 441
369 442
322 443
154 444
398 445
1 446
205 447
239 448
111 449
55 450
445 451
72 452
149 453
42 454
22 455
373 456
184 457
105 458
49 459
322 460
413 461
29 462
76 463
232 464
439 465
245 466
64 467
387 468
233 469
169 470
58 471
234 472
420 473
220 474
240 475
91 476
323 477
378 478
464 479
112 480
50 481
203 482
61 483
314 484
404 485
322 486
294 487
254 488
356 489
313 490
381 491
285 492
72 493
413 494
184 495
424 496
75 497
275 498
160 499
219 500
389 501
32 502
11 503
106 504
232 505
317 506
235 507
190 508
288 509
492 510
283 511
305 512
118 513
331 514
272 515
124 516
69 517
341 518
396 519
399 520
505 521
359 522
235 523
418 524
220 525
45 526
236 527
11 528
495 529
266 530
521 531
161 532
426 533
389 534
485 535
263 536
55 537
269 538
110 539
143 540
479 541
508 542
281 543
121 544
72 545
171 546
303 547
546 548
380 549
313 550
364 551
514 552
270 553
92 554
518 555
254 556
311 557
511 558
7 559
42 560
380 561
314 562
300 563
458 564
336 565
506 566
395 567
130 568
28 569
506 570
356 571
467 572
510 573
492 574
252 575
272 576
41 577
219 578
187 579
253 580
449 581
468 582
201 583
182 584
70 585
171 586
408 587
216 588
552 589
223 590
181 591
364 592
46 593
163 594
21 595
116 596
576 597
81 598
468 599
578 600
402 601
246 602
365 603
81 604
105 605
432 606
567 607
222 608
77 609
502 610
80 611
336 612
594 613
136 614
556 615
324 616
214 617
78 618
475 619
400 620
530 621
215 622
322 623
489 624
346 625
167 626
158 627
626 628
325 629
599 630
539 631
167 632
249 633
350 634
157 635
442 636
312 637
415 638
582 639
588 640
401 641
265 642
98 643
339 644
603 645
478 646
425 647
115 648
372 649
133 650
609 651
631 652
320 653
457 654
597 655
521 656
607 657
126 658
495 659
596 660
156 661
500 662
387 663
57 664
170 665
110 666
105 667
208 668
266 669
379 670
651 671
289 672
352 673
316 674
587 675
391 676
308 677
15 678
198 679
643 680
388 681
420 682
480 683
584 684
176 685
554 686
658 687
197 688
319 689
679 690
100 691
107 692
131 693
507 694
10 695
377 696
336 697
43 698
432 699
37 700
152 701
119 702
138 703
38 704
278 705
381 706
490 707
675 708
457 709
577 710
640 711
477 712
179 713
454 714
459 715
339 716
207 717
150 718
391 719
116 720
176 721
469 722
412 723
134 724
472 725
132 726
263 727
494 728
307 729
179 730
169 731
405 732
310 733
427 734
100 735
385 736
416 737
559 738
619 739
359 740
318 741
708 742
545 743
111 744
673 745
33 746
649 747
284 748
265 749
485 750
625 751
447 752
414 753
524 754
500 755
110 756
173 757
711 758
115 759
609 760
355 761
8 762
350 763
395 764
764 765
617 766
611 767
476 768
40 769
164 770
720 771
663 772
244 773
424 774
685 775
76 776
142 777
223 778
212 779
556 780
750 781
557 782
168 783
620 784
450 785
168 786
463 787
457 788
38 789
433 790
23 791
281 792
726 793
33 794
738 795
619 796
679 797
502 798
427 799
511 800
557 801
128 802
392 803
380 804
26 805
436 806
369 807
1 808
14 809
421 810
730 811
98 812
21 813
527 814
609 815
597 816
528 817
298 818
514 819
85 820
315 821
546 822
793 823
102 824
338 825
512 826
357 827
301 828
265 829
772 830
691 831
432 832
110 833
540 834
588 835
289 836
657 837
802 838
476 839
312 840
435 841
126 842
327 843
543 844
578 845
299 846
456 847
642 848
496 849
222 850
759 851
214 852
763 853
544 854
531 855
32 856
687 857
646 858
690 859
517 860
348 861
277 862
17 863
441 864
651 865
528 866
856 867
451 868
195 869
566 870
167 871
528 872
490 873
844 874
407 875
462 876
576 877
475 878
215 879
457 880
782 881
452 882
535 883
310 884
330 885
124 886
732 887
768 888
104 889
239 890
661 891
712 892
572 893
666 894
188 895
866 896
131 897
667 898
135 899
701 900
161 901
595 902
893 903
265 904
606 905
509 906
670 907
267 908
405 909
762 910
638 911
692 912
646 913
455 914
190 915
847 916
264 917
794 918
73 919
349 920
565 921
391 922
785 923
62 924
310 925
372 926
39 927
49 928
587 929
375 930
561 931
471 932
10 933
874 934
457 935
28 936
225 937
440 938
750 939
238 940
44 941
563 942
729 943
106 944
749 945
921 946
937 947
768 948
790 949
904 950
724 951
927 952
876 953
177 954
146 955
937 956
126 957
53 958
850 959
48 960
704 961
32 962
176 963
841 964
235 965
839 966
715 967
48 968
824 969
561 970
507 971
696 972
629 973
30 974
446 975
836 976
550 977
542 978
668 979
306 980
79 981
339 982
390 983
679 984
423 985
425 986
108 987
679 988
608 989
11 990
74 991
230 992
882 993
637 994
907 995
732 996
415 997
712 998
719 999
493 1000
198 1001
606 1002
244 1003
476 1004
202 1005
211 1006
759 1007
873 1008
252 1009
969 1010
354 1011
280 1012
642 1013
981 1014
302 1015
692 1016
699 1017
824 1018
58 1019
455 1020
1014 1021
218 1022
789 1023
604 1024
615 1025
108 1026
104 1027
319 1028
486 1029
495 1030
946 1031
300 1032
434 1033
279 1034
46 1035
258 1036
976 1037
107 1038
847 1039
193 1040
418 1041
288 1042
483 1043
758 1044
1033 1045
1029 1046
473 1047
206 1048
476 1049
80 1050
969 1051
874 1052
180 1053
400 1054
834 1055
889 1056
958 1057
677 1058
211 1059
590 1060
506 1061
208 1062
101 1063
908 1064
856 1065
439 1066
844 1067
411 1068
644 1069
248 1070
386 1071
229 1072
1025 1073
104 1074
799 1075
1028 1076
153 1077
505 1078
343 1079
678 1080
933 1081
747 1082
415 1083
1055 1084
1005 1085
512 1086
698 1087
37 1088
42 1089
1041 1090
961 1091
174 1092
119 1093
777 1094
847 1095
485 1096
185 1097
277 1098
962 1099
622 1100
315 1101
272 1102
155 1103
843 1104
905 1105
711 1106
741 1107
267 1108
891 1109
1099 1110
250 1111
715 1112
287 1113
168 1114
49 1115
366 1116
494 1117
905 1118
13 1119
969 1120
1017 1121
626 1122
903 1123
622 1124
88 1125
158 1126
570 1127
591 1128
185 1129
777 1130
424 1131
583 1132
405 1133
238 1134
312 1135
1134 1136
896 1137
883 1138
1020 1139
202 1140
137 1141
598 1142
1048 1143
93 1144
252 1145
311 1146
220 1147
259 1148
477 1149
189 1150
293 1151
1099 1152
875 1153
196 1154
492 1155
742 1156
403 1157
461 1158
854 1159
603 1160
565 1161
47 1162
840 1163
703 1164
491 1165
836 1166
230 1167
659 1168
936 1169
1161 1170
543 1171
382 1172
530 1173
288 1174
1170 1175
996 1176
563 1177
968 1178
415 1179
615 1180
241 1181
2 1182
435 1183
181 1184
60 1185
712 1186
974 1187
427 1188
1024 1189
1098 1190
274 1191
265 1192
103 1193
187 1194
793 1195
993 1196
1135 1197
264 1198
344 1199
564 1200
689 1201
197 1202
247 1203
130 1204
537 1205
1076 1206
460 1207
801 1208
891 1209
13 1210
319 1211
37 1212
953 1213
503 1214
711 1215
399 1216
702 1217
845 1218
927 1219
775 1220
699 1221
263 1222
677 1223
983 1224
924 1225
66 1226
1120 1227
197 1228
300 1229
1141 1230
296 1231
696 1232
780 1233
553 1234
894 1235
894 1236
775 1237
118 1238
357 1239
739 1240
630 1241
349 1242
145 1243
1165 1244
847 1245
626 1246
1173 1247
608 1248
146 1249
905 1250
639 1251
621 1252
480 1253
193 1254
240 1255
1127 1256
158 1257
868 1258
835 1259
1023 1260
454 1261
261 1262
273 1263
279 1264
507 1265
1200 1266
793 1267
98 1268
1198 1269
708 1270
296 1271
1243 1272
1143 1273
1189 1274
164 1275
1172 1276
853 1277
209 1278
522 1279
944 1280
3 1281
878 1282
525 1283
598 1284
44 1285
31 1286
474 1287
1280 1288
1273 1289
479 1290
1064 1291
304 1292
150 1293
562 1294
782 1295
778 1296
1047 1297
649 1298
742 1299
75 1300
1267 1301
261 1302
1010 1303
576 1304
674 1305
1287 1306
753 1307
625 1308
1261 1309
483 1310
442 1311
871 1312
1210 1313
734 1314
927 1315
892 1316
121 1317
1061 1318
1108 1319
1082 1320
1232 1321
1114 1322
225 1323
943 1324
679 1325
907 1326
607 1327
1208 1328
222 1329
334 1330
369 1331
900 1332
603 1333
551 1334
213 1335
274 1336
479 1337
1231 1338
627 1339
468 1340
483 1341
196 1342
1239 1343
878 1344
1199 1345
365 1346
948 1347
170 1348
700 1349
703 1350
299 1351
902 1352
854 1353
434 1354
389 1355
21 1356
66 1357
173 1358
820 1359
329 1360
367 1361
1143 1362
561 1363
269 1364
26 1365
38 1366
699 1367
401 1368
569 1369
593 1370
878 1371
974 1372
59 1373
1366 1374
572 1375
684 1376
86 1377
1243 1378
690 1379
677 1380
697 1381
1162 1382
80 1383
931 1384
652 1385
371 1386
455 1387
657 1388
170 1389
376 1390
576 1391
630 1392
1006 1393
486 1394
69 1395
558 1396
37 1397
523 1398
1173 1399
742 1400
1019 1401
248 1402
100 1403
194 1404
1231 1405
1088 1406
601 1407
265 1408
88 1409
1086 1410
1226 1411
275 1412
602 1413
192 1414
247 1415
90 1416
1199 1417
1283 1418
600 1419
1123 1420
842 1421
532 1422
1405 1423
470 1424
147 1425
1321 1426
672 1427
724 1428
877 1429
202 1430
629 1431
16 1432
1384 1433
89 1434
1422 1435
424 1436
50 1437
1317 1438
810 1439
14 1440
515 1441
423 1442
853 1443
1283 1444
407 1445
83 1446
1354 1447
529 1448
194 1449
1385 1450
963 1451
123 1452
552 1453
211 1454
816 1455
529 1456
1210 1457
1395 1458
4 1459
547 1460
233 1461
1413 1462
424 1463
999 1464
196 1465
326 1466
331 1467
1389 1468
1026 1469
478 1470
1115 1471
1 1472
841 1473
767 1474
1161 1475
1394 1476
491 1477
802 1478
724 1479
1082 1480
116 1481
1267 1482
437 1483
1306 1484
1163 1485
200 1486
317 1487
480 1488
1115 1489
1217 1490
922 1491
629 1492
170 1493
441 1494
1002 1495
148 1496
920 1497
1435 1498
255 1499
128 1500
1051 1501
1220 1502
794 1503
941 1504
782 1505
23 1506
188 1507
950 1508
28 1509
261 1510
221 1511
621 1512
1172 1513
393 1514
968 1515
183 1516
491 1517
315 1518
1031 1519
26 1520
850 1521
611 1522
258 1523
800 1524
1025 1525
279 1526
1506 1527
1030 1528
75 1529
1464 1530
723 1531
1281 1532
1006 1533
1236 1534
117 1535
727 1536
46 1537
277 1538
543 1539
974 1540
65 1541
790 1542
430 1543
0 1544
144 1545
331 1546
45 1547
950 1548
1505 1549
1324 1550
200 1551
119 1552
136 1553
1267 1554
720 1555
159 1556
224 1557
749 1558
1039 1559
1413 1560
887 1561
156 1562
1487 1563
128 1564
714 1565
739 1566
733 1567
681 1568
406 1569
1107 1570
482 1571
630 1572
1281 1573
1260 1574
360 1575
453 1576
311 1577
974 1578
407 1579
104 1580
1531 1581
1132 1582
1545 1583
399 1584
684 1585
1373 1586
721 1587
951 1588
1214 1589
385 1590
1077 1591
202 1592
371 1593
1027 1594
1405 1595
554 1596
748 1597
244 1598
734 1599
778 1600
1537 1601
34 1602
788 1603
527 1604
1371 1605
783 1606
1173 1607
1267 1608
1342 1609
1501 1610
1569 1611
160 1612
478 1613
1085 1614
1547 1615
235 1616
1051 1617
1314 1618
414 1619
1127 1620
33 1621
93 1622
1213 1623
555 1624
1479 1625
1365 1626
1470 1627
742 1628
133 1629
374 1630
1486 1631
1155 1632
1239 1633
843 1634
1023 1635
788 1636
625 1637
1522 1638
1493 1639
1171 1640
1038 1641
1568 1642
708 1643
522 1644
321 1645
902 1646
300 1647
1154 1648
1031 1649
239 1650
1116 1651
1635 1652
134 1653
1237 1654
990 1655
371 1656
1296 1657
1297 1658
1244 1659
613 1660
308 1661
1479 1662
880 1663
411 1664
703 1665
777 1666
970 1667
917 1668
1173 1669
1213 1670
1441 1671
1324 1672
154 1673
1267 1674
1588 1675
719 1676
1022 1677
459 1678
1619 1679
861 1680
828 1681
686 1682
182 1683
863 1684
1298 1685
1592 1686
1156 1687
439 1688
720 1689
847 1690
915 1691
58 1692
407 1693
289 1694
728 1695
570 1696
1144 1697
1299 1698
1384 1699
662 1700
1135 1701
1656 1702
616 1703
1190 1704
863 1705
594 1706
1590 1707
1290 1708
1018 1709
1326 1710
339 1711
1026 1712
96 1713
3 1714
1591 1715
1476 1716
1634 1717
1069 1718
141 1719
1657 1720
818 1721
1560 1722
1110 1723
513 1724
740 1725
1560 1726
521 1727
712 1728
162 1729
1386 1730
461 1731
1008 1732
1171 1733
136 1734
687 1735
1201 1736
350 1737
1246 1738
1185 1739
23 1740
865 1741
304 1742
1407 1743
1548 1744
470 1745
1742 1746
767 1747
1681 1748
494 1749
802 1750
974 1751
1704 1752
953 1753
888 1754
846 1755
1486 1756
1310 1757
1477 1758
1416 1759
1454 1760
286 1761
1171 1762
1040 1763
335 1764
1118 1765
1021 1766
1509 1767
158 1768
1327 1769
835 1770
1392 1771
279 1772
1002 1773
461 1774
1342 1775
352 1776
586 1777
832 1778
1142 1779
338 1780
1223 1781
1025 1782
64 1783
1781 1784
1392 1785
275 1786
1066 1787
1370 1788
436 1789
1275 1790
327 1791
723 1792
490 1793
255 1794
515 1795
817 1796
1422 1797
181 1798
372 1799
204 1800
17 1801
1391 1802
1771 1803
352 1804
481 1805
1332 1806
1556 1807
952 1808
22 1809
1601 1810
1355 1811
716 1812
612 1813
1015 1814
1714 1815
1630 1816
600 1817
468 1818
453 1819
1460 1820
1747 1821
1018 1822
1216 1823
1407 1824
667 1825
471 1826
211 1827
536 1828
770 1829
1249 1830
1043 1831
676 1832
1709 1833
1469 1834
331 1835
189 1836
1094 1837
1179 1838
1318 1839
875 1840
706 1841
17 1842
261 1843
358 1844
1702 1845
426 1846
211 1847
1734 1848
325 1849
1439 1850
527 1851
8 1852
630 1853
1142 1854
837 1855
1787 1856
1251 1857
1339 1858
957 1859
1739 1860
1439 1861
1788 1862
1378 1863
1413 1864
1362 1865
604 1866
781 1867
643 1868
779 1869
924 1870
269 1871
337 1872
1623 1873
595 1874
1206 1875
912 1876
1089 1877
1446 1878
915 1879
1578 1880
1746 1881
243 1882
415 1883
795 1884
1020 1885
349 1886
592 1887
1742 1888
864 1889
1317 1890
463 1891
494 1892
122 1893
1863 1894
1765 1895
759 1896
1835 1897
1826 1898
1579 1899
1604 1900
174 1901
486 1902
1899 1903
483 1904
1398 1905
932 1906
609 1907
1779 1908
1501 1909
618 1910
1828 1911
1196 1912
1363 1913
956 1914
695 1915
1356 1916
1710 1917
1198 1918
1268 1919
1664 1920
1852 1921
1071 1922
205 1923
1794 1924
639 1925
291 1926
1434 1927
1410 1928
118 1929
1377 1930
761 1931
1583 1932
340 1933
861 1934
1548 1935
408 1936
917 1937
1702 1938
1681 1939
466 1940
914 1941
1493 1942
126 1943
1739 1944
1383 1945
470 1946
344 1947
183 1948
160 1949
1633 1950
1389 1951
1754 1952
537 1953
1676 1954
404 1955
10 1956
1201 1957
1485 1958
405 1959
519 1960
4 1961
1328 1962
1146 1963
364 1964
640 1965
723 1966
1685 1967
1800 1968
1573 1969
1065 1970
419 1971
557 1972
1660 1973
1692 1974
669 1975
1927 1976
658 1977
1224 1978
62 1979
1544 1980
888 1981
1374 1982
544 1983
355 1984
1789 1985
1160 1986
328 1987
1727 1988
57 1989
964 1990
965 1991
1485 1992
462 1993
1117 1994
1660 1995
372 1996
1145 1997
1453 1998
495 1999
1403 2000
902 2001
216 2002
1696 2003
229 2004
494 2005
533 2006
1952 2007
697 2008
1940 2009
272 2010
522 2011
760 2012
1417 2013
488 2014
1254 2015
1667 2016
559 2017
267 2018
1969 2019
615 2020
1313 2021
87 2022
385 2023
588 2024
815 2025
694 2026
1983 2027
262 2028
538 2029
1830 2030
611 2031
2010 2032
1057 2033
43 2034
1039 2035
736 2036
1486 2037
1352 2038
1582 2039
664 2040
574 2041
1175 2042
397 2043
774 2044
1225 2045
368 2046
904 2047
674 2048
1065 2049
892 2050
1627 2051
712 2052
1278 2053
667 2054
1877 2055
1061 2056
841 2057
1249 2058
1906 2059
1330 2060
1282 2061
1374 2062
617 2063
1788 2064
603 2065
1668 2066
1993 2067
1469 2068
1623 2069
363 2070
263 2071
1884 2072
1839 2073
897 2074
1421 2075
1939 2076
293 2077
866 2078
224 2079
745 2080
1341 2081
598 2082
1198 2083
318 2084
2037 2085
1628 2086
1853 2087
1359 2088
807 2089
453 2090
1482 2091
829 2092
1271 2093
2039 2094
492 2095
922 2096
773 2097
331 2098
1554 2099
553 2100
1981 2101
822 2102
1952 2103
1214 2104
224 2105
852 2106
1398 2107
226 2108
1848 2109
1052 2110
1879 2111
1407 2112
1529 2113
1175 2114
246 2115
207 2116
532 2117
484 2118
759 2119
1362 2120
104 2121
1345 2122
347 2123
1274 2124
967 2125
1949 2126
981 2127
1499 2128
1563 2129
249 2130
1131 2131
1478 2132
206 2133
1863 2134
1213 2135
1492 2136
327 2137
1995 2138
2012 2139
1435 2140
975 2141
51 2142
1480 2143
909 2144
1063 2145
207 2146
1404 2147
457 2148
792 2149
845 2150
1092 2151
542 2152
751 2153
651 2154
586 2155
2077 2156
1774 2157
2028 2158
1823 2159
519 2160
324 2161
1427 2162
1983 2163
171 2164
2144 2165
198 2166
1916 2167
313 2168
1676 2169
1650 2170
694 2171
346 2172
1263 2173
173 2174
1374 2175
1466 2176
173 2177
1009 2178
2081 2179
1436 2180
1090 2181
1928 2182
892 2183
324 2184
378 2185
2105 2186
1280 2187
775 2188
1685 2189
1911 2190
1766 2191
566 2192
1701 2193
818 2194
17 2195
1140 2196
1360 2197
1593 2198
289 2199
1354 2200
2010 2201
2171 2202
1128 2203
580 2204
544 2205
1416 2206
676 2207
430 2208
2156 2209
1223 2210
2057 2211
1794 2212
148 2213
2048 2214
1369 2215
1491 2216
276 2217
443 2218
1165 2219
787 2220
1692 2221
1799 2222
86 2223
1 2224
1194 2225
1697 2226
1564 2227
426 2228
743 2229
850 2230
1426 2231
1513 2232
945 2233
1014 2234
1129 2235
536 2236
500 2237
2106 2238
679 2239
1361 2240
15 2241
1173 2242
1627 2243
1497 2244
1956 2245
1295 2246
1157 2247
660 2248
1274 2249
532 2250
1597 2251
461 2252
1086 2253
1898 2254
1273 2255
799 2256
1775 2257
691 2258
2108 2259
1948 2260
1759 2261
2236 2262
782 2263
677 2264
701 2265
1266 2266
1329 2267
1527 2268
661 2269
1512 2270
19 2271
844 2272
784 2273
863 2274
735 2275
924 2276
1165 2277
1901 2278
556 2279
86 2280
1395 2281
1720 2282
431 2283
1302 2284
2068 2285
1698 2286
1823 2287
1465 2288
712 2289
1637 2290
2199 2291
803 2292
1699 2293
826 2294
853 2295
15 2296
1131 2297
158 2298
45 2299
347 2300
74 2301
1295 2302
547 2303
1350 2304
2273 2305
1660 2306
1903 2307
2124 2308
69 2309
906 2310
1528 2311
481 2312
2221 2313
2029 2314
40 2315
724 2316
702 2317
375 2318
802 2319
1013 2320
1914 2321
190 2322
1402 2323
1117 2324
2066 2325
469 2326
809 2327
581 2328
1647 2329
60 2330
580 2331
1802 2332
521 2333
1955 2334
264 2335
2119 2336
1072 2337
1543 2338
2048 2339
992 2340
308 2341
2309 2342
604 2343
877 2344
1670 2345
362 2346
2031 2347
274 2348
1303 2349
2158 2350
162 2351
1213 2352
2045 2353
2329 2354
402 2355
920 2356
495 2357
25 2358
978 2359
594 2360
2092 2361
356 2362
809 2363
456 2364
830 2365
38 2366
397 2367
1368 2368
715 2369
1490 2370
1353 2371
536 2372
1857 2373
1734 2374
581 2375
2011 2376
386 2377
1624 2378
24 2379
1941 2380
890 2381
2081 2382
1180 2383
2281 2384
1307 2385
828 2386
1490 2387
1976 2388
1914 2389
842 2390
695 2391
379 2392
525 2393
1590 2394
476 2395
1883 2396
1207 2397
1912 2398
163 2399
96 2400
1746 2401
1893 2402
2038 2403
1372 2404
69 2405
1593 2406
1967 2407
1058 2408
617 2409
1971 2410
566 2411
663 2412
1251 2413
804 2414
686 2415
1551 2416
150 2417
1981 2418
231 2419
1867 2420
107 2421
1691 2422
841 2423
1818 2424
1183 2425
1979 2426
2304 2427
1493 2428
484 2429
2280 2430
1461 2431
1095 2432
2349 2433
394 2434
751 2435
2337 2436
620 2437
2233 2438
424 2439
890 2440
77 2441
1895 2442
1637 2443
2183 2444
2408 2445
83 2446
1067 2447
793 2448
339 2449
1553 2450
57 2451
691 2452
1024 2453
1281 2454
733 2455
926 2456
998 2457
586 2458
1248 2459
745 2460
1566 2461
958 2462
153 2463
1878 2464
212 2465
1346 2466
2196 2467
1418 2468
1515 2469
2342 2470
2037 2471
28 2472
875 2473
2173 2474
196 2475
2297 2476
1594 2477
2200 2478
797 2479
1966 2480
966 2481
1946 2482
774 2483
211 2484
2397 2485
655 2486
2121 2487
2023 2488
2316 2489
1977 2490
1955 2491
824 2492
2399 2493
1932 2494
1544 2495
2004 2496
2225 2497
1488 2498
1212 2499
2288 2500
71 2501
377 2502
1661 2503
2439 2504
1687 2505
1295 2506
837 2507
342 2508
1044 2509
866 2510
1929 2511
2455 2512
1687 2513
612 2514
127 2515
1488 2516
1774 2517
2452 2518
1438 2519
478 2520
1162 2521
1090 2522
2357 2523
729 2524
1857 2525
2351 2526
2246 2527
777 2528
2120 2529
490 2530
1683 2531
1161 2532
1659 2533
616 2534
986 2535
2307 2536
2448 2537
319 2538
154 2539
2117 2540
631 2541
2386 2542
557 2543
555 2544
618 2545
46 2546
195 2547
229 2548
1553 2549
1759 2550
1546 2551
2258 2552
1215 2553
2273 2554
1767 2555
344 2556
753 2557
1760 2558
34 2559
1470 2560
2074 2561
1476 2562
2337 2563
2031 2564
829 2565
2325 2566
562 2567
913 2568
386 2569
1557 2570
1995 2571
1327 2572
2199 2573
1163 2574
123 2575
2498 2576
2282 2577
1787 2578
737 2579
690 2580
1870 2581
2569 2582
628 2583
1131 2584
310 2585
236 2586
2147 2587
1698 2588
222 2589
899 2590
2288 2591
2585 2592
1630 2593
488 2594
930 2595
374 2596
2215 2597
1541 2598
2361 2599
1024 2600
2239 2601
556 2602
739 2603
2322 2604
2038 2605
543 2606
774 2607
773 2608
829 2609
353 2610
1970 2611
219 2612
2331 2613
1819 2614
997 2615
2545 2616
776 2617
1210 2618
1279 2619
2417 2620
1916 2621
828 2622
1698 2623
1605 2624
878 2625
1442 2626
1825 2627
104 2628
200 2629
2511 2630
1384 2631
768 2632
343 2633
1135 2634
1467 2635
1276 2636
1801 2637
2432 2638
142 2639
906 2640
445 2641
1430 2642
194 2643
1145 2644
2618 2645
2042 2646
676 2647
1565 2648
1172 2649
1926 2650
717 2651
2195 2652
2460 2653
857 2654
1192 2655
1031 2656
250 2657
1211 2658
1219 2659
2619 2660
1340 2661
2521 2662
2203 2663
2482 2664
297 2665
2140 2666
1754 2667
664 2668
393 2669
145 2670
359 2671
60 2672
2645 2673
2168 2674
1814 2675
1599 2676
125 2677
508 2678
2255 2679
1767 2680
843 2681
1614 2682
2621 2683
1028 2684
2215 2685
485 2686
614 2687
2217 2688
2351 2689
1584 2690
2300 2691
2678 2692
1300 2693
292 2694
2330 2695
2605 2696
1196 2697
2147 2698
2330 2699
2255 2700
943 2701
586 2702
145 2703
2304 2704
2581 2705
833 2706
588 2707
1042 2708
1610 2709
205 2710
446 2711
2661 2712
1733 2713
2474 2714
723 2715
403 2716
789 2717
1373 2718
1203 2719
1202 2720
711 2721
2687 2722
1429 2723
262 2724
2390 2725
2179 2726
652 2727
2433 2728
730 2729
578 2730
1908 2731
1580 2732
2271 2733
1527 2734
933 2735
1840 2736
1853 2737
1052 2738
2427 2739
2584 2740
2684 2741
2681 2742
1102 2743
1297 2744
64 2745
883 2746
1567 2747
2656 2748
258 2749
1662 2750
794 2751
1322 2752
2059 2753
1144 2754
2473 2755
2446 2756
1239 2757
1837 2758
1484 2759
2726 2760
1024 2761
2222 2762
1517 2763
2207 2764
147 2765
335 2766
821 2767
2611 2768
1893 2769
2204 2770
611 2771
1500 2772
699 2773
721 2774
1369 2775
1986 2776
170 2777
1871 2778
1373 2779
2747 2780
725 2781
731 2782
443 2783
2074 2784
1361 2785
1996 2786
1655 2787
854 2788
2563 2789
890 2790
1882 2791
1365 2792
922 2793
875 2794
806 2795
201 2796
1984 2797
1586 2798
1269 2799
17 2800
2630 2801
2579 2802
1491 2803
763 2804
2158 2805
735 2806
1071 2807
1953 2808
2492 2809
1494 2810
432 2811
1997 2812
1466 2813
1000 2814
1152 2815
9 2816
2778 2817
1957 2818
381 2819
1195 2820
2302 2821
1399 2822
1935 2823
1181 2824
2430 2825
1349 2826
124 2827
1053 2828
2496 2829
1933 2830
2315 2831
227 2832
238 2833
2531 2834
1402 2835
655 2836
57 2837
175 2838
1331 2839
1180 2840
69 2841
1171 2842
2671 2843
1029 2844
252 2845
799 2846
2007 2847
1536 2848
140 2849
1425 2850
1049 2851
2180 2852
625 2853
1824 2854
1139 2855
2543 2856
888 2857
185 2858
2253 2859
563 2860
1846 2861
1718 2862
827 2863
1248 2864
622 2865
2015 2866
2220 2867
939 2868
1705 2869
1556 2870
752 2871
165 2872
774 2873
2332 2874
2022 2875
1603 2876
1643 2877
2074 2878
2079 2879
1029 2880
1868 2881
2253 2882
1760 2883
749 2884
2312 2885
2491 2886
1165 2887
2497 2888
2354 2889
1254 2890
854 2891
1659 2892
1681 2893
819 2894
127 2895
1296 2896
469 2897
1893 2898
1725 2899
63 2900
1988 2901
957 2902
353 2903
2572 2904
1490 2905
286 2906
978 2907
576 2908
1059 2909
73 2910
2227 2911
194 2912
721 2913
1751 2914
2454 2915
926 2916
146 2917
1889 2918
1339 2919
1806 2920
2403 2921
346 2922
2173 2923
2782 2924
2899 2925
1329 2926
1069 2927
2444 2928
1861 2929
2671 2930
1785 2931
2123 2932
2393 2933
884 2934
1105 2935
1952 2936
749 2937
1663 2938
414 2939
2783 2940
686 2941
1929 2942
506 2943
1759 2944
1453 2945
1708 2946
1703 2947
1068 2948
74 2949
968 2950
2430 2951
523 2952
1360 2953
2601 2954
53 2955
2331 2956
2043 2957
1564 2958
181 2959
91 2960
2830 2961
1216 2962
1833 2963
2936 2964
1154 2965
2107 2966
991 2967
2305 2968
2374 2969
1785 2970
2499 2971
776 2972
1360 2973
1231 2974
1946 2975
1826 2976
509 2977
2420 2978
1012 2979
2262 2980
2728 2981
992 2982
1242 2983
1426 2984
2284 2985
1696 2986
2887 2987
1246 2988
1880 2989
36 2990
1575 2991
757 2992
2774 2993
2422 2994
915 2995
970 2996
2669 2997
1201 2998
1702 2999
1127 3000
604 3001
2639 3002
1531 3003
420 3004
2890 3005
750 3006
830 3007
341 3008
1977 3009
1505 3010
2032 3011
1240 3012
1953 3013
2153 3014
995 3015
2482 3016
2432 3017
1695 3018
688 3019
1512 3020
1878 3021
986 3022
396 3023
2707 3024
717 3025
1931 3026
463 3027
2871 3028
1446 3029
660 3030
2656 3031
1979 3032
2098 3033
2127 3034
1265 3035
265 3036
696 3037
564 3038
664 3039
2783 3040
362 3041
1812 3042
2903 3043
1983 3044
2356 3045
1552 3046
202 3047
507 3048
2820 3049
2902 3050
1541 3051
1172 3052
2968 3053
402 3054
886 3055
172 3056
2665 3057
2798 3058
2197 3059
1705 3060
400 3061
1722 3062
1399 3063
3044 3064
764 3065
2317 3066
1192 3067
2506 3068
1540 3069
2341 3070
582 3071
2089 3072
547 3073
485 3074
2676 3075
2470 3076
1120 3077
2666 3078
2249 3079
3070 3080
1096 3081
873 3082
2184 3083
915 3084
1248 3085
2212 3086
2047 3087
152 3088
1587 3089
1419 3090
98 3091
975 3092
874 3093
1267 3094
2561 3095
714 3096
2218 3097
2728 3098
725 3099
2328 3100
1852 3101
930 3102
655 3103
1498 3104
2976 3105
2308 3106
2692 3107
653 3108
1868 3109
1073 3110
202 3111
1025 3112
1722 3113
1089 3114
2868 3115
1379 3116
2368 3117
2649 3118
2198 3119
1999 3120
2437 3121
1139 3122
689 3123
538 3124
1135 3125
2834 3126
2673 3127
2053 3128
378 3129
1615 3130
1541 3131
2609 3132
1475 3133
470 3134
1855 3135
666 3136
1909 3137
554 3138
2194 3139
149 3140
515 3141
323 3142
690 3143
2631 3144
15 3145
1395 3146
1707 3147
2058 3148
2729 3149
2264 3150
3091 3151
842 3152
2094 3153
4 3154
272 3155
625 3156
3086 3157
1410 3158
2317 3159
862 3160
208 3161
2224 3162
2480 3163
2064 3164
2356 3165
2246 3166
2878 3167
1937 3168
1474 3169
1165 3170
1624 3171
489 3172
334 3173
2257 3174
3007 3175
885 3176
253 3177
1321 3178
40 3179
1463 3180
2182 3181
1179 3182
1948 3183
112 3184
2316 3185
2008 3186
1716 3187
1388 3188
1640 3189
2837 3190
2243 3191
125 3192
2921 3193
17 3194
188 3195
1434 3196
391 3197
92 3198
2412 3199
360 3200
2873 3201
1453 3202
1888 3203
501 3204
1535 3205
2715 3206
291 3207
1461 3208
1482 3209
1923 3210
1286 3211
2419 3212
1111 3213
1516 3214
3140 3215
74 3216
1352 3217
1458 3218
56 3219
1307 3220
2346 3221
2035 3222
674 3223
2976 3224
2555 3225
880 3226
928 3227
1041 3228
679 3229
1696 3230
2111 3231
134 3232
2384 3233
2515 3234
480 3235
1966 3236
1816 3237
787 3238
1492 3239
3206 3240
1866 3241
2033 3242
914 3243
2949 3244
1766 3245
921 3246
2530 3247
575 3248
3179 3249
1938 3250
465 3251
1155 3252
951 3253
3162 3254
2933 3255
3097 3256
1432 3257
425 3258
2978 3259
3027 3260
2744 3261
2714 3262
2836 3263
3220 3264
3102 3265
2247 3266
1634 3267
839 3268
1465 3269
3228 3270
1189 3271
1257 3272
2838 3273
2840 3274
3020 3275
245 3276
502 3277
2664 3278
1792 3279
2999 3280
2791 3281
1846 3282
3053 3283
3143 3284
849 3285
2617 3286
1415 3287
831 3288
896 3289
2665 3290
3172 3291
2800 3292
1282 3293
2428 3294
730 3295
1176 3296
2240 3297
628 3298
730 3299
1888 3300
2481 3301
806 3302
1086 3303
797 3304
2697 3305
830 3306
452 3307
2216 3308
1460 3309
347 3310
740 3311
26 3312
2004 3313
1397 3314
2515 3315
2411 3316
574 3317
2428 3318
1882 3319
3235 3320
520 3321
3079 3322
3052 3323
1150 3324
890 3325
2460 3326
2925 3327
796 3328
2535 3329
669 3330
1291 3331
637 3332
179 3333
2851 3334
1206 3335
1258 3336
2848 3337
887 3338
3066 3339
901 3340
2246 3341
3058 3342
403 3343
625 3344
1684 3345
2942 3346
86 3347
1412 3348
1543 3349
3205 3350
531 3351
1747 3352
2503 3353
2381 3354
1550 3355
391 3356
2641 3357
3282 3358
296 3359
3144 3360
156 3361
883 3362
3184 3363
2431 3364
2170 3365
436 3366
2603 3367
1744 3368
256 3369
14 3370
1296 3371
3192 3372
2778 3373
2562 3374
2154 3375
851 3376
2276 3377
3201 3378
3058 3379
3293 3380
1766 3381
237 3382
3084 3383
3233 3384
2232 3385
409 3386
1410 3387
1219 3388
2485 3389
2907 3390
3070 3391
2690 3392
3107 3393
3068 3394
287 3395
885 3396
2153 3397
1641 3398
3117 3399
1560 3400
2178 3401
1200 3402
2221 3403
2329 3404
237 3405
746 3406
2489 3407
120 3408
2272 3409
1732 3410
941 3411
1978 3412
1478 3413
1793 3414
2301 3415
333 3416
1146 3417
1605 3418
1310 3419
2276 3420
2790 3421
1942 3422
8 3423
724 3424
1918 3425
935 3426
3130 3427
1184 3428
247 3429
2756 3430
240 3431
369 3432
647 3433
7 3434
657 3435
2649 3436
1605 3437
237 3438
3013 3439
1529 3440
2707 3441
2457 3442
1680 3443
44 3444
2011 3445
895 3446
3407 3447
3278 3448
3133 3449
3078 3450
3069 3451
652 3452
2469 3453
607 3454
3014 3455
2374 3456
1086 3457
683 3458
851 3459
3447 3460
170 3461
1936 3462
563 3463
1819 3464
2815 3465
2315 3466
1831 3467
1979 3468
2054 3469
1889 3470
3233 3471
1757 3472
1661 3473
608 3474
1193 3475
1786 3476
2259 3477
2841 3478
1373 3479
2580 3480
2325 3481
1909 3482
1023 3483
399 3484
618 3485
3390 3486
3143 3487
2974 3488
1260 3489
782 3490
996 3491
666 3492
571 3493
2776 3494
446 3495
3375 3496
2915 3497
991 3498
1539 3499
2928 3500
2203 3501
127 3502
1674 3503
1420 3504
938 3505
2928 3506
1278 3507
2832 3508
1253 3509
3362 3510
1026 3511
279 3512
1240 3513
504 3514
2107 3515
2283 3516
2587 3517
436 3518
1037 3519
2918 3520
3209 3521
1040 3522
2156 3523
2413 3524
640 3525
446 3526
1127 3527
1716 3528
2407 3529
1697 3530
2519 3531
2042 3532
372 3533
3163 3534
2531 3535
2798 3536
2135 3537
2040 3538
1186 3539
2842 3540
1175 3541
1250 3542
3536 3543
264 3544
2571 3545
2413 3546
1636 3547
2918 3548
74 3549
1307 3550
2555 3551
581 3552
3522 3553
886 3554
624 3555
1469 3556
1036 3557
1472 3558
3452 3559
3290 3560
1740 3561
2365 3562
3282 3563
2695 3564
116 3565
2541 3566
232 3567
108 3568
2785 3569
2332 3570
234 3571
2785 3572
1991 3573
2505 3574
1139 3575
2198 3576
343 3577
276 3578
1339 3579
1179 3580
1072 3581
2619 3582
1535 3583
1508 3584
2106 3585
970 3586
1592 3587
2917 3588
2214 3589
1631 3590
2239 3591
2066 3592
3350 3593
703 3594
3106 3595
3571 3596
1672 3597
782 3598
3317 3599
2750 3600
3075 3601
3104 3602
608 3603
2857 3604
3453 3605
1351 3606
2519 3607
929 3608
770 3609
1615 3610
1388 3611
1391 3612
1648 3613
807 3614
2557 3615
2442 3616
3612 3617
906 3618
327 3619
61 3620
3287 3621
605 3622
447 3623
1363 3624
2327 3625
3572 3626
2835 3627
3280 3628
2233 3629
1154 3630
2721 3631
3498 3632
1964 3633
1128 3634
2980 3635
224 3636
1782 3637
2037 3638
1384 3639
313 3640
563 3641
3007 3642
1040 3643
2129 3644
3025 3645
2199 3646
812 3647
1215 3648
397 3649
3021 3650
3262 3651
1778 3652
2165 3653
1182 3654
2059 3655
1173 3656
1604 3657
1903 3658
904 3659
1536 3660
2163 3661
3241 3662
1121 3663
2490 3664
3461 3665
3301 3666
314 3667
2492 3668
582 3669
1842 3670
194 3671
1239 3672
2265 3673
1451 3674
2645 3675
1029 3676
1872 3677
2673 3678
2878 3679
236 3680
1373 3681
3064 3682
1215 3683
275 3684
712 3685
1896 3686
413 3687
2697 3688
2902 3689
2502 3690
3422 3691
751 3692
2261 3693
2307 3694
2376 3695
261 3696
2967 3697
2768 3698
3423 3699
1420 3700
560 3701
768 3702
2512 3703
1322 3704
2688 3705
2421 3706
3590 3707
1935 3708
2049 3709
1064 3710
1932 3711
2295 3712
2765 3713
2964 3714
2157 3715
1656 3716
1152 3717
1116 3718
2179 3719
382 3720
2533 3721
3227 3722
3641 3723
2803 3724
3243 3725
977 3726
3629 3727
1891 3728
1036 3729
1301 3730
2745 3731
1720 3732
1325 3733
3385 3734
2057 3735
2963 3736
2051 3737
3135 3738
1727 3739
3564 3740
1550 3741
3012 3742
241 3743
3242 3744
3502 3745
538 3746
2189 3747
2458 3748
2059 3749
822 3750
2265 3751
2956 3752
2013 3753
2418 3754
2116 3755
3558 3756
1518 3757
1188 3758
3127 3759
877 3760
1253 3761
2286 3762
641 3763
1133 3764
2 3765
1029 3766
226 3767
73 3768
2816 3769
850 3770
583 3771
3395 3772
327 3773
316 3774
2788 3775
589 3776
2877 3777
2083 3778
818 3779
2156 3780
3025 3781
916 3782
2942 3783
2747 3784
1633 3785
1080 3786
1498 3787
615 3788
3384 3789
2022 3790
396 3791
1690 3792
1030 3793
559 3794
973 3795
594 3796
1484 3797
3521 3798
1645 3799
3564 3800
2974 3801
1790 3802
1308 3803
808 3804
64 3805
528 3806
731 3807
519 3808
1887 3809
2916 3810
229 3811
214 3812
218 3813
804 3814
3411 3815
2148 3816
1418 3817
825 3818
1627 3819
1315 3820
3532 3821
2591 3822
1703 3823
1571 3824
2659 3825
1163 3826
2955 3827
2044 3828
619 3829
1462 3830
835 3831
3268 3832
1927 3833
3569 3834
1197 3835
116 3836
2079 3837
2072 3838
493 3839
1920 3840
269 3841
1640 3842
798 3843
2932 3844
2935 3845
652 3846
1196 3847
3438 3848
2293 3849
2179 3850
3482 3851
3781 3852
2268 3853
2157 3854
2385 3855
238 3856
3522 3857
1460 3858
3598 3859
2329 3860
825 3861
1045 3862
3015 3863
1762 3864
958 3865
1704 3866
3417 3867
918 3868
2341 3869
493 3870
256 3871
3680 3872
1056 3873
88 3874
635 3875
3855 3876
3616 3877
1969 3878
1968 3879
906 3880
1207 3881
3539 3882
3686 3883
1045 3884
98 3885
3193 3886
1059 3887
709 3888
787 3889
550 3890
2299 3891
191 3892
1375 3893
3747 3894
1649 3895
3589 3896
3336 3897
985 3898
588 3899
10 3900
1111 3901
3257 3902
1715 3903
1872 3904
1923 3905
2826 3906
524 3907
642 3908
542 3909
858 3910
491 3911
2902 3912
3409 3913
3760 3914
360 3915
3355 3916
1343 3917
746 3918
3911 3919
848 3920
481 3921
3040 3922
944 3923
3629 3924
3633 3925
3349 3926
2933 3927
1150 3928
2009 3929
1243 3930
2612 3931
1333 3932
861 3933
571 3934
3574 3935
183 3936
2531 3937
108 3938
605 3939
3882 3940
2033 3941
962 3942
1077 3943
556 3944
1289 3945
3918 3946
737 3947
3244 3948
1596 3949
1836 3950
2130 3951
2053 3952
8 3953
405 3954
1912 3955
3768 3956
2047 3957
3478 3958
1572 3959
2683 3960
3485 3961
1374 3962
1773 3963
2218 3964
273 3965
533 3966
3504 3967
3581 3968
230 3969
610 3970
3228 3971
3330 3972
3260 3973
1989 3974
938 3975
2068 3976
1095 3977
3279 3978
1676 3979
2703 3980
3706 3981
2875 3982
767 3983
3022 3984
2982 3985
3027 3986
2996 3987
555 3988
969 3989
3553 3990
2563 3991
3902 3992
43 3993
452 3994
932 3995
589 3996
741 3997
1269 3998
3424 3999
1963 4000
2350 4001
359 4002
519 4003
3430 4004
109 4005
341 4006
206 4007
2269 4008
3148 4009
2888 4010
3836 4011
317 4012
999 4013
1819 4014
1097 4015
579 4016
1128 4017
1304 4018
3728 4019
1778 4020
1945 4021
309 4022
1849 4023
1599 4024
1537 4025
4002 4026
3507 4027
2759 4028
2287 4029
1222 4030
929 4031
1735 4032
2733 4033
2777 4034
522 4035
414 4036
1608 4037
193 4038
634 4039
614 4040
1649 4041
303 4042
769 4043
404 4044
1701 4045
1802 4046
1798 4047
1642 4048
314 4049
1865 4050
3768 4051
3918 4052
1223 4053
3332 4054
1109 4055
2236 4056
427 4057
1818 4058
3065 4059
1815 4060
2902 4061
3418 4062
3590 4063
3292 4064
2276 4065
3436 4066
2219 4067
1455 4068
2466 4069
1879 4070
3393 4071
1506 4072
2564 4073
2958 4074
1906 4075
474 4076
2409 4077
3919 4078
815 4079
1773 4080
2469 4081
1348 4082
4008 4083
3042 4084
2450 4085
926 4086
767 4087
647 4088
969 4089
1212 4090
2653 4091
2497 4092
2928 4093
1059 4094
1861 4095
751 4096
2141 4097
1927 4098
171 4099
420 4100
2055 4101
3389 4102
2145 4103
2358 4104
1506 4105
355 4106
3104 4107
2747 4108
359 4109
3713 4110
861 4111
2067 4112
773 4113
3223 4114
731 4115
682 4116
1465 4117
1218 4118
247 4119
696 4120
2460 4121
2345 4122
2329 4123
989 4124
432 4125
4084 4126
2563 4127
1418 4128
580 4129
4063 4130
2958 4131
1669 4132
850 4133
3854 4134
228 4135
1716 4136
2988 4137
3539 4138
390 4139
1765 4140
2594 4141
1214 4142
1361 4143
37 4144
2018 4145
2954 4146
2600 4147
3514 4148
3319 4149
1474 4150
2835 4151
3621 4152
2415 4153
2128 4154
2378 4155
3144 4156
2861 4157
2583 4158
1698 4159
1460 4160
1021 4161
3508 4162
3138 4163
1575 4164
3841 4165
2902 4166
1510 4167
3196 4168
282 4169
4041 4170
3118 4171
2174 4172
283 4173
2300 4174
2547 4175
2778 4176
2364 4177
1860 4178
2285 4179
2139 4180
1250 4181
430 4182
1446 4183
2832 4184
1757 4185
3071 4186
1021 4187
3381 4188
2220 4189
518 4190
3923 4191
2358 4192
3017 4193
754 4194
2718 4195
2389 4196
1773 4197
1842 4198
173 4199
3716 4200
4019 4201
1481 4202
1461 4203
846 4204
2503 4205
4158 4206
1070 4207
1946 4208
2324 4209
349 4210
3612 4211
2228 4212
2985 4213
1505 4214
1527 4215
1888 4216
1093 4217
3264 4218
1567 4219
609 4220
3579 4221
3016 4222
3257 4223
2775 4224
637 4225
2874 4226
617 4227
2859 4228
1685 4229
2420 4230
1019 4231
3670 4232
2375 4233
2631 4234
3258 4235
707 4236
2329 4237
2806 4238
875 4239
1933 4240
3278 4241
3367 4242
1259 4243
42 4244
3862 4245
1659 4246
2574 4247
1086 4248
2952 4249
3955 4250
2112 4251
1646 4252
331 4253
4067 4254
2620 4255
255 4256
3481 4257
3394 4258
1691 4259
3194 4260
806 4261
3126 4262
4262 4263
2873 4264
2505 4265
1391 4266
4142 4267
3211 4268
2235 4269
1704 4270
378 4271
684 4272
4166 4273
1006 4274
220 4275
2091 4276
4114 4277
1300 4278
3076 4279
457 4280
4216 4281
1508 4282
933 4283
1366 4284
1254 4285
628 4286
3070 4287
2326 4288
2275 4289
1856 4290
3096 4291
0 4292
2534 4293
1105 4294
772 4295
3398 4296
2455 4297
1926 4298
941 4299
2185 4300
3465 4301
2407 4302
1056 4303
398 4304
612 4305
2966 4306
1745 4307
4305 4308
2436 4309
3189 4310
524 4311
3833 4312
165 4313
2696 4314
3247 4315
1245 4316
1386 4317
2129 4318
3891 4319
2853 4320
3085 4321
202 4322
162 4323
2944 4324
114 4325
3697 4326
705 4327
4204 4328
1597 4329
918 4330
982 4331
770 4332
4226 4333
2353 4334
2349 4335
1739 4336
4203 4337
3014 4338
145 4339
1464 4340
2183 4341
3551 4342
3277 4343
598 4344
1026 4345
414 4346
280 4347
1486 4348
745 4349
3948 4350
1796 4351
563 4352
2876 4353
4115 4354
3539 4355
4055 4356
1858 4357
3270 4358
2803 4359
3115 4360
430 4361
2399 4362
3464 4363
2985 4364
349 4365
2589 4366
3413 4367
764 4368
17 4369
37 4370
2769 4371
807 4372
1831 4373
906 4374
267 4375
2297 4376
3705 4377
414 4378
3163 4379
2889 4380
2715 4381
486 4382
3115 4383
520 4384
749 4385
918 4386
3711 4387
387 4388
727 4389
3785 4390
2696 4391
2179 4392
3330 4393
1820 4394
883 4395
938 4396
3052 4397
2287 4398
667 4399
1304 4400
3006 4401
4400 4402
1480 4403
1890 4404
3198 4405
1590 4406
3757 4407
2009 4408
3517 4409
1362 4410
855 4411
2934 4412
4276 4413
3745 4414
3061 4415
3053 4416
503 4417
2405 4418
1418 4419
4251 4420
838 4421
4101 4422
781 4423
3269 4424
2974 4425
390 4426
629 4427
3977 4428
1339 4429
2001 4430
2680 4431
4071 4432
4312 4433
3459 4434
1970 4435
3653 4436
1450 4437
3923 4438
3449 4439
1631 4440
2543 4441
2148 4442
4421 4443
3725 4444
971 4445
3154 4446
3443 4447
2473 4448
1588 4449
3880 4450
4169 4451
4344 4452
630 4453
2444 4454
3850 4455
2712 4456
2309 4457
3747 4458
4098 4459
1951 4460
2235 4461
2620 4462
1067 4463
4162 4464
1564 4465
4420 4466
2237 4467
1524 4468
2955 4469
3887 4470
4197 4471
2905 4472
1806 4473
1023 4474
2442 4475
2707 4476
1827 4477
2853 4478
1571 4479
3972 4480
534 4481
2679 4482
1528 4483
2160 4484
3531 4485
1202 4486
532 4487
2740 4488
2224 4489
3881 4490
1270 4491
4347 4492
2390 4493
3216 4494
5 4495
2464 4496
2246 4497
1116 4498
2939 4499
2420 4500
81 4501
3997 4502
1592 4503
3113 4504
28 4505
586 4506
2210 4507
4020 4508
3631 4509
3408 4510
4079 4511
2983 4512
1159 4513
1237 4514
4469 4515
653 4516
1750 4517
791 4518
2147 4519
3898 4520
1272 4521
1157 4522
3545 4523
3266 4524
3803 4525
1467 4526
1889 4527
377 4528
1056 4529
1359 4530
1 4531
805 4532
1060 4533
900 4534
1826 4535
1639 4536
101 4537
3377 4538
4331 4539
310 4540
34 4541
664 4542
196 4543
1913 4544
610 4545
2649 4546
2738 4547
783 4548
4365 4549
893 4550
1508 4551
1209 4552
1583 4553
3065 4554
2023 4555
174 4556
177 4557
3520 4558
4341 4559
4486 4560
1905 4561
481 4562
1239 4563
713 4564
2008 4565
4036 4566
4551 4567
1713 4568
2785 4569
244 4570
245 4571
91 4572
4570 4573
3 4574
1541 4575
4034 4576
411 4577
3377 4578
3871 4579
385 4580
2094 4581
3543 4582
4496 4583
3569 4584
3634 4585
1769 4586
2722 4587
1133 4588
3570 4589
4517 4590
2429 4591
1870 4592
4142 4593
4427 4594
351 4595
4306 4596
555 4597
3119 4598
859 4599
1465 4600
546 4601
111 4602
4589 4603
318 4604
432 4605
731 4606
3614 4607
2890 4608
150 4609
777 4610
430 4611
543 4612
4190 4613
240 4614
3959 4615
435 4616
1725 4617
1625 4618
653 4619
1943 4620
2338 4621
3282 4622
447 4623
3881 4624
1679 4625
3312 4626
3559 4627
263 4628
429 4629
3100 4630
401 4631
2167 4632
757 4633
8 4634
2283 4635
2688 4636
2308 4637
3294 4638
2006 4639
1722 4640
3197 4641
2497 4642
3301 4643
4165 4644
1351 4645
3100 4646
4072 4647
3278 4648
594 4649
4012 4650
434 4651
4558 4652
2024 4653
4272 4654
4403 4655
2543 4656
2432 4657
3396 4658
1187 4659
2685 4660
4157 4661
1039 4662
756 4663
1129 4664
4509 4665
3598 4666
806 4667
2584 4668
2517 4669
4649 4670
2929 4671
2937 4672
3702 4673
2047 4674
1800 4675
2612 4676
2618 4677
3897 4678
835 4679
874 4680
3805 4681
129 4682
1817 4683
4164 4684
1566 4685
2556 4686
2284 4687
3369 4688
341 4689
3464 4690
1412 4691
4418 4692
1848 4693
2130 4694
211 4695
2113 4696
3668 4697
1150 4698
1292 4699
4514 4700
558 4701
389 4702
21 4703
2224 4704
70 4705
2634 4706
3440 4707
486 4708
1980 4709
1691 4710
4320 4711
2408 4712
859 4713
1666 4714
2953 4715
105 4716
1120 4717
4132 4718
2076 4719
558 4720
3179 4721
2435 4722
1678 4723
3281 4724
4614 4725
4380 4726
2798 4727
1134 4728
4449 4729
1476 4730
3579 4731
2666 4732
2833 4733
3246 4734
1524 4735
1158 4736
4666 4737
3509 4738
138 4739
2126 4740
4672 4741
2993 4742
3089 4743
4662 4744
286 4745
865 4746
876 4747
411 4748
4018 4749
4076 4750
3474 4751
3559 4752
4308 4753
4358 4754
2184 4755
399 4756
2128 4757
4149 4758
4061 4759
569 4760
3205 4761
174 4762
1926 4763
365 4764
4067 4765
4736 4766
2927 4767
3171 4768
1559 4769
4290 4770
1476 4771
937 4772
4119 4773
3742 4774
14 4775
1423 4776
627 4777
1336 4778
168 4779
3116 4780
498 4781
359 4782
2139 4783
4699 4784
2076 4785
3975 4786
2812 4787
1386 4788
1212 4789
902 4790
1719 4791
233 4792
1623 4793
1837 4794
2922 4795
4454 4796
729 4797
3840 4798
941 4799
3823 4800
2854 4801
4529 4802
1081 4803
997 4804
385 4805
1454 4806
3781 4807
2512 4808
4446 4809
366 4810
722 4811
975 4812
2691 4813
2282 4814
4556 4815
3554 4816
1 4817
1977 4818
2149 4819
1705 4820
4553 4821
543 4822
1340 4823
206 4824
3656 4825
2835 4826
2109 4827
1681 4828
921 4829
3938 4830
992 4831
307 4832
1003 4833
857 4834
1827 4835
3025 4836
4364 4837
2649 4838
2245 4839
547 4840
2163 4841
2821 4842
3192 4843
3889 4844
1921 4845
880 4846
2917 4847
3716 4848
3082 4849
3764 4850
4239 4851
4084 4852
168 4853
4086 4854
2499 4855
3648 4856
2423 4857
308 4858
3582 4859
3691 4860
1979 4861
3210 4862
3490 4863
1334 4864
4470 4865
3196 4866
4129 4867
3714 4868
3612 4869
963 4870
4603 4871
1887 4872
667 4873
1547 4874
1385 4875
3025 4876
4499 4877
4850 4878
3454 4879
3466 4880
1068 4881
1602 4882
2910 4883
4800 4884
4729 4885
4326 4886
621 4887
3632 4888
1248 4889
1793 4890
1222 4891
4543 4892
1655 4893
913 4894
2402 4895
1632 4896
1325 4897
3100 4898
2322 4899
3651 4900
4842 4901
2509 4902
1108 4903
3413 4904
3586 4905
2605 4906
3688 4907
4707 4908
705 4909
1378 4910
2514 4911
715 4912
1037 4913
4618 4914
3772 4915
3868 4916
897 4917
1825 4918
452 4919
3861 4920
3088 4921
2320 4922
1778 4923
785 4924
1326 4925
2339 4926
1675 4927
3674 4928
1522 4929
3662 4930
4717 4931
2068 4932
519 4933
617 4934
3662 4935
3235 4936
2737 4937
44 4938
2366 4939
4527 4940
1478 4941
1728 4942
4075 4943
3231 4944
1354 4945
3646 4946
3826 4947
3584 4948
395 4949
603 4950
4190 4951
1072 4952
1212 4953
1150 4954
2973 4955
2614 4956
3564 4957
3198 4958
4576 4959
331 4960
4404 4961
6 4962
826 4963
3305 4964
353 4965
3677 4966
1590 4967
2699 4968
2288 4969
4102 4970
435 4971
2570 4972
2558 4973
2588 4974
993 4975
975 4976
861 4977
2926 4978
1733 4979
149 4980
1627 4981
3635 4982
365 4983
2983 4984
952 4985
3563 4986
144 4987
3657 4988
3521 4989
4211 4990
4264 4991
91 4992
2524 4993
2659 4994
85 4995
419 4996
2046 4997
648 4998
4175 4999
1157 5000
2036 5001
2623 5002
4080 5003
1115 5004
772 5005
239 5006
2488 5007
1618 5008
2951 5009
2157 5010
204 5011
378 5012
2728 5013
3501 5014
3476 5015
3372 5016
4537 5017
3741 5018
1786 5019
1198 5020
1343 5021
4241 5022
2450 5023
2707 5024
138 5025
1461 5026
1720 5027
1949 5028
2697 5029
3290 5030
3396 5031
4575 5032
2135 5033
1590 5034
4592 5035
647 5036
3308 5037
1322 5038
2219 5039
4576 5040
962 5041
4403 5042
3482 5043
4955 5044
310 5045
607 5046
4325 5047
3847 5048
4015 5049
1751 5050
1549 5051
3506 5052
857 5053
776 5054
1278 5055
3898 5056
4970 5057
256 5058
3317 5059
2436 5060
4892 5061
4128 5062
4262 5063
2027 5064
290 5065
1845 5066
2291 5067
4788 5068
4967 5069
4323 5070
3433 5071
4466 5072
163 5073
2494 5074
3282 5075
1992 5076
5031 5077
2178 5078
1982 5079
142 5080
4964 5081
1089 5082
4923 5083
1996 5084
3298 5085
3008 5086
4219 5087
1304 5088
1214 5089
3573 5090
6 5091
4402 5092
1454 5093
4929 5094
2290 5095
3897 5096
508 5097
1688 5098
2805 5099
137 5100
889 5101
1262 5102
2379 5103
2702 5104
2306 5105
4925 5106
3363 5107
554 5108
2527 5109
1936 5110
1790 5111
2611 5112
2242 5113
3017 5114
4630 5115
1804 5116
280 5117
3695 5118
652 5119
2806 5120
732 5121
3172 5122
4398 5123
729 5124
941 5125
860 5126
4658 5127
4959 5128
4009 5129
4795 5130
1407 5131
1767 5132
4628 5133
1024 5134
1336 5135
2303 5136
3079 5137
1710 5138
2017 5139
788 5140
1054 5141
1694 5142
1443 5143
2974 5144
5064 5145
2820 5146
251 5147
4950 5148
4253 5149
2801 5150
3960 5151
1818 5152
1155 5153
3443 5154
1403 5155
3489 5156
4868 5157
4053 5158
4732 5159
2847 5160
2107 5161
4731 5162
450 5163
776 5164
4708 5165
887 5166
1842 5167
682 5168
1958 5169
1754 5170
2734 5171
3271 5172
659 5173
946 5174
4928 5175
3181 5176
931 5177
2797 5178
3180 5179
2555 5180
31 5181
1679 5182
2889 5183
2639 5184
4862 5185
1743 5186
295 5187
4412 5188
2525 5189
2076 5190
403 5191
3057 5192
2808 5193
1659 5194
2258 5195
70 5196
4607 5197
2075 5198
3604 5199
1017 5200
4128 5201
985 5202
4432 5203
4478 5204
1781 5205
4206 5206
1413 5207
2754 5208
3725 5209
2432 5210
1617 5211
5030 5212
1495 5213
1680 5214
2472 5215
3770 5216
4430 5217
2396 5218
4916 5219
1236 5220
5020 5221
2055 5222
2114 5223
2459 5224
4672 5225
955 5226
4375 5227
64 5228
3954 5229
5008 5230
3371 5231
1955 5232
1717 5233
319 5234
620 5235
5205 5236
2463 5237
2619 5238
2695 5239
2764 5240
5232 5241
4515 5242
2130 5243
2896 5244
2860 5245
234 5246
4804 5247
3333 5248
3457 5249
2690 5250
2231 5251
3753 5252
1141 5253
104 5254
2189 5255
4831 5256
2171 5257
2537 5258
2317 5259
803 5260
859 5261
293 5262
781 5263
2513 5264
3220 5265
1573 5266
1280 5267
4648 5268
899 5269
3563 5270
769 5271
276 5272
142 5273
4790 5274
86 5275
4552 5276
3509 5277
3723 5278
2452 5279
1175 5280
764 5281
958 5282
2407 5283
973 5284
4320 5285
4581 5286
774 5287
1316 5288
4918 5289
1917 5290
776 5291
3793 5292
389 5293
3821 5294
3424 5295
873 5296
1614 5297
1441 5298
323 5299
2504 5300
898 5301
2067 5302
2406 5303
5201 5304
822 5305
3609 5306
4771 5307
26 5308
2523 5309
663 5310
878 5311
4888 5312
2225 5313
2546 5314
3524 5315
702 5316
123 5317
3910 5318
5227 5319
4835 5320
490 5321
3258 5322
1071 5323
3634 5324
961 5325
4624 5326
3129 5327
3653 5328
2990 5329
2267 5330
2185 5331
4904 5332
1097 5333
69 5334
4091 5335
4083 5336
2042 5337
4451 5338
4774 5339
2862 5340
3218 5341
1329 5342
2772 5343
529 5344
4793 5345
275 5346
623 5347
339 5348
3147 5349
1402 5350
3973 5351
1090 5352
138 5353
1926 5354
5227 5355
5316 5356
2722 5357
3142 5358
5080 5359
3533 5360
1466 5361
1124 5362
1179 5363
3176 5364
2053 5365
3253 5366
5212 5367
146 5368
543 5369
1927 5370
1136 5371
597 5372
171 5373
4990 5374
2258 5375
4489 5376
198 5377
693 5378
2290 5379
4705 5380
2336 5381
1424 5382
1669 5383
2516 5384
4220 5385
75 5386
1186 5387
1925 5388
3531 5389
2413 5390
2540 5391
2583 5392
5104 5393
3083 5394
3630 5395
3121 5396
4869 5397
2044 5398
1420 5399
2327 5400
3284 5401
4963 5402
4827 5403
2918 5404
4108 5405
238 5406
4912 5407
1129 5408
1984 5409
182 5410
2183 5411
3343 5412
3302 5413
4600 5414
1890 5415
5142 5416
2967 5417
3434 5418
3221 5419
5396 5420
4292 5421
2004 5422
2713 5423
1661 5424
4912 5425
1204 5426
168 5427
2338 5428
810 5429
1540 5430
1130 5431
705 5432
4410 5433
1495 5434
2057 5435
721 5436
2426 5437
2095 5438
623 5439
1495 5440
134 5441
5061 5442
5064 5443
341 5444
2659 5445
598 5446
1397 5447
3578 5448
1164 5449
2790 5450
875 5451
1934 5452
4936 5453
660 5454
1065 5455
3943 5456
298 5457
4307 5458
4960 5459
4967 5460
4559 5461
1417 5462
2095 5463
4257 5464
1946 5465
465 5466
1304 5467
3427 5468
1589 5469
3099 5470
3037 5471
765 5472
4041 5473
5180 5474
938 5475
1635 5476
1481 5477
4963 5478
4139 5479
5015 5480
779 5481
3985 5482
584 5483
2165 5484
3224 5485
1739 5486
875 5487
3307 5488
318 5489
4796 5490
5417 5491
2113 5492
2940 5493
1210 5494
3242 5495
2477 5496
3130 5497
4810 5498
1440 5499
1103 5500
1391 5501
1437 5502
4543 5503
2691 5504
5419 5505
654 5506
2506 5507
4794 5508
4662 5509
375 5510
4150 5511
2805 5512
2650 5513
1947 5514
4269 5515
2803 5516
680 5517
2817 5518
251 5519
2019 5520
1470 5521
7 5522
1349 5523
3563 5524
2468 5525
5367 5526
4225 5527
3359 5528
2303 5529
909 5530
2120 5531
2453 5532
152 5533
380 5534
3904 5535
2671 5536
61 5537
2567 5538
1535 5539
3981 5540
4131 5541
2530 5542
2308 5543
3365 5544
793 5545
1893 5546
4419 5547
2808 5548
2657 5549
1918 5550
4566 5551
4503 5552
3286 5553
3415 5554
3677 5555
4653 5556
3129 5557
1910 5558
1300 5559
1711 5560
3108 5561
2544 5562
4168 5563
2753 5564
4714 5565
1939 5566
1158 5567
3659 5568
3069 5569
4967 5570
2176 5571
1428 5572
1655 5573
4219 5574
4856 5575
5454 5576
3219 5577
3191 5578
4645 5579
4059 5580
2399 5581
975 5582
2560 5583
1197 5584
4905 5585
1341 5586
4113 5587
3352 5588
2053 5589
5438 5590
1738 5591
4187 5592
2668 5593
235 5594
3822 5595
4276 5596
4417 5597
4584 5598
2523 5599
5022 5600
917 5601
1883 5602
2515 5603
1984 5604
2084 5605
4502 5606
3580 5607
3144 5608
5591 5609
1 5610
4421 5611
5424 5612
1514 5613
3228 5614
2199 5615
1935 5616
2053 5617
711 5618
4037 5619
5575 5620
1209 5621
2999 5622
2664 5623
4645 5624
377 5625
1826 5626
4339 5627
1325 5628
3454 5629
2759 5630
128 5631
4593 5632
1847 5633
2951 5634
4945 5635
2568 5636
3645 5637
163 5638
3210 5639
652 5640
2716 5641
2315 5642
4919 5643
1183 5644
546 5645
4123 5646
4763 5647
1572 5648
1901 5649
2763 5650
1510 5651
3562 5652
541 5653
3144 5654
3000 5655
4653 5656
1683 5657
4075 5658
4131 5659
581 5660
3572 5661
348 5662
169 5663
171 5664
2713 5665
1235 5666
3710 5667
109 5668
2076 5669
5175 5670
950 5671
2281 5672
2386 5673
2548 5674
1251 5675
481 5676
1897 5677
5155 5678
3965 5679
4053 5680
988 5681
2363 5682
3553 5683
1785 5684
2853 5685
4511 5686
3082 5687
2833 5688
2603 5689
809 5690
3196 5691
2907 5692
354 5693
3385 5694
3699 5695
948 5696
4502 5697
616 5698
1805 5699
2161 5700
2664 5701
1138 5702
4994 5703
5575 5704
5192 5705
4899 5706
2406 5707
3453 5708
8 5709
3884 5710
2368 5711
2041 5712
3861 5713
3660 5714
1466 5715
3425 5716
620 5717
2054 5718
1556 5719
3203 5720
3442 5721
4269 5722
458 5723
3435 5724
2333 5725
149 5726
2479 5727
3924 5728
103 5729
4495 5730
2953 5731
206 5732
5158 5733
1499 5734
2453 5735
2223 5736
2568 5737
1856 5738
2655 5739
587 5740
4391 5741
3861 5742
3419 5743
552 5744
1009 5745
3559 5746
4606 5747
901 5748
3612 5749
4650 5750
3898 5751
1026 5752
2084 5753
3557 5754
3366 5755
4213 5756
2271 5757
888 5758
4764 5759
3796 5760
2652 5761
149 5762
1409 5763
339 5764
5031 5765
850 5766
4305 5767
2639 5768
727 5769
715 5770
2973 5771
4671 5772
2528 5773
1468 5774
3977 5775
3050 5776
3914 5777
3858 5778
2786 5779
1218 5780
156 5781
2973 5782
3090 5783
5551 5784
5287 5785
501 5786
4392 5787
2562 5788
5625 5789
2564 5790
3471 5791
5499 5792
4829 5793
1408 5794
1294 5795
1049 5796
3553 5797
3053 5798
743 5799
1906 5800
4439 5801
62 5802
3235 5803
274 5804
3631 5805
3743 5806
4435 5807
5432 5808
3336 5809
4469 5810
846 5811
3674 5812
2454 5813
5374 5814
5395 5815
3049 5816
4830 5817
4354 5818
18 5819
13 5820
816 5821
5183 5822
5631 5823
3666 5824
394 5825
1732 5826
2382 5827
4419 5828
2456 5829
3139 5830
1669 5831
2997 5832
1178 5833
5604 5834
19 5835
2272 5836
4418 5837
2455 5838
1078 5839
2665 5840
3738 5841
2298 5842
1854 5843
1439 5844
5765 5845
4839 5846
2932 5847
3768 5848
1173 5849
4266 5850
2317 5851
3755 5852
5497 5853
5824 5854
2301 5855
1439 5856
4278 5857
2085 5858
5195 5859
2569 5860
2605 5861
2076 5862
550 5863
4298 5864
1018 5865
5357 5866
3394 5867
87 5868
1672 5869
5468 5870
2318 5871
3381 5872
2757 5873
2504 5874
4755 5875
1813 5876
805 5877
4696 5878
4969 5879
5636 5880
1986 5881
3999 5882
3712 5883
2970 5884
1954 5885
1342 5886
5782 5887
2348 5888
1571 5889
2495 5890
3662 5891
1444 5892
528 5893
1356 5894
116 5895
1928 5896
3200 5897
5803 5898
441 5899
2101 5900
4450 5901
5117 5902
4797 5903
4901 5904
2910 5905
1409 5906
1460 5907
1050 5908
2637 5909
1652 5910
3039 5911
1822 5912
5667 5913
3070 5914
964 5915
2116 5916
5467 5917
2843 5918
678 5919
3169 5920
3038 5921
1157 5922
4306 5923
3038 5924
4374 5925
526 5926
1969 5927
4783 5928
2793 5929
501 5930
4692 5931
5865 5932
3032 5933
2864 5934
1264 5935
3488 5936
110 5937
97 5938
5002 5939
1304 5940
2743 5941
533 5942
2902 5943
1181 5944
2904 5945
3463 5946
2678 5947
1009 5948
92 5949
1671 5950
4512 5951
3684 5952
5801 5953
5065 5954
2049 5955
1954 5956
1397 5957
2509 5958
2647 5959
5648 5960
5677 5961
5420 5962
1938 5963
2104 5964
4390 5965
3185 5966
2728 5967
174 5968
4041 5969
835 5970
4024 5971
3187 5972
3705 5973
5003 5974
227 5975
5226 5976
4743 5977
35 5978
2356 5979
1595 5980
957 5981
4446 5982
4808 5983
863 5984
3499 5985
1601 5986
210 5987
5409 5988
3857 5989
4668 5990
2633 5991
2242 5992
2208 5993
448 5994
1603 5995
464 5996
5626 5997
75 5998
3794 5999
2248 6000
1636 6001
1300 6002
1424 6003
245 6004
941 6005
943 6006
347 6007
2715 6008
2038 6009
2134 6010
4570 6011
3764 6012
1450 6013
659 6014
2657 6015
250 6016
5136 6017
1555 6018
1363 6019
1553 6020
2288 6021
2675 6022
578 6023
4246 6024
1112 6025
317 6026
3900 6027
311 6028
5071 6029
2644 6030
5356 6031
1781 6032
159 6033
4024 6034
5743 6035
1708 6036
837 6037
2021 6038
1264 6039
402 6040
903 6041
2742 6042
1674 6043
3275 6044
5674 6045
1510 6046
2493 6047
4411 6048
2466 6049
40 6050
5079 6051
3297 6052
866 6053
926 6054
4447 6055
3338 6056
2800 6057
4024 6058
5584 6059
5309 6060
3911 6061
2804 6062
1331 6063
157 6064
5035 6065
5495 6066
1149 6067
4432 6068
2486 6069
4229 6070
283 6071
5247 6072
980 6073
3894 6074
650 6075
2593 6076
4612 6077
3871 6078
1374 6079
1196 6080
1569 6081
5860 6082
789 6083
2369 6084
1544 6085
4857 6086
3290 6087
3016 6088
4974 6089
3249 6090
2288 6091
5501 6092
3125 6093
1782 6094
916 6095
4585 6096
3983 6097
836 6098
3688 6099
4791 6100
6046 6101
1604 6102
4578 6103
5456 6104
1256 6105
2292 6106
1583 6107
2281 6108
2630 6109
5445 6110
4135 6111
4500 6112
4126 6113
3699 6114
4599 6115
1610 6116
1585 6117
724 6118
4659 6119
1536 6120
4477 6121
4366 6122
4259 6123
139 6124
4535 6125
3389 6126
5559 6127
2944 6128
4316 6129
2165 6130
3306 6131
399 6132
5795 6133
3807 6134
4440 6135
3935 6136
3606 6137
4648 6138
1094 6139
3487 6140
2811 6141
3055 6142
5131 6143
2108 6144
1433 6145
116 6146
1025 6147
5495 6148
965 6149
3240 6150
4702 6151
744 6152
2462 6153
791 6154
2399 6155
5251 6156
1753 6157
5312 6158
3440 6159
5882 6160
1234 6161
4190 6162
5869 6163
1255 6164
5827 6165
3200 6166
2352 6167
2572 6168
1414 6169
1055 6170
3088 6171
3116 6172
942 6173
241 6174
2985 6175
1419 6176
5989 6177
514 6178
633 6179
3868 6180
4089 6181
3073 6182
4536 6183
3114 6184
3501 6185
3431 6186
1258 6187
1890 6188
5727 6189
1530 6190
157 6191
720 6192
3912 6193
513 6194
5644 6195
1352 6196
1029 6197
1249 6198
6133 6199
437 6200
1958 6201
762 6202
4145 6203
658 6204
643 6205
3841 6206
5554 6207
1065 6208
2623 6209
3223 6210
8 6211
3814 6212
5979 6213
4131 6214
2163 6215
2213 6216
2984 6217
3699 6218
2124 6219
259 6220
1826 6221
3384 6222
37 6223
4856 6224
5713 6225
2211 6226
346 6227
4416 6228
3060 6229
364 6230
2197 6231
3492 6232
2908 6233
3559 6234
4109 6235
1223 6236
1580 6237
5252 6238
98 6239
5855 6240
5810 6241
1307 6242
3793 6243
5000 6244
860 6245
1460 6246
941 6247
1922 6248
5390 6249
4121 6250
972 6251
3482 6252
895 6253
545 6254
685 6255
3980 6256
5610 6257
1348 6258
826 6259
2706 6260
3146 6261
4211 6262
4869 6263
648 6264
1484 6265
5086 6266
2328 6267
1655 6268
2728 6269
3672 6270
2442 6271
3827 6272
584 6273
5629 6274
326 6275
4438 6276
1153 6277
1071 6278
5634 6279
2832 6280
4080 6281
4575 6282
1813 6283
1640 6284
195 6285
1512 6286
3906 6287
2100 6288
1177 6289
5732 6290
2317 6291
1531 6292
3120 6293
5450 6294
5869 6295
4602 6296
6046 6297
4663 6298
994 6299
853 6300
2579 6301
4053 6302
564 6303
751 6304
1609 6305
1025 6306
4606 6307
221 6308
3933 6309
3767 6310
4696 6311
2647 6312
1759 6313
5327 6314
3958 6315
5883 6316
2197 6317
3196 6318
1925 6319
1943 6320
5270 6321
2129 6322
4560 6323
5465 6324
3589 6325
663 6326
1105 6327
1049 6328
2525 6329
2352 6330
4901 6331
5337 6332
406 6333
2099 6334
6238 6335
795 6336
1080 6337
3625 6338
43 6339
4948 6340
848 6341
5301 6342
5992 6343
5568 6344
4131 6345
5032 6346
965 6347
278 6348
1184 6349
499 6350
4754 6351
6205 6352
709 6353
5891 6354
1154 6355
739 6356
4090 6357
5209 6358
1711 6359
1581 6360
3548 6361
742 6362
2858 6363
4579 6364
2927 6365
5185 6366
4632 6367
3870 6368
4292 6369
6061 6370
2800 6371
3971 6372
4317 6373
2906 6374
4514 6375
2257 6376
608 6377
4322 6378
4307 6379
2462 6380
259 6381
2715 6382
1936 6383
1486 6384
3974 6385
5429 6386
2547 6387
3893 6388
3256 6389
5343 6390
802 6391
4574 6392
4967 6393
3998 6394
5911 6395
6204 6396
5539 6397
2514 6398
4838 6399
2336 6400
917 6401
2980 6402
4419 6403
1610 6404
5167 6405
2769 6406
2078 6407
2732 6408
678 6409
405 6410
5629 6411
4209 6412
4348 6413
2798 6414
4924 6415
2883 6416
3838 6417
5664 6418
145 6419
2328 6420
4731 6421
576 6422
4452 6423
4821 6424
798 6425
2894 6426
3321 6427
4179 6428
499 6429
2298 6430
5361 6431
2537 6432
4175 6433
4799 6434
5328 6435
4570 6436
3159 6437
387 6438
4141 6439
4169 6440
6435 6441
4856 6442
4984 6443
4030 6444
3369 6445
1647 6446
4614 6447
2147 6448
4224 6449
3349 6450
1994 6451
1167 6452
940 6453
152 6454
2022 6455
5465 6456
5198 6457
1600 6458
1630 6459
1028 6460
3711 6461
4597 6462
5476 6463
1922 6464
2519 6465
2140 6466
4220 6467
5370 6468
1147 6469
4397 6470
1978 6471
5967 6472
405 6473
4600 6474
2090 6475
154 6476
1378 6477
2868 6478
1049 6479
3414 6480
4203 6481
1226 6482
4429 6483
6262 6484
903 6485
1795 6486
1666 6487
2098 6488
2792 6489
6408 6490
4560 6491
5148 6492
4692 6493
2229 6494
4932 6495
2450 6496
6205 6497
2545 6498
3798 6499
3075 6500
2612 6501
1096 6502
2039 6503
4206 6504
1605 6505
3069 6506
56 6507
4019 6508
5158 6509
4323 6510
1549 6511
5845 6512
6388 6513
515 6514
4514 6515
4138 6516
1964 6517
4566 6518
339 6519
5441 6520
1176 6521
5065 6522
1546 6523
5202 6524
5235 6525
4949 6526
5018 6527
2241 6528
2947 6529
100 6530
4835 6531
4148 6532
3277 6533
3598 6534
4788 6535
5870 6536
5497 6537
2657 6538
5723 6539
2044 6540
5804 6541
5639 6542
1246 6543
6215 6544
2849 6545
715 6546
5673 6547
1334 6548
5920 6549
3490 6550
2300 6551
4125 6552
3413 6553
2272 6554
5476 6555
3654 6556
221 6557
3479 6558
1260 6559
2903 6560
2289 6561
402 6562
5741 6563
1905 6564
5495 6565
1005 6566
5272 6567
928 6568
3624 6569
4485 6570
5015 6571
6094 6572
1410 6573
2443 6574
2699 6575
4692 6576
1168 6577
4 6578
1786 6579
4290 6580
1453 6581
1704 6582
6469 6583
3415 6584
2239 6585
1520 6586
652 6587
2853 6588
3447 6589
3963 6590
3461 6591
3101 6592
3544 6593
746 6594
2679 6595
3058 6596
3912 6597
4050 6598
6163 6599
2851 6600
3327 6601
1319 6602
993 6603
2371 6604
2075 6605
4745 6606
3109 6607
5013 6608
5267 6609
1728 6610
4295 6611
6602 6612
2545 6613
3912 6614
6199 6615
5173 6616
6239 6617
4926 6618
2010 6619
5781 6620
1872 6621
984 6622
2793 6623
4827 6624
1843 6625
3931 6626
2702 6627
1260 6628
5911 6629
5321 6630
4265 6631
2407 6632
979 6633
4587 6634
552 6635
3970 6636
4641 6637
5313 6638
530 6639
801 6640
1957 6641
956 6642
2706 6643
2019 6644
3452 6645
4252 6646
2008 6647
2017 6648
721 6649
265 6650
2577 6651
1637 6652
1930 6653
4584 6654
4389 6655
471 6656
1551 6657
4418 6658
3893 6659
3366 6660
5203 6661
6026 6662
5072 6663
197 6664
3249 6665
4379 6666
2572 6667
3267 6668
4360 6669
4744 6670
966 6671
3248 6672
139 6673
4986 6674
3679 6675
4148 6676
3789 6677
4554 6678
3104 6679
2778 6680
5794 6681
88 6682
6232 6683
1066 6684
1829 6685
6426 6686
1438 6687
6235 6688
3929 6689
1282 6690
2099 6691
4160 6692
1144 6693
3190 6694
291 6695
188 6696
5185 6697
2940 6698
2816 6699
643 6700
3774 6701
5006 6702
4381 6703
10 6704
5022 6705
51 6706
5727 6707
1206 6708
2849 6709
2104 6710
5086 6711
993 6712
5540 6713
1122 6714
1495 6715
6170 6716
6653 6717
657 6718
894 6719
1454 6720
5107 6721
728 6722
4701 6723
4079 6724
5845 6725
677 6726
3159 6727
4020 6728
5181 6729
6257 6730
2123 6731
3061 6732
3327 6733
5731 6734
5549 6735
2104 6736
5128 6737
2743 6738
4144 6739
108 6740
5430 6741
2212 6742
6396 6743
5141 6744
5217 6745
1294 6746
75 6747
2072 6748
1332 6749
1348 6750
5703 6751
1273 6752
4904 6753
4727 6754
2216 6755
3730 6756
4102 6757
5622 6758
2185 6759
2981 6760
4341 6761
618 6762
5600 6763
3869 6764
4403 6765
5044 6766
398 6767
3937 6768
5220 6769
2444 6770
5434 6771
2310 6772
4327 6773
868 6774
4074 6775
1630 6776
1682 6777
570 6778
1189 6779
4172 6780
2296 6781
1411 6782
3723 6783
1506 6784
5954 6785
3382 6786
4138 6787
5545 6788
1624 6789
831 6790
6474 6791
5408 6792
5126 6793
3917 6794
1916 6795
3760 6796
641 6797
5663 6798
3949 6799
4622 6800
3585 6801
461 6802
1988 6803
3676 6804
1450 6805
6000 6806
4500 6807
2301 6808
6156 6809
6730 6810
4099 6811
4455 6812
4926 6813
4650 6814
106 6815
2324 6816
5413 6817
3803 6818
3781 6819
2913 6820
655 6821
1826 6822
5809 6823
3044 6824
2166 6825
4060 6826
4828 6827
3208 6828
3077 6829
3872 6830
2874 6831
4757 6832
5330 6833
4750 6834
2836 6835
4235 6836
1350 6837
3840 6838
3212 6839
4505 6840
6053 6841
4631 6842
2485 6843
688 6844
1291 6845
6713 6846
5838 6847
6260 6848
3638 6849
2910 6850
4893 6851
6113 6852
3725 6853
2898 6854
4457 6855
3490 6856
4027 6857
3078 6858
4606 6859
3688 6860
5697 6861
4896 6862
1967 6863
4336 6864
789 6865
3870 6866
86 6867
5838 6868
598 6869
6466 6870
4935 6871
2074 6872
4620 6873
6093 6874
6466 6875
2340 6876
2386 6877
3132 6878
1534 6879
3916 6880
4833 6881
1404 6882
4134 6883
3689 6884
843 6885
5303 6886
817 6887
457 6888
2356 6889
1747 6890
6581 6891
6453 6892
4911 6893
2695 6894
1476 6895
6103 6896
4002 6897
5475 6898
4336 6899
4809 6900
793 6901
3864 6902
3654 6903
6160 6904
3896 6905
4450 6906
3896 6907
2325 6908
181 6909
307 6910
5318 6911
1635 6912
3860 6913
6223 6914
2254 6915
2345 6916
1082 6917
2306 6918
1105 6919
2321 6920
4809 6921
4501 6922
1544 6923
5301 6924
6757 6925
742 6926
5993 6927
6113 6928
2154 6929
857 6930
5783 6931
4237 6932
3043 6933
4228 6934
5660 6935
1684 6936
3345 6937
2901 6938
4920 6939
3649 6940
4222 6941
4010 6942
4751 6943
2305 6944
6508 6945
6499 6946
6784 6947
6402 6948
6604 6949
1555 6950
647 6951
2218 6952
447 6953
6733 6954
2561 6955
4023 6956
6839 6957
3527 6958
381 6959
4326 6960
2515 6961
1939 6962
1485 6963
4797 6964
1157 6965
2943 6966
2034 6967
3517 6968
2785 6969
4414 6970
2972 6971
376 6972
4921 6973
1393 6974
6455 6975
2607 6976
216 6977
3849 6978
1171 6979
4207 6980
1404 6981
3280 6982
5848 6983
2157 6984
5316 6985
5780 6986
3772 6987
0 6988
2247 6989
2090 6990
2134 6991
4254 6992
3195 6993
2429 6994
6847 6995
3273 6996
4860 6997
6478 6998
3331 6999
2715 7000
4764 7001
4014 7002
5553 7003
3148 7004
5790 7005
382 7006
3407 7007
1652 7008
3612 7009
5685 7010
799 7011
4049 7012
816 7013
5874 7014
2357 7015
3129 7016
1286 7017
98 7018
4500 7019
135 7020
1885 7021
6000 7022
4389 7023
3122 7024
3047 7025
4147 7026
6953 7027
2990 7028
3442 7029
2627 7030
3702 7031
1199 7032
4966 7033
2829 7034
2271 7035
2771 7036
206 7037
3304 7038
223 7039
4952 7040
4359 7041
258 7042
6164 7043
6450 7044
4273 7045
2827 7046
5451 7047
5542 7048
4778 7049
4633 7050
2687 7051
4600 7052
4992 7053
4517 7054
495 7055
6936 7056
6536 7057
3210 7058
1140 7059
6591 7060
4130 7061
5256 7062
2201 7063
2456 7064
3272 7065
1959 7066
4503 7067
1053 7068
458 7069
2780 7070
5257 7071
2628 7072
4118 7073
110 7074
6594 7075
1801 7076
1420 7077
329 7078
776 7079
6781 7080
6339 7081
2171 7082
2287 7083
3207 7084
1229 7085
3725 7086
3929 7087
7003 7088
3185 7089
5138 7090
1747 7091
1536 7092
405 7093
5240 7094
3547 7095
2135 7096
1679 7097
5845 7098
3330 7099
1316 7100
6450 7101
6575 7102
1851 7103
1055 7104
2202 7105
1993 7106
1969 7107
5995 7108
978 7109
2090 7110
789 7111
917 7112
782 7113
1443 7114
1025 7115
3513 7116
6366 7117
5817 7118
3801 7119
3216 7120
6985 7121
4245 7122
573 7123
3638 7124
6015 7125
2927 7126
6807 7127
2938 7128
7024 7129
6413 7130
3754 7131
3946 7132
82 7133
3763 7134
696 7135
6001 7136
2199 7137
2578 7138
2572 7139
1074 7140
3854 7141
5543 7142
4683 7143
2566 7144
4551 7145
664 7146
2193 7147
381 7148
5096 7149
313 7150
3120 7151
6577 7152
6360 7153
3226 7154
767 7155
5768 7156
2928 7157
347 7158
2528 7159
427 7160
2972 7161
7093 7162
3209 7163
4454 7164
6441 7165
178 7166
972 7167
6850 7168
1177 7169
6097 7170
3320 7171
301 7172
2037 7173
4417 7174
4285 7175
2001 7176
5076 7177
1745 7178
3902 7179
3947 7180
19 7181
5353 7182
2988 7183
3589 7184
1603 7185
5329 7186
6240 7187
1038 7188
4583 7189
1442 7190
3721 7191
5513 7192
1973 7193
1042 7194
3294 7195
5753 7196
1819 7197
4657 7198
5472 7199
1435 7200
6659 7201
6780 7202
5385 7203
6472 7204
6299 7205
3988 7206
5033 7207
709 7208
1764 7209
2191 7210
4604 7211
1100 7212
3028 7213
1844 7214
3979 7215
6293 7216
1736 7217
5123 7218
6109 7219
4160 7220
5506 7221
2385 7222
3014 7223
6037 7224
5837 7225
3713 7226
4957 7227
1129 7228
6072 7229
444 7230
6937 7231
579 7232
5373 7233
5732 7234
2614 7235
1080 7236
6425 7237
1828 7238
4996 7239
4474 7240
3370 7241
6497 7242
5413 7243
3459 7244
6432 7245
5214 7246
3269 7247
5944 7248
1380 7249
256 7250
5195 7251
6119 7252
3549 7253
4951 7254
4928 7255
894 7256
464 7257
6903 7258
5493 7259
4445 7260
518 7261
2959 7262
3231 7263
5187 7264
4085 7265
3785 7266
5491 7267
3664 7268
5461 7269
1493 7270
7208 7271
5401 7272
6171 7273
1164 7274
2455 7275
4956 7276
1450 7277
5326 7278
2559 7279
982 7280
1375 7281
136 7282
5014 7283
294 7284
821 7285
726 7286
7262 7287
356 7288
3283 7289
3661 7290
4166 7291
6630 7292
1887 7293
5895 7294
4117 7295
1314 7296
4814 7297
705 7298
2199 7299
3660 7300
4035 7301
3492 7302
1057 7303
3065 7304
4552 7305
3821 7306
5981 7307
1352 7308
1501 7309
2711 7310
4821 7311
5655 7312
667 7313
5016 7314
2466 7315
4582 7316
3208 7317
2300 7318
5519 7319
4432 7320
597 7321
6700 7322
3657 7323
4866 7324
1871 7325
5847 7326
2095 7327
5224 7328
45 7329
4673 7330
1890 7331
3432 7332
6022 7333
3980 7334
2548 7335
1562 7336
5662 7337
4449 7338
7206 7339
5394 7340
5599 7341
5104 7342
3225 7343
1604 7344
443 7345
2002 7346
4304 7347
2725 7348
1824 7349
205 7350
3451 7351
2704 7352
2244 7353
5093 7354
2260 7355
5660 7356
3472 7357
2773 7358
5388 7359
477 7360
6530 7361
6949 7362
5280 7363
973 7364
4709 7365
2205 7366
3436 7367
1524 7368
868 7369
1278 7370
3880 7371
3386 7372
5772 7373
897 7374
5932 7375
3940 7376
3424 7377
1106 7378
1902 7379
3037 7380
6508 7381
6610 7382
5836 7383
3711 7384
2697 7385
7081 7386
346 7387
108 7388
5411 7389
349 7390
1238 7391
1162 7392
2707 7393
4154 7394
6008 7395
3371 7396
4190 7397
1481 7398
6654 7399
808 7400
1141 7401
6204 7402
18 7403
1504 7404
1093 7405
1072 7406
5274 7407
6752 7408
3715 7409
4179 7410
1175 7411
1126 7412
1451 7413
565 7414
533 7415
1442 7416
4364 7417
1007 7418
2297 7419
6727 7420
3804 7421
871 7422
2874 7423
6390 7424
1186 7425
1480 7426
6358 7427
6232 7428
1135 7429
6946 7430
3092 7431
2013 7432
5090 7433
5171 7434
6329 7435
4985 7436
5394 7437
5095 7438
3637 7439
4318 7440
587 7441
1706 7442
2433 7443
2406 7444
645 7445
496 7446
520 7447
2699 7448
1349 7449
1553 7450
7053 7451
6328 7452
4691 7453
523 7454
282 7455
5545 7456
2490 7457
3235 7458
5685 7459
6998 7460
1325 7461
7103 7462
391 7463
6452 7464
5738 7465
6086 7466
3354 7467
4308 7468
40 7469
6941 7470
1971 7471
2536 7472
2271 7473
1818 7474
6546 7475
315 7476
2061 7477
2978 7478
4513 7479
2841 7480
4712 7481
11 7482
2330 7483
5043 7484
648 7485
1082 7486
5852 7487
2988 7488
6313 7489
1018 7490
1850 7491
1180 7492
723 7493
3582 7494
6861 7495
76 7496
2417 7497
1462 7498
3912 7499
4838 7500
7126 7501
2523 7502
2633 7503
6982 7504
2701 7505
6134 7506
5146 7507
1729 7508
5164 7509
958 7510
2151 7511
1284 7512
263 7513
563 7514
3602 7515
5817 7516
16 7517
4887 7518
235 7519
6 7520
5007 7521
6571 7522
2470 7523
4122 7524
4211 7525
1541 7526
3587 7527
4741 7528
6708 7529
5333 7530
5588 7531
1370 7532
6934 7533
352 7534
4480 7535
4238 7536
6378 7537
3579 7538
6887 7539
4342 7540
2632 7541
6804 7542
3233 7543
1661 7544
4677 7545
2970 7546
5566 7547
1313 7548
7475 7549
5840 7550
2997 7551
4927 7552
1817 7553
495 7554
4554 7555
501 7556
2202 7557
4971 7558
2147 7559
6335 7560
1478 7561
7113 7562
819 7563
2396 7564
7127 7565
2352 7566
4639 7567
1338 7568
1177 7569
868 7570
2197 7571
1284 7572
457 7573
3258 7574
965 7575
1939 7576
1923 7577
3851 7578
3264 7579
467 7580
1775 7581
1483 7582
6361 7583
160 7584
4428 7585
700 7586
2563 7587
5084 7588
3248 7589
3805 7590
2490 7591
5131 7592
1226 7593
3732 7594
4396 7595
2104 7596
987 7597
1814 7598
6260 7599
7089 7600
1752 7601
7230 7602
4285 7603
6599 7604
2339 7605
281 7606
2121 7607
7342 7608
2301 7609
303 7610
6180 7611
372 7612
3001 7613
939 7614
4161 7615
5616 7616
4335 7617
2804 7618
5561 7619
5820 7620
6450 7621
1989 7622
877 7623
1024 7624
7248 7625
7447 7626
3143 7627
5099 7628
2276 7629
1154 7630
6016 7631
6828 7632
6812 7633
6950 7634
956 7635
7365 7636
5063 7637
1001 7638
7222 7639
4743 7640
579 7641
2181 7642
6116 7643
6107 7644
823 7645
6818 7646
700 7647
375 7648
7597 7649
7292 7650
5087 7651
4095 7652
3065 7653
5357 7654
6550 7655
5694 7656
2041 7657
255 7658
6433 7659
7464 7660
7416 7661
6182 7662
6605 7663
946 7664
1985 7665
3996 7666
2477 7667
1880 7668
2687 7669
5334 7670
7534 7671
701 7672
2687 7673
3644 7674
7057 7675
720 7676
991 7677
3658 7678
6 7679
5374 7680
1324 7681
2108 7682
4955 7683
7055 7684
690 7685
1975 7686
3400 7687
5686 7688
253 7689
1653 7690
2849 7691
4671 7692
3668 7693
993 7694
1811 7695
1179 7696
4090 7697
1016 7698
5854 7699
467 7700
2472 7701
4660 7702
712 7703
784 7704
3825 7705
5073 7706
3141 7707
1759 7708
4787 7709
4180 7710
2739 7711
3275 7712
634 7713
5370 7714
3112 7715
2388 7716
4446 7717
3933 7718
4542 7719
6214 7720
961 7721
7068 7722
3847 7723
6333 7724
416 7725
661 7726
3883 7727
4112 7728
3902 7729
6464 7730
82 7731
947 7732
2803 7733
314 7734
4815 7735
1633 7736
803 7737
1021 7738
370 7739
7705 7740
2448 7741
7404 7742
193 7743
4649 7744
5142 7745
5635 7746
1316 7747
616 7748
4413 7749
1209 7750
6137 7751
7025 7752
845 7753
5813 7754
5775 7755
2989 7756
5251 7757
1832 7758
956 7759
5239 7760
5597 7761
875 7762
1684 7763
6922 7764
6718 7765
5593 7766
3948 7767
6447 7768
7413 7769
6319 7770
6355 7771
5125 7772
2211 7773
7056 7774
287 7775
3613 7776
333 7777
6400 7778
1247 7779
205 7780
6586 7781
1565 7782
3518 7783
1396 7784
22 7785
5757 7786
906 7787
491 7788
7583 7789
2964 7790
7168 7791
2923 7792
5000 7793
6882 7794
7299 7795
2850 7796
2034 7797
753 7798
5063 7799
6106 7800
6223 7801
219 7802
366 7803
7384 7804
4684 7805
6357 7806
308 7807
6577 7808
230 7809
662 7810
7061 7811
303 7812
2111 7813
2777 7814
5015 7815
577 7816
2148 7817
6001 7818
1625 7819
2236 7820
4310 7821
5286 7822
4783 7823
2129 7824
3320 7825
5281 7826
4766 7827
7547 7828
332 7829
3716 7830
7148 7831
3163 7832
4683 7833
4575 7834
7764 7835
168 7836
7280 7837
85 7838
6533 7839
1196 7840
3017 7841
563 7842
3401 7843
3008 7844
7731 7845
3133 7846
7690 7847
4511 7848
3025 7849
7524 7850
3584 7851
6123 7852
4982 7853
3461 7854
528 7855
4755 7856
1913 7857
3458 7858
3022 7859
3068 7860
6154 7861
1090 7862
2226 7863
2880 7864
5293 7865
1364 7866
5528 7867
1683 7868
6949 7869
123 7870
2908 7871
2006 7872
349 7873
1529 7874
1203 7875
4814 7876
254 7877
4281 7878
7735 7879
7063 7880
2534 7881
1168 7882
5867 7883
96 7884
5709 7885
1201 7886
1189 7887
1736 7888
6399 7889
4949 7890
5941 7891
2965 7892
17 7893
7176 7894
3849 7895
4956 7896
1103 7897
2172 7898
3585 7899
2125 7900
6799 7901
6837 7902
7041 7903
7736 7904
6352 7905
3724 7906
1032 7907
972 7908
6946 7909
2016 7910
7903 7911
656 7912
5528 7913
1207 7914
4200 7915
2347 7916
1993 7917
7302 7918
3873 7919
5656 7920
5040 7921
4157 7922
4762 7923
4202 7924
7480 7925
300 7926
2686 7927
2148 7928
2564 7929
4185 7930
3391 7931
473 7932
5404 7933
103 7934
3642 7935
5593 7936
833 7937
2074 7938
4481 7939
4323 7940
6067 7941
541 7942
96 7943
458 7944
3869 7945
1697 7946
195 7947
2433 7948
7374 7949
86 7950
356 7951
7948 7952
2314 7953
352 7954
5248 7955
7272 7956
1549 7957
5354 7958
4902 7959
5402 7960
6768 7961
5278 7962
3308 7963
7323 7964
5887 7965
6234 7966
4528 7967
290 7968
1627 7969
6886 7970
2089 7971
4822 7972
2606 7973
4156 7974
396 7975
6493 7976
5496 7977
6843 7978
7363 7979
3349 7980
5378 7981
5442 7982
2937 7983
7131 7984
6226 7985
4002 7986
3252 7987
4514 7988
1084 7989
4137 7990
1962 7991
853 7992
2729 7993
5173 7994
5890 7995
2111 7996
3035 7997
7510 7998
6288 7999
6585 8000
