9999
0 1
1 2
0 3
3 4
2 5
5 6
6 7
6 8
8 9
1 10
4 11
11 12
6 13
8 14
9 15
12 16
14 17
3 18
14 19
17 20
6 21
10 22
13 23
12 24
4 25
23 26
6 27
20 28
12 29
29 30
18 31
28 32
7 33
26 34
19 35
4 36
22 37
36 38
7 39
24 40
30 41
13 42
27 43
20 44
34 45
29 46
9 47
30 48
13 49
17 50
6 51
6 52
19 53
29 54
11 55
27 56
14 57
30 58
20 59
46 60
46 61
27 62
24 63
44 64
55 65
3 66
64 67
31 68
60 69
15 70
68 71
13 72
41 73
58 74
39 75
37 76
0 77
60 78
57 79
78 80
48 81
61 82
61 83
73 84
60 85
63 86
82 87
57 88
51 89
40 90
6 91
49 92
86 93
60 94
66 95
46 96
54 97
39 98
9 99
81 100
9 101
59 102
41 103
31 104
40 105
72 106
18 107
47 108
100 109
1 110
33 111
20 112
99 113
38 114
92 115
84 116
90 117
65 118
48 119
112 120
9 121
47 122
46 123
76 124
43 125
42 126
0 127
73 128
69 129
108 130
120 131
18 132
73 133
24 134
128 135
12 136
41 137
121 138
38 139
70 140
126 141
132 142
112 143
87 144
116 145
107 146
132 147
85 148
53 149
78 150
58 151
62 152
82 153
90 154
79 155
69 156
67 157
32 158
152 159
71 160
137 161
124 162
72 163
58 164
5 165
117 166
155 167
77 168
130 169
5 170
65 171
142 172
28 173
37 174
78 175
161 176
96 177
160 178
109 179
145 180
66 181
84 182
101 183
44 184
137 185
18 186
76 187
78 188
111 189
138 190
53 191
46 192
191 193
35 194
16 195
44 196
101 197
181 198
106 199
34 200
102 201
167 202
145 203
194 204
147 205
152 206
171 207
200 208
124 209
168 210
151 211
76 212
52 213
120 214
61 215
130 216
20 217
170 218
68 219
88 220
116 221
141 222
63 223
199 224
60 225
6 226
149 227
110 228
198 229
164 230
54 231
51 232
230 233
91 234
188 235
172 236
53 237
217 238
87 239
117 240
161 241
225 242
49 243
242 244
25 245
53 246
73 247
223 248
20 249
130 250
135 251
183 252
207 253
100 254
37 255
90 256
240 257
171 258
123 259
62 260
70 261
21 262
239 263
40 264
163 265
41 266
204 267
206 268
224 269
69 270
260 271
32 272
226 273
256 274
123 275
91 276
217 277
233 278
160 279
189 280
187 281
237 282
72 283
22 284
84 285
7 286
155 287
15 288
49 289
26 290
216 291
265 292
160 293
251 294
163 295
32 296
214 297
74 298
201 299
57 300
43 301
29 302
223 303
64 304
63 305
34 306
284 307
22 308
103 309
105 310
76 311
210 312
67 313
113 314
11 315
278 316
115 317
267 318
265 319
141 320
131 321
100 322
131 323
187 324
102 325
224 326
226 327
276 328
300 329
55 330
185 331
248 332
227 333
104 334
301 335
287 336
219 337
109 338
104 339
236 340
13 341
130 342
267 343
7 344
135 345
205 346
116 347
316 348
58 349
159 350
150 351
158 352
27 353
203 354
69 355
295 356
237 357
311 358
13 359
228 360
80 361
246 362
190 363
49 364
360 365
288 366
330 367
19 368
96 369
50 370
325 371
21 372
113 373
200 374
364 375
300 376
43 377
338 378
168 379
254 380
141 381
372 382
161 383
264 384
178 385
284 386
67 387
275 388
202 389
79 390
215 391
56 392
185 393
312 394
338 395
78 396
202 397
321 398
70 399
293 400
202 401
51 402
378 403
197 404
332 405
344 406
2 407
25 408
346 409
242 410
168 411
148 412
347 413
302 414
258 415
340 416
325 417
210 418
125 419
145 420
415 421
66 422
37 423
120 424
73 425
13 426
326 427
417 428
66 429
10 430
122 431
301 432
301 433
345 434
253 435
184 436
94 437
268 438
328 439
286 440
195 441
176 442
442 443
304 444
169 445
389 446
163 447
393 448
10 449
215 450
160 451
90 452
257 453
260 454
179 455
187 456
49 457
368 458
233 459
160 460
3 461
220 462
168 463
307 464
144 465
211 466
387 467
441 468
259 469
321 470
23 471
202 472
134 473
242 474
293 475
92 476
451 477
266 478
295 479
145 480
473 481
84 482
410 483
314 484
314 485
336 486
300 487
155 488
429 489
214 490
288 491
319 492
206 493
461 494
158 495
254 496
368 497
472 498
119 499
358 500
119 501
278 502
149 503
46 504
67 505
83 506
42 507
366 508
241 509
340 510
392 511
466 512
308 513
346 514
270 515
165 516
122 517
65 518
106 519
94 520
399 521
129 522
361 523
376 524
233 525
42 526
492 527
343 528
343 529
128 530
57 531
333 532
449 533
309 534
9 535
354 536
241 537
536 538
7 539
192 540
43 541
325 542
53 543
342 544
121 545
64 546
148 547
58 548
14 549
416 550
424 551
309 552
14 553
100 554
414 555
149 556
361 557
302 558
379 559
534 560
199 561
305 562
136 563
78 564
496 565
333 566
141 567
502 568
102 569
491 570
74 571
130 572
270 573
560 574
237 575
483 576
239 577
228 578
30 579
283 580
479 581
261 582
544 583
367 584
128 585
456 586
283 587
340 588
12 589
567 590
128 591
563 592
285 593
343 594
409 595
43 596
19 597
236 598
540 599
570 600
462 601
475 602
339 603
514 604
326 605
144 606
441 607
193 608
298 609
434 610
431 611
278 612
570 613
38 614
92 615
238 616
272 617
25 618
238 619
39 620
104 621
532 622
341 623
278 624
258 625
358 626
602 627
155 628
86 629
171 630
594 631
125 632
431 633
569 634
81 635
47 636
409 637
53 638
70 639
186 640
484 641
543 642
561 643
264 644
416 645
213 646
502 647
536 648
548 649
164 650
295 651
91 652
221 653
6 654
115 655
615 656
359 657
158 658
617 659
381 660
238 661
19 662
433 663
160 664
69 665
87 666
298 667
564 668
599 669
370 670
131 671
117 672
317 673
448 674
418 675
628 676
648 677
200 678
592 679
406 680
466 681
254 682
457 683
527 684
558 685
375 686
86 687
365 688
614 689
290 690
481 691
54 692
364 693
328 694
364 695
155 696
517 697
550 698
80 699
534 700
508 701
64 702
54 703
665 704
145 705
120 706
322 707
700 708
150 709
377 710
596 711
648 712
424 713
623 714
425 715
505 716
569 717
330 718
510 719
17 720
665 721
597 722
419 723
474 724
669 725
517 726
356 727
262 728
664 729
368 730
79 731
145 732
92 733
575 734
529 735
559 736
358 737
517 738
683 739
42 740
740 741
706 742
682 743
382 744
144 745
738 746
700 747
343 748
409 749
304 750
211 751
427 752
661 753
482 754
654 755
609 756
314 757
411 758
15 759
329 760
483 761
594 762
435 763
325 764
316 765
379 766
424 767
447 768
571 769
509 770
26 771
227 772
538 773
513 774
623 775
160 776
546 777
563 778
554 779
474 780
524 781
609 782
594 783
131 784
506 785
421 786
455 787
695 788
615 789
754 790
107 791
619 792
716 793
23 794
512 795
733 796
499 797
763 798
794 799
720 800
369 801
798 802
421 803
323 804
646 805
548 806
15 807
205 808
14 809
643 810
584 811
326 812
669 813
297 814
46 815
433 816
158 817
0 818
600 819
283 820
236 821
113 822
5 823
542 824
89 825
817 826
28 827
87 828
97 829
210 830
472 831
812 832
254 833
322 834
642 835
126 836
120 837
527 838
460 839
782 840
764 841
515 842
221 843
671 844
688 845
265 846
222 847
460 848
467 849
8 850
527 851
178 852
60 853
1 854
831 855
448 856
850 857
609 858
267 859
465 860
19 861
59 862
568 863
473 864
622 865
21 866
249 867
124 868
128 869
42 870
661 871
291 872
545 873
645 874
680 875
769 876
39 877
266 878
6 879
733 880
657 881
34 882
238 883
432 884
206 885
464 886
86 887
754 888
380 889
472 890
803 891
444 892
821 893
725 894
664 895
224 896
56 897
895 898
643 899
536 900
539 901
93 902
731 903
372 904
685 905
232 906
569 907
423 908
818 909
119 910
842 911
156 912
227 913
777 914
391 915
5 916
336 917
122 918
855 919
92 920
555 921
532 922
345 923
579 924
426 925
786 926
885 927
713 928
335 929
850 930
928 931
795 932
499 933
695 934
112 935
321 936
904 937
917 938
728 939
350 940
416 941
341 942
924 943
689 944
831 945
30 946
604 947
245 948
292 949
784 950
706 951
501 952
97 953
845 954
217 955
728 956
409 957
672 958
808 959
28 960
830 961
88 962
156 963
682 964
506 965
57 966
250 967
41 968
96 969
784 970
507 971
902 972
219 973
552 974
465 975
580 976
367 977
539 978
45 979
379 980
283 981
751 982
83 983
423 984
353 985
371 986
288 987
285 988
951 989
304 990
580 991
193 992
593 993
304 994
982 995
566 996
440 997
812 998
26 999
406 1000
469 1001
887 1002
937 1003
439 1004
903 1005
574 1006
771 1007
236 1008
788 1009
874 1010
965 1011
684 1012
143 1013
752 1014
190 1015
432 1016
648 1017
490 1018
560 1019
216 1020
760 1021
983 1022
45 1023
543 1024
987 1025
741 1026
671 1027
978 1028
439 1029
648 1030
999 1031
966 1032
849 1033
955 1034
672 1035
689 1036
499 1037
912 1038
650 1039
659 1040
182 1041
488 1042
403 1043
240 1044
665 1045
1006 1046
98 1047
769 1048
402 1049
288 1050
236 1051
955 1052
597 1053
1037 1054
458 1055
575 1056
384 1057
228 1058
294 1059
117 1060
1021 1061
975 1062
818 1063
866 1064
368 1065
151 1066
299 1067
1003 1068
436 1069
21 1070
754 1071
207 1072
902 1073
10 1074
231 1075
1055 1076
309 1077
773 1078
491 1079
218 1080
965 1081
957 1082
152 1083
399 1084
523 1085
903 1086
273 1087
425 1088
629 1089
519 1090
873 1091
590 1092
325 1093
522 1094
686 1095
897 1096
229 1097
982 1098
77 1099
1058 1100
903 1101
629 1102
260 1103
457 1104
233 1105
440 1106
275 1107
773 1108
594 1109
425 1110
759 1111
1098 1112
1074 1113
95 1114
837 1115
143 1116
531 1117
232 1118
573 1119
869 1120
217 1121
806 1122
91 1123
742 1124
979 1125
844 1126
275 1127
149 1128
652 1129
529 1130
684 1131
350 1132
749 1133
463 1134
256 1135
40 1136
572 1137
145 1138
433 1139
758 1140
993 1141
945 1142
598 1143
531 1144
21 1145
680 1146
1095 1147
45 1148
1017 1149
30 1150
980 1151
379 1152
829 1153
72 1154
368 1155
1037 1156
953 1157
95 1158
331 1159
156 1160
688 1161
122 1162
473 1163
975 1164
105 1165
624 1166
835 1167
438 1168
679 1169
53 1170
209 1171
497 1172
255 1173
778 1174
599 1175
123 1176
1 1177
558 1178
1105 1179
799 1180
692 1181
538 1182
3 1183
242 1184
965 1185
150 1186
310 1187
1059 1188
733 1189
376 1190
105 1191
991 1192
410 1193
353 1194
563 1195
1161 1196
380 1197
130 1198
523 1199
73 1200
192 1201
897 1202
387 1203
459 1204
665 1205
590 1206
460 1207
11 1208
24 1209
943 1210
304 1211
486 1212
288 1213
1185 1214
991 1215
980 1216
1116 1217
210 1218
149 1219
1163 1220
401 1221
304 1222
1159 1223
614 1224
841 1225
1107 1226
93 1227
51 1228
993 1229
1156 1230
1015 1231
250 1232
1211 1233
560 1234
863 1235
632 1236
420 1237
622 1238
1062 1239
1115 1240
1101 1241
473 1242
31 1243
930 1244
491 1245
733 1246
111 1247
263 1248
223 1249
1001 1250
719 1251
571 1252
716 1253
1083 1254
792 1255
1241 1256
993 1257
599 1258
24 1259
183 1260
616 1261
1244 1262
523 1263
529 1264
1032 1265
16 1266
950 1267
336 1268
511 1269
595 1270
688 1271
226 1272
6 1273
909 1274
34 1275
379 1276
259 1277
515 1278
569 1279
1268 1280
1085 1281
1210 1282
816 1283
609 1284
372 1285
1152 1286
1134 1287
1152 1288
955 1289
611 1290
1188 1291
1047 1292
348 1293
97 1294
161 1295
38 1296
622 1297
74 1298
471 1299
382 1300
960 1301
485 1302
710 1303
1002 1304
817 1305
594 1306
364 1307
944 1308
997 1309
844 1310
495 1311
994 1312
985 1313
561 1314
1134 1315
678 1316
993 1317
432 1318
128 1319
298 1320
153 1321
742 1322
634 1323
1020 1324
1273 1325
508 1326
74 1327
449 1328
1128 1329
907 1330
1286 1331
408 1332
628 1333
749 1334
49 1335
817 1336
1280 1337
1145 1338
401 1339
699 1340
964 1341
10 1342
583 1343
1307 1344
1200 1345
593 1346
1209 1347
346 1348
137 1349
789 1350
203 1351
1176 1352
829 1353
597 1354
1180 1355
10 1356
160 1357
963 1358
122 1359
1289 1360
451 1361
596 1362
760 1363
252 1364
1358 1365
170 1366
392 1367
104 1368
721 1369
1050 1370
1231 1371
354 1372
306 1373
393 1374
1165 1375
229 1376
325 1377
979 1378
187 1379
1300 1380
1120 1381
460 1382
696 1383
202 1384
26 1385
1036 1386
1230 1387
352 1388
260 1389
209 1390
33 1391
951 1392
1072 1393
23 1394
877 1395
267 1396
1351 1397
1214 1398
213 1399
975 1400
857 1401
49 1402
315 1403
494 1404
307 1405
950 1406
303 1407
905 1408
91 1409
1215 1410
682 1411
1250 1412
581 1413
787 1414
518 1415
392 1416
803 1417
1220 1418
957 1419
1084 1420
850 1421
317 1422
517 1423
131 1424
816 1425
194 1426
190 1427
25 1428
846 1429
133 1430
44 1431
1342 1432
1318 1433
993 1434
1301 1435
171 1436
589 1437
180 1438
190 1439
1263 1440
599 1441
296 1442
746 1443
306 1444
972 1445
445 1446
1114 1447
1258 1448
644 1449
176 1450
1149 1451
1164 1452
639 1453
357 1454
264 1455
997 1456
479 1457
724 1458
496 1459
1434 1460
105 1461
298 1462
515 1463
221 1464
271 1465
1113 1466
213 1467
672 1468
1011 1469
1075 1470
787 1471
1151 1472
172 1473
849 1474
1142 1475
1257 1476
190 1477
27 1478
792 1479
991 1480
1201 1481
366 1482
983 1483
593 1484
1096 1485
159 1486
1050 1487
629 1488
1048 1489
1388 1490
1293 1491
897 1492
227 1493
664 1494
508 1495
1339 1496
1100 1497
429 1498
93 1499
1107 1500
1 1501
1120 1502
1096 1503
385 1504
1089 1505
486 1506
908 1507
651 1508
77 1509
1067 1510
381 1511
521 1512
544 1513
782 1514
989 1515
155 1516
560 1517
1391 1518
680 1519
571 1520
343 1521
1110 1522
1145 1523
399 1524
1282 1525
256 1526
642 1527
689 1528
811 1529
406 1530
325 1531
1098 1532
141 1533
4 1534
217 1535
572 1536
794 1537
180 1538
256 1539
915 1540
754 1541
1096 1542
71 1543
102 1544
347 1545
465 1546
1040 1547
1465 1548
271 1549
140 1550
616 1551
254 1552
1241 1553
279 1554
849 1555
468 1556
825 1557
267 1558
997 1559
687 1560
1419 1561
565 1562
1328 1563
902 1564
951 1565
846 1566
633 1567
505 1568
1567 1569
541 1570
435 1571
447 1572
257 1573
1339 1574
600 1575
255 1576
845 1577
138 1578
1253 1579
217 1580
1378 1581
380 1582
341 1583
951 1584
1334 1585
932 1586
1261 1587
836 1588
1351 1589
957 1590
1586 1591
1445 1592
1516 1593
1368 1594
836 1595
663 1596
737 1597
110 1598
119 1599
0 1600
1341 1601
1268 1602
977 1603
213 1604
1221 1605
256 1606
903 1607
675 1608
1209 1609
1378 1610
665 1611
1469 1612
799 1613
529 1614
803 1615
1486 1616
141 1617
843 1618
1135 1619
955 1620
726 1621
1122 1622
1536 1623
947 1624
738 1625
202 1626
198 1627
632 1628
1134 1629
332 1630
1609 1631
185 1632
376 1633
1172 1634
1428 1635
750 1636
43 1637
157 1638
41 1639
1220 1640
1150 1641
298 1642
691 1643
390 1644
1127 1645
353 1646
1630 1647
427 1648
1075 1649
1089 1650
1319 1651
1604 1652
1439 1653
169 1654
1631 1655
1040 1656
1058 1657
116 1658
333 1659
1415 1660
1275 1661
1574 1662
532 1663
524 1664
1549 1665
79 1666
1031 1667
1410 1668
353 1669
18 1670
24 1671
568 1672
150 1673
1482 1674
726 1675
292 1676
1309 1677
1615 1678
828 1679
1365 1680
1654 1681
979 1682
301 1683
673 1684
614 1685
1231 1686
551 1687
421 1688
423 1689
1212 1690
952 1691
1242 1692
979 1693
176 1694
402 1695
1568 1696
45 1697
592 1698
285 1699
1185 1700
1332 1701
1359 1702
1035 1703
1456 1704
821 1705
334 1706
609 1707
615 1708
298 1709
1071 1710
140 1711
837 1712
1248 1713
1139 1714
952 1715
532 1716
1370 1717
1518 1718
572 1719
682 1720
1035 1721
667 1722
260 1723
22 1724
1601 1725
30 1726
958 1727
1438 1728
1483 1729
1583 1730
1247 1731
1563 1732
146 1733
60 1734
514 1735
748 1736
1379 1737
1525 1738
263 1739
206 1740
1094 1741
393 1742
1047 1743
436 1744
1232 1745
222 1746
1673 1747
238 1748
433 1749
1529 1750
1393 1751
1031 1752
1664 1753
400 1754
691 1755
1183 1756
298 1757
1259 1758
1560 1759
1262 1760
1039 1761
485 1762
1603 1763
631 1764
338 1765
1143 1766
136 1767
1124 1768
1324 1769
176 1770
1039 1771
1306 1772
198 1773
855 1774
611 1775
152 1776
556 1777
822 1778
945 1779
1167 1780
325 1781
1035 1782
425 1783
1620 1784
519 1785
1747 1786
1753 1787
1437 1788
319 1789
990 1790
748 1791
1528 1792
175 1793
713 1794
4 1795
1126 1796
516 1797
1660 1798
1550 1799
456 1800
880 1801
1577 1802
1113 1803
1584 1804
884 1805
134 1806
797 1807
1353 1808
643 1809
68 1810
1271 1811
1738 1812
858 1813
1340 1814
262 1815
1336 1816
1794 1817
20 1818
1755 1819
791 1820
512 1821
324 1822
576 1823
1380 1824
1091 1825
1393 1826
1504 1827
1336 1828
1677 1829
63 1830
908 1831
1047 1832
804 1833
623 1834
1046 1835
1398 1836
1253 1837
935 1838
1069 1839
1297 1840
1098 1841
651 1842
305 1843
661 1844
1137 1845
265 1846
328 1847
1317 1848
1789 1849
774 1850
1439 1851
843 1852
525 1853
1649 1854
1071 1855
730 1856
509 1857
1672 1858
1143 1859
1661 1860
1075 1861
83 1862
814 1863
842 1864
271 1865
179 1866
673 1867
716 1868
81 1869
1663 1870
1713 1871
838 1872
1695 1873
855 1874
509 1875
210 1876
495 1877
1545 1878
625 1879
217 1880
468 1881
504 1882
1143 1883
943 1884
16 1885
1627 1886
1878 1887
161 1888
487 1889
1701 1890
1306 1891
1401 1892
1408 1893
867 1894
169 1895
713 1896
1062 1897
1869 1898
674 1899
1044 1900
283 1901
126 1902
969 1903
594 1904
164 1905
607 1906
185 1907
1242 1908
767 1909
1138 1910
154 1911
541 1912
295 1913
1415 1914
1441 1915
1712 1916
1788 1917
625 1918
1897 1919
1410 1920
1647 1921
466 1922
1754 1923
603 1924
756 1925
1526 1926
1577 1927
172 1928
705 1929
314 1930
680 1931
1508 1932
844 1933
112 1934
1639 1935
1259 1936
1530 1937
359 1938
1556 1939
385 1940
327 1941
338 1942
509 1943
705 1944
279 1945
711 1946
1836 1947
1094 1948
456 1949
1784 1950
703 1951
1669 1952
1022 1953
1430 1954
1533 1955
248 1956
423 1957
552 1958
1908 1959
1155 1960
963 1961
1239 1962
1672 1963
1733 1964
708 1965
1342 1966
1480 1967
1162 1968
1490 1969
1196 1970
579 1971
86 1972
1928 1973
888 1974
1291 1975
164 1976
730 1977
1508 1978
365 1979
1096 1980
1457 1981
1535 1982
513 1983
1394 1984
1430 1985
1440 1986
1841 1987
1352 1988
705 1989
1222 1990
1349 1991
1837 1992
224 1993
1620 1994
1094 1995
751 1996
729 1997
115 1998
1335 1999
390 2000
854 2001
775 2002
1377 2003
979 2004
402 2005
1181 2006
1810 2007
1104 2008
1202 2009
662 2010
231 2011
1024 2012
1359 2013
328 2014
289 2015
1200 2016
1402 2017
1558 2018
856 2019
615 2020
1649 2021
1762 2022
1026 2023
828 2024
1625 2025
1401 2026
540 2027
1382 2028
750 2029
1278 2030
1032 2031
953 2032
1323 2033
25 2034
1020 2035
1894 2036
945 2037
2024 2038
1083 2039
2027 2040
1217 2041
896 2042
1461 2043
224 2044
1915 2045
1907 2046
900 2047
1065 2048
235 2049
1778 2050
1686 2051
1561 2052
1851 2053
1797 2054
1143 2055
1214 2056
1004 2057
1321 2058
1580 2059
1606 2060
482 2061
1281 2062
930 2063
537 2064
1659 2065
276 2066
145 2067
996 2068
347 2069
40 2070
141 2071
1366 2072
1081 2073
1564 2074
1831 2075
481 2076
1802 2077
1956 2078
466 2079
1219 2080
1391 2081
319 2082
1151 2083
617 2084
146 2085
1470 2086
174 2087
2044 2088
277 2089
575 2090
223 2091
1630 2092
1651 2093
620 2094
879 2095
1055 2096
374 2097
1808 2098
1388 2099
2049 2100
1911 2101
1799 2102
208 2103
313 2104
1813 2105
14 2106
1952 2107
171 2108
876 2109
661 2110
1849 2111
1639 2112
353 2113
1568 2114
153 2115
901 2116
900 2117
1255 2118
569 2119
1965 2120
1893 2121
1318 2122
1974 2123
1672 2124
202 2125
439 2126
1792 2127
131 2128
2104 2129
467 2130
1754 2131
1689 2132
65 2133
1889 2134
2115 2135
779 2136
725 2137
1958 2138
717 2139
938 2140
835 2141
1374 2142
364 2143
1629 2144
761 2145
834 2146
147 2147
1931 2148
1837 2149
1961 2150
858 2151
1875 2152
1950 2153
941 2154
2040 2155
1226 2156
1730 2157
618 2158
1448 2159
1805 2160
2015 2161
857 2162
1828 2163
871 2164
1216 2165
673 2166
1324 2167
1382 2168
434 2169
361 2170
170 2171
1721 2172
485 2173
1145 2174
1232 2175
364 2176
1667 2177
622 2178
1608 2179
1580 2180
905 2181
802 2182
105 2183
868 2184
643 2185
1916 2186
885 2187
193 2188
234 2189
525 2190
851 2191
1716 2192
1092 2193
960 2194
1765 2195
1569 2196
192 2197
572 2198
203 2199
1432 2200
1661 2201
1589 2202
174 2203
1309 2204
247 2205
820 2206
1329 2207
478 2208
161 2209
1050 2210
742 2211
1007 2212
101 2213
437 2214
13 2215
225 2216
372 2217
65 2218
754 2219
1636 2220
2131 2221
1099 2222
634 2223
1010 2224
1367 2225
1773 2226
2043 2227
1697 2228
1178 2229
894 2230
3 2231
882 2232
1227 2233
1076 2234
666 2235
518 2236
243 2237
1697 2238
911 2239
441 2240
1986 2241
1936 2242
1668 2243
702 2244
802 2245
119 2246
55 2247
58 2248
1314 2249
2103 2250
943 2251
1385 2252
569 2253
1067 2254
1378 2255
1053 2256
2160 2257
1907 2258
1038 2259
248 2260
1619 2261
1182 2262
20 2263
92 2264
1782 2265
654 2266
1042 2267
1796 2268
1007 2269
1265 2270
1438 2271
1830 2272
564 2273
1553 2274
1005 2275
35 2276
185 2277
1724 2278
2207 2279
727 2280
1241 2281
1311 2282
983 2283
822 2284
1441 2285
2100 2286
306 2287
1646 2288
1036 2289
499 2290
509 2291
1402 2292
1321 2293
255 2294
70 2295
789 2296
1203 2297
258 2298
189 2299
1947 2300
1067 2301
1035 2302
424 2303
2253 2304
1206 2305
1038 2306
2260 2307
916 2308
588 2309
981 2310
818 2311
1824 2312
1986 2313
329 2314
2203 2315
1304 2316
2254 2317
750 2318
1841 2319
1693 2320
2276 2321
2117 2322
286 2323
226 2324
1306 2325
2063 2326
2255 2327
1799 2328
223 2329
721 2330
1112 2331
1819 2332
1853 2333
2008 2334
2086 2335
1718 2336
1879 2337
1417 2338
307 2339
1683 2340
486 2341
1055 2342
89 2343
1884 2344
965 2345
1096 2346
2111 2347
2191 2348
492 2349
596 2350
1537 2351
1617 2352
418 2353
1817 2354
1336 2355
1426 2356
2055 2357
277 2358
2011 2359
2032 2360
2157 2361
54 2362
1568 2363
1587 2364
2216 2365
956 2366
1852 2367
488 2368
32 2369
1691 2370
1333 2371
560 2372
275 2373
1762 2374
1724 2375
2188 2376
2090 2377
819 2378
1813 2379
2159 2380
194 2381
1408 2382
760 2383
68 2384
1183 2385
488 2386
88 2387
2240 2388
1572 2389
1204 2390
1571 2391
961 2392
1362 2393
261 2394
1360 2395
1640 2396
382 2397
1778 2398
898 2399
173 2400
71 2401
1997 2402
1010 2403
1729 2404
466 2405
1194 2406
2266 2407
1784 2408
1770 2409
2270 2410
1024 2411
759 2412
200 2413
2059 2414
2025 2415
2044 2416
116 2417
419 2418
1850 2419
1169 2420
2303 2421
1772 2422
1539 2423
2170 2424
1442 2425
616 2426
1097 2427
742 2428
74 2429
612 2430
1839 2431
2123 2432
1057 2433
183 2434
1902 2435
2024 2436
431 2437
406 2438
1182 2439
840 2440
1753 2441
158 2442
1231 2443
1349 2444
1301 2445
14 2446
948 2447
2306 2448
1833 2449
195 2450
2431 2451
1437 2452
1455 2453
2187 2454
1003 2455
19 2456
1645 2457
412 2458
1814 2459
1813 2460
988 2461
640 2462
773 2463
939 2464
1532 2465
2456 2466
916 2467
2459 2468
740 2469
1424 2470
1027 2471
1356 2472
1600 2473
674 2474
1011 2475
2007 2476
1565 2477
781 2478
365 2479
286 2480
600 2481
257 2482
1319 2483
1467 2484
1741 2485
2110 2486
2083 2487
2116 2488
893 2489
1796 2490
1734 2491
468 2492
610 2493
876 2494
1620 2495
1204 2496
1043 2497
1986 2498
167 2499
2224 2500
2487 2501
2076 2502
1923 2503
1827 2504
2150 2505
1012 2506
1725 2507
1058 2508
970 2509
857 2510
198 2511
872 2512
579 2513
1831 2514
1992 2515
201 2516
1106 2517
2286 2518
1919 2519
260 2520
1530 2521
310 2522
209 2523
573 2524
1011 2525
1135 2526
1497 2527
112 2528
2434 2529
242 2530
2321 2531
520 2532
2464 2533
1996 2534
651 2535
1383 2536
1568 2537
1368 2538
1472 2539
650 2540
1150 2541
350 2542
2169 2543
7 2544
1529 2545
2455 2546
629 2547
917 2548
2306 2549
774 2550
625 2551
604 2552
1205 2553
1025 2554
1816 2555
1122 2556
2102 2557
1611 2558
593 2559
485 2560
1332 2561
855 2562
1785 2563
1434 2564
858 2565
1773 2566
1264 2567
1646 2568
1284 2569
1885 2570
1325 2571
335 2572
2486 2573
529 2574
23 2575
1684 2576
787 2577
174 2578
1590 2579
2072 2580
2128 2581
689 2582
462 2583
1900 2584
1325 2585
2356 2586
2335 2587
1812 2588
2376 2589
1986 2590
1541 2591
2525 2592
1391 2593
1475 2594
1009 2595
1580 2596
1317 2597
609 2598
1806 2599
2361 2600
1370 2601
2494 2602
826 2603
412 2604
2324 2605
2365 2606
2034 2607
231 2608
1780 2609
1241 2610
1532 2611
466 2612
486 2613
1629 2614
2375 2615
1972 2616
1799 2617
835 2618
1430 2619
1787 2620
1658 2621
1735 2622
388 2623
2462 2624
1346 2625
1007 2626
825 2627
432 2628
2487 2629
2611 2630
550 2631
1727 2632
2576 2633
252 2634
1195 2635
1910 2636
2180 2637
864 2638
195 2639
1064 2640
682 2641
2382 2642
1081 2643
2547 2644
2194 2645
854 2646
257 2647
1484 2648
2436 2649
2433 2650
1144 2651
479 2652
99 2653
507 2654
481 2655
336 2656
2244 2657
794 2658
2541 2659
1819 2660
1087 2661
2254 2662
453 2663
1826 2664
1266 2665
1594 2666
1421 2667
1461 2668
936 2669
927 2670
677 2671
127 2672
1150 2673
2131 2674
865 2675
2414 2676
1759 2677
1987 2678
2545 2679
19 2680
1219 2681
1347 2682
2103 2683
1135 2684
370 2685
2352 2686
927 2687
925 2688
1517 2689
268 2690
255 2691
1097 2692
248 2693
205 2694
1765 2695
2248 2696
631 2697
716 2698
1404 2699
2537 2700
2097 2701
1935 2702
2186 2703
1748 2704
162 2705
2703 2706
2624 2707
205 2708
2070 2709
2483 2710
482 2711
210 2712
741 2713
509 2714
1980 2715
740 2716
2085 2717
1289 2718
66 2719
1836 2720
611 2721
1160 2722
657 2723
526 2724
179 2725
2618 2726
75 2727
1698 2728
2463 2729
734 2730
1166 2731
814 2732
254 2733
326 2734
2344 2735
2318 2736
411 2737
2132 2738
2586 2739
206 2740
1297 2741
1698 2742
400 2743
1929 2744
2087 2745
2546 2746
93 2747
2623 2748
1711 2749
348 2750
93 2751
1892 2752
1616 2753
1809 2754
1896 2755
1485 2756
2371 2757
2315 2758
380 2759
1632 2760
1833 2761
943 2762
1357 2763
1039 2764
1060 2765
235 2766
2150 2767
1478 2768
1049 2769
770 2770
1364 2771
730 2772
1289 2773
1729 2774
1837 2775
1520 2776
1748 2777
2211 2778
2106 2779
857 2780
207 2781
1866 2782
1134 2783
750 2784
908 2785
1917 2786
1076 2787
2328 2788
1927 2789
460 2790
579 2791
1306 2792
1771 2793
2116 2794
897 2795
2674 2796
287 2797
645 2798
1416 2799
612 2800
2623 2801
1717 2802
1240 2803
40 2804
2740 2805
1327 2806
2189 2807
1727 2808
1534 2809
1934 2810
182 2811
113 2812
662 2813
114 2814
1414 2815
626 2816
1625 2817
173 2818
1769 2819
605 2820
1592 2821
1089 2822
1486 2823
2304 2824
1790 2825
85 2826
1316 2827
209 2828
900 2829
1600 2830
2329 2831
1776 2832
2210 2833
78 2834
805 2835
1402 2836
299 2837
1600 2838
211 2839
549 2840
2462 2841
1301 2842
378 2843
2710 2844
1319 2845
2372 2846
1726 2847
2392 2848
2563 2849
1077 2850
2466 2851
1801 2852
2403 2853
552 2854
1674 2855
2409 2856
1310 2857
633 2858
1441 2859
1713 2860
372 2861
920 2862
1446 2863
370 2864
2245 2865
2046 2866
1923 2867
2294 2868
796 2869
2513 2870
1518 2871
628 2872
2697 2873
123 2874
551 2875
1603 2876
505 2877
949 2878
2774 2879
1159 2880
2763 2881
1220 2882
2495 2883
264 2884
1599 2885
52 2886
418 2887
1758 2888
1491 2889
1005 2890
1726 2891
1582 2892
1015 2893
844 2894
158 2895
1025 2896
802 2897
436 2898
63 2899
1402 2900
1850 2901
2384 2902
1836 2903
1626 2904
808 2905
581 2906
262 2907
1889 2908
1195 2909
132 2910
1849 2911
2856 2912
2746 2913
869 2914
1806 2915
2533 2916
2301 2917
1096 2918
1413 2919
191 2920
1985 2921
2865 2922
2632 2923
695 2924
1550 2925
2497 2926
229 2927
310 2928
2582 2929
962 2930
2496 2931
2324 2932
1210 2933
1224 2934
2739 2935
1912 2936
628 2937
2860 2938
1118 2939
1400 2940
1308 2941
2098 2942
2316 2943
612 2944
2527 2945
1902 2946
959 2947
2430 2948
1347 2949
1671 2950
263 2951
1516 2952
158 2953
2406 2954
2843 2955
238 2956
214 2957
2358 2958
2042 2959
1513 2960
916 2961
262 2962
2065 2963
1969 2964
2531 2965
1406 2966
2748 2967
2254 2968
1718 2969
2141 2970
2368 2971
868 2972
170 2973
1315 2974
930 2975
2400 2976
2434 2977
479 2978
2665 2979
2961 2980
945 2981
887 2982
1275 2983
1685 2984
2401 2985
1631 2986
198 2987
2137 2988
829 2989
2295 2990
184 2991
1458 2992
1940 2993
967 2994
1026 2995
2924 2996
2268 2997
818 2998
2892 2999
1595 3000
2223 3001
2326 3002
1337 3003
665 3004
1521 3005
305 3006
2541 3007
327 3008
2479 3009
2551 3010
1128 3011
1047 3012
2720 3013
2802 3014
2513 3015
2921 3016
2447 3017
80 3018
1057 3019
2405 3020
1301 3021
1123 3022
613 3023
1961 3024
2351 3025
1758 3026
949 3027
99 3028
761 3029
823 3030
1554 3031
953 3032
189 3033
1879 3034
965 3035
1822 3036
889 3037
2551 3038
2770 3039
320 3040
1112 3041
1444 3042
1702 3043
612 3044
14 3045
2695 3046
2590 3047
10 3048
2541 3049
2280 3050
691 3051
1070 3052
1040 3053
199 3054
1017 3055
1509 3056
237 3057
1655 3058
2163 3059
588 3060
2443 3061
2812 3062
137 3063
1350 3064
2333 3065
1717 3066
1403 3067
156 3068
1662 3069
2172 3070
823 3071
1394 3072
1055 3073
1060 3074
2702 3075
2992 3076
1736 3077
1043 3078
405 3079
2142 3080
1609 3081
953 3082
296 3083
2319 3084
2894 3085
695 3086
1543 3087
320 3088
452 3089
1283 3090
634 3091
2584 3092
2879 3093
1893 3094
615 3095
531 3096
2436 3097
1059 3098
2976 3099
1611 3100
1158 3101
2624 3102
2276 3103
2982 3104
1718 3105
1177 3106
208 3107
1878 3108
2154 3109
351 3110
578 3111
1406 3112
927 3113
1178 3114
1787 3115
1582 3116
280 3117
1092 3118
880 3119
3088 3120
2084 3121
2627 3122
1844 3123
1687 3124
715 3125
2227 3126
1926 3127
3080 3128
1700 3129
1129 3130
1967 3131
2827 3132
1268 3133
3098 3134
101 3135
1188 3136
1971 3137
2244 3138
1325 3139
547 3140
1028 3141
1652 3142
2523 3143
2321 3144
2014 3145
2418 3146
2162 3147
2813 3148
2202 3149
2216 3150
1017 3151
734 3152
2797 3153
199 3154
2991 3155
785 3156
2844 3157
1867 3158
2491 3159
1788 3160
463 3161
338 3162
1661 3163
1068 3164
1996 3165
873 3166
958 3167
692 3168
1947 3169
1715 3170
3141 3171
656 3172
2476 3173
122 3174
2427 3175
2577 3176
2065 3177
1179 3178
1243 3179
21 3180
3135 3181
1170 3182
1125 3183
2913 3184
1754 3185
980 3186
2493 3187
929 3188
2776 3189
2179 3190
1210 3191
2649 3192
101 3193
437 3194
990 3195
445 3196
1303 3197
1051 3198
3072 3199
3102 3200
2169 3201
2905 3202
2364 3203
1698 3204
3176 3205
2929 3206
2227 3207
100 3208
1787 3209
2374 3210
3042 3211
2806 3212
479 3213
2085 3214
1526 3215
3107 3216
2081 3217
1897 3218
1195 3219
1164 3220
1489 3221
2258 3222
2490 3223
2429 3224
2885 3225
1200 3226
1140 3227
292 3228
1880 3229
2049 3230
1537 3231
1481 3232
1555 3233
111 3234
2054 3235
2976 3236
1995 3237
1704 3238
2222 3239
2571 3240
592 3241
1315 3242
492 3243
28 3244
1676 3245
2449 3246
609 3247
1690 3248
1981 3249
2392 3250
2481 3251
2203 3252
1480 3253
130 3254
2095 3255
2561 3256
3006 3257
2743 3258
2954 3259
2887 3260
2712 3261
1664 3262
131 3263
1055 3264
2986 3265
3206 3266
471 3267
201 3268
1583 3269
2500 3270
751 3271
3030 3272
429 3273
563 3274
1655 3275
1922 3276
1745 3277
2722 3278
999 3279
1311 3280
2056 3281
318 3282
66 3283
2392 3284
2124 3285
992 3286
2380 3287
1453 3288
2978 3289
1657 3290
2786 3291
2691 3292
1797 3293
2698 3294
3093 3295
3270 3296
3179 3297
2692 3298
1360 3299
2148 3300
2170 3301
3123 3302
1045 3303
2589 3304
2488 3305
119 3306
2559 3307
717 3308
1496 3309
37 3310
3122 3311
346 3312
2276 3313
2195 3314
1157 3315
1935 3316
1106 3317
687 3318
1426 3319
3144 3320
2201 3321
379 3322
658 3323
2835 3324
1186 3325
835 3326
2156 3327
3303 3328
384 3329
2467 3330
1780 3331
218 3332
2443 3333
1106 3334
2669 3335
1416 3336
1702 3337
2787 3338
2171 3339
1005 3340
701 3341
1565 3342
122 3343
2867 3344
2527 3345
1884 3346
2384 3347
3182 3348
650 3349
1269 3350
2561 3351
3148 3352
1110 3353
2652 3354
1681 3355
2613 3356
445 3357
1988 3358
1608 3359
617 3360
302 3361
2593 3362
590 3363
739 3364
994 3365
386 3366
671 3367
1318 3368
1431 3369
1954 3370
2410 3371
1794 3372
2759 3373
2513 3374
2604 3375
994 3376
1438 3377
412 3378
221 3379
2543 3380
3326 3381
2389 3382
1003 3383
647 3384
936 3385
539 3386
358 3387
475 3388
193 3389
1192 3390
1271 3391
2806 3392
968 3393
1472 3394
882 3395
1659 3396
1315 3397
2077 3398
608 3399
2552 3400
489 3401
531 3402
1580 3403
520 3404
1878 3405
2508 3406
141 3407
2094 3408
429 3409
1457 3410
1182 3411
952 3412
650 3413
1519 3414
760 3415
226 3416
2491 3417
2504 3418
2543 3419
994 3420
1944 3421
332 3422
2569 3423
1300 3424
958 3425
2778 3426
791 3427
1074 3428
313 3429
1175 3430
1852 3431
1622 3432
3309 3433
204 3434
3228 3435
1999 3436
3219 3437
638 3438
2844 3439
3344 3440
1202 3441
448 3442
2071 3443
1039 3444
1680 3445
2668 3446
3132 3447
373 3448
1523 3449
1819 3450
162 3451
2530 3452
2965 3453
855 3454
3189 3455
844 3456
3253 3457
1889 3458
1025 3459
2359 3460
2294 3461
1857 3462
3064 3463
640 3464
3279 3465
3198 3466
1656 3467
2774 3468
1011 3469
2933 3470
1789 3471
561 3472
3241 3473
75 3474
3038 3475
3060 3476
3472 3477
1949 3478
1213 3479
1984 3480
3163 3481
2615 3482
950 3483
2803 3484
362 3485
3273 3486
2417 3487
70 3488
540 3489
1153 3490
1847 3491
139 3492
3200 3493
3392 3494
1115 3495
1262 3496
1124 3497
2164 3498
1191 3499
2566 3500
3039 3501
234 3502
262 3503
3206 3504
706 3505
1879 3506
3311 3507
285 3508
2969 3509
2934 3510
205 3511
2339 3512
1209 3513
1377 3514
1989 3515
2601 3516
29 3517
3126 3518
153 3519
1834 3520
1231 3521
78 3522
3399 3523
738 3524
2624 3525
127 3526
3118 3527
3503 3528
493 3529
2812 3530
2921 3531
2979 3532
445 3533
488 3534
2580 3535
2586 3536
1246 3537
551 3538
600 3539
3117 3540
3375 3541
384 3542
1122 3543
1197 3544
2141 3545
2864 3546
865 3547
1707 3548
1573 3549
1129 3550
1565 3551
1184 3552
679 3553
1401 3554
2465 3555
3156 3556
2464 3557
3297 3558
1422 3559
197 3560
235 3561
221 3562
14 3563
1657 3564
1900 3565
1184 3566
2407 3567
900 3568
1709 3569
24 3570
1882 3571
647 3572
3537 3573
1552 3574
743 3575
2439 3576
590 3577
3494 3578
1809 3579
3510 3580
2130 3581
2015 3582
1057 3583
2767 3584
1419 3585
297 3586
779 3587
181 3588
1527 3589
1722 3590
1567 3591
3534 3592
2617 3593
3163 3594
2611 3595
488 3596
656 3597
2648 3598
549 3599
2795 3600
347 3601
2014 3602
1789 3603
3524 3604
3068 3605
984 3606
2740 3607
2921 3608
3454 3609
3495 3610
3028 3611
2846 3612
1055 3613
2182 3614
3119 3615
3232 3616
1264 3617
1299 3618
1634 3619
256 3620
682 3621
750 3622
868 3623
2067 3624
3086 3625
1343 3626
2551 3627
2607 3628
1348 3629
850 3630
1555 3631
3336 3632
42 3633
3131 3634
125 3635
1892 3636
2316 3637
1329 3638
249 3639
715 3640
2656 3641
3599 3642
1082 3643
2119 3644
497 3645
1911 3646
2769 3647
2683 3648
2300 3649
1249 3650
3096 3651
1927 3652
3139 3653
166 3654
1299 3655
675 3656
3643 3657
1506 3658
3114 3659
2444 3660
1627 3661
2178 3662
1384 3663
1203 3664
503 3665
3155 3666
2876 3667
2403 3668
3041 3669
2274 3670
1941 3671
2893 3672
2796 3673
1186 3674
2872 3675
3625 3676
2246 3677
2777 3678
558 3679
264 3680
1448 3681
2325 3682
2263 3683
2896 3684
1705 3685
3647 3686
108 3687
1424 3688
1144 3689
1550 3690
290 3691
1805 3692
766 3693
2404 3694
1879 3695
3188 3696
3691 3697
136 3698
1959 3699
1024 3700
842 3701
975 3702
129 3703
286 3704
783 3705
2606 3706
578 3707
1407 3708
2387 3709
2662 3710
2418 3711
623 3712
2445 3713
2306 3714
281 3715
96 3716
2049 3717
1137 3718
229 3719
976 3720
390 3721
1374 3722
1318 3723
2070 3724
2244 3725
2316 3726
3036 3727
3042 3728
135 3729
1898 3730
398 3731
3572 3732
2845 3733
1469 3734
720 3735
2799 3736
3683 3737
1458 3738
2047 3739
3655 3740
1133 3741
787 3742
2618 3743
1015 3744
1459 3745
893 3746
1860 3747
2399 3748
1981 3749
87 3750
1982 3751
1372 3752
2966 3753
436 3754
3157 3755
1497 3756
1105 3757
2655 3758
3213 3759
3575 3760
1862 3761
3690 3762
1828 3763
2540 3764
1976 3765
1902 3766
3402 3767
3472 3768
3457 3769
2697 3770
2738 3771
1311 3772
1585 3773
3505 3774
3509 3775
1129 3776
2192 3777
3627 3778
1877 3779
1924 3780
683 3781
726 3782
1053 3783
1172 3784
997 3785
1301 3786
1183 3787
349 3788
2320 3789
1538 3790
1182 3791
361 3792
762 3793
1271 3794
1842 3795
1805 3796
1950 3797
629 3798
31 3799
337 3800
689 3801
1990 3802
3734 3803
1364 3804
1426 3805
3526 3806
3399 3807
2733 3808
413 3809
1666 3810
3400 3811
133 3812
1585 3813
2738 3814
604 3815
0 3816
277 3817
2152 3818
2891 3819
1881 3820
2128 3821
278 3822
919 3823
1713 3824
3068 3825
120 3826
3533 3827
2502 3828
519 3829
463 3830
522 3831
1970 3832
2073 3833
2489 3834
443 3835
141 3836
1099 3837
357 3838
1116 3839
43 3840
2361 3841
730 3842
3839 3843
2364 3844
2390 3845
3458 3846
3286 3847
1040 3848
3276 3849
2684 3850
1294 3851
3326 3852
121 3853
2249 3854
2118 3855
326 3856
1692 3857
3553 3858
802 3859
2766 3860
2617 3861
1274 3862
1807 3863
1891 3864
565 3865
165 3866
1451 3867
224 3868
2585 3869
1654 3870
194 3871
1323 3872
1811 3873
3523 3874
3072 3875
1642 3876
1367 3877
2299 3878
3467 3879
3251 3880
2177 3881
1269 3882
1776 3883
884 3884
668 3885
2302 3886
3475 3887
1890 3888
1091 3889
88 3890
1762 3891
1472 3892
1021 3893
1604 3894
2973 3895
1995 3896
3841 3897
1116 3898
1146 3899
863 3900
3157 3901
2974 3902
177 3903
3317 3904
785 3905
1615 3906
2478 3907
1538 3908
2976 3909
1551 3910
1738 3911
3586 3912
2738 3913
2151 3914
2306 3915
511 3916
3370 3917
3327 3918
3648 3919
1019 3920
661 3921
3080 3922
1542 3923
533 3924
1730 3925
2520 3926
2096 3927
2171 3928
2603 3929
92 3930
3013 3931
3340 3932
1671 3933
1704 3934
3932 3935
944 3936
1308 3937
514 3938
2766 3939
1182 3940
2248 3941
1083 3942
2567 3943
2133 3944
1134 3945
3281 3946
1730 3947
3226 3948
3534 3949
2555 3950
1746 3951
2315 3952
621 3953
3258 3954
3632 3955
1261 3956
1066 3957
1296 3958
1154 3959
219 3960
862 3961
3821 3962
900 3963
4 3964
2558 3965
2638 3966
235 3967
2565 3968
142 3969
2617 3970
1626 3971
3785 3972
3907 3973
3404 3974
3108 3975
380 3976
43 3977
2534 3978
1648 3979
1539 3980
609 3981
2649 3982
2622 3983
88 3984
2705 3985
485 3986
111 3987
3524 3988
848 3989
922 3990
9 3991
1667 3992
2600 3993
3066 3994
1939 3995
974 3996
30 3997
523 3998
3850 3999
700 4000
2753 4001
2837 4002
1440 4003
2410 4004
3568 4005
270 4006
3020 4007
1055 4008
841 4009
3203 4010
2116 4011
2952 4012
1664 4013
2053 4014
3373 4015
1163 4016
603 4017
3261 4018
3639 4019
3486 4020
411 4021
3844 4022
533 4023
1074 4024
338 4025
277 4026
1004 4027
2289 4028
1540 4029
1477 4030
407 4031
733 4032
3065 4033
1315 4034
65 4035
3622 4036
2121 4037
2385 4038
3740 4039
3925 4040
3803 4041
1124 4042
749 4043
846 4044
3576 4045
1876 4046
1659 4047
3339 4048
2375 4049
3659 4050
4017 4051
666 4052
499 4053
1767 4054
4024 4055
450 4056
4003 4057
1596 4058
3010 4059
1764 4060
3612 4061
1749 4062
2937 4063
1615 4064
3259 4065
3517 4066
4 4067
1469 4068
3967 4069
3262 4070
221 4071
1216 4072
6 4073
1628 4074
3915 4075
1409 4076
3045 4077
2764 4078
1253 4079
3922 4080
3882 4081
1600 4082
311 4083
2366 4084
3439 4085
748 4086
1329 4087
2513 4088
4075 4089
2834 4090
424 4091
917 4092
927 4093
3758 4094
802 4095
3580 4096
2445 4097
656 4098
692 4099
1158 4100
3250 4101
3742 4102
3742 4103
2838 4104
706 4105
2874 4106
55 4107
3960 4108
2849 4109
1396 4110
113 4111
1734 4112
4037 4113
2862 4114
371 4115
888 4116
3187 4117
1347 4118
877 4119
3384 4120
271 4121
666 4122
3459 4123
1442 4124
4104 4125
2679 4126
178 4127
234 4128
508 4129
681 4130
2506 4131
1887 4132
3454 4133
2396 4134
2470 4135
3144 4136
1866 4137
3728 4138
515 4139
185 4140
2242 4141
3643 4142
898 4143
592 4144
3340 4145
1768 4146
1136 4147
2001 4148
3751 4149
64 4150
3653 4151
4111 4152
1593 4153
574 4154
2892 4155
1859 4156
846 4157
2782 4158
466 4159
2018 4160
2636 4161
202 4162
2714 4163
3822 4164
156 4165
2972 4166
2139 4167
1477 4168
955 4169
680 4170
317 4171
4102 4172
1629 4173
71 4174
3698 4175
1592 4176
3905 4177
1152 4178
307 4179
3716 4180
1503 4181
3447 4182
3367 4183
2429 4184
1757 4185
1783 4186
3239 4187
2214 4188
848 4189
775 4190
1521 4191
3660 4192
3115 4193
1457 4194
3721 4195
3108 4196
3779 4197
1777 4198
1908 4199
2879 4200
498 4201
2301 4202
144 4203
724 4204
3438 4205
2515 4206
4074 4207
2790 4208
3551 4209
2672 4210
1070 4211
2167 4212
2307 4213
2745 4214
2374 4215
2156 4216
3835 4217
3246 4218
1669 4219
2858 4220
549 4221
128 4222
117 4223
2319 4224
3764 4225
2421 4226
636 4227
2913 4228
2419 4229
1060 4230
3580 4231
644 4232
3370 4233
3842 4234
2748 4235
2243 4236
417 4237
2656 4238
977 4239
1969 4240
2487 4241
3003 4242
1850 4243
112 4244
699 4245
592 4246
2491 4247
3538 4248
4167 4249
1285 4250
3691 4251
1862 4252
389 4253
3363 4254
537 4255
2101 4256
1755 4257
83 4258
1264 4259
1517 4260
1889 4261
2377 4262
1235 4263
2677 4264
2064 4265
3047 4266
633 4267
955 4268
1120 4269
1180 4270
1698 4271
3699 4272
844 4273
3599 4274
1064 4275
1312 4276
792 4277
3532 4278
2385 4279
1656 4280
1080 4281
2869 4282
1307 4283
675 4284
3630 4285
3122 4286
3511 4287
2436 4288
3211 4289
311 4290
265 4291
2080 4292
3964 4293
347 4294
2564 4295
914 4296
1087 4297
1391 4298
3455 4299
2059 4300
221 4301
1408 4302
3745 4303
1346 4304
103 4305
414 4306
1299 4307
2399 4308
3672 4309
220 4310
1580 4311
2086 4312
4004 4313
1672 4314
1006 4315
609 4316
4246 4317
662 4318
2095 4319
2917 4320
2 4321
1638 4322
74 4323
3957 4324
3490 4325
1080 4326
4244 4327
859 4328
3796 4329
2407 4330
2941 4331
1681 4332
2288 4333
1367 4334
2487 4335
2951 4336
1804 4337
3486 4338
2892 4339
4129 4340
933 4341
3361 4342
3905 4343
3820 4344
4080 4345
1571 4346
2507 4347
2004 4348
629 4349
710 4350
1895 4351
3904 4352
3978 4353
2153 4354
2340 4355
1653 4356
197 4357
2313 4358
902 4359
3920 4360
1199 4361
2002 4362
2692 4363
3051 4364
4141 4365
57 4366
124 4367
714 4368
351 4369
4148 4370
3948 4371
3426 4372
1593 4373
3765 4374
2932 4375
1977 4376
3416 4377
2365 4378
1991 4379
2311 4380
3646 4381
4217 4382
2628 4383
4061 4384
1061 4385
4088 4386
786 4387
920 4388
462 4389
3098 4390
136 4391
1448 4392
1582 4393
1382 4394
898 4395
1630 4396
2471 4397
1612 4398
2523 4399
3746 4400
1902 4401
1987 4402
2653 4403
3169 4404
3222 4405
1748 4406
735 4407
46 4408
2795 4409
1658 4410
3072 4411
827 4412
232 4413
3129 4414
4345 4415
323 4416
1518 4417
608 4418
4213 4419
3266 4420
3728 4421
3176 4422
1362 4423
3956 4424
2170 4425
1621 4426
262 4427
3089 4428
1832 4429
2903 4430
1596 4431
1817 4432
1237 4433
3402 4434
1316 4435
3571 4436
4405 4437
1473 4438
366 4439
2363 4440
2515 4441
4375 4442
4119 4443
2493 4444
1707 4445
3976 4446
967 4447
3868 4448
160 4449
62 4450
3353 4451
1874 4452
1045 4453
94 4454
3910 4455
188 4456
2654 4457
4240 4458
142 4459
1158 4460
3884 4461
4221 4462
4461 4463
3349 4464
3769 4465
3757 4466
2994 4467
1928 4468
4150 4469
3412 4470
2538 4471
4320 4472
3311 4473
4257 4474
1757 4475
4475 4476
1931 4477
11 4478
2422 4479
2446 4480
1790 4481
1362 4482
1349 4483
810 4484
288 4485
1824 4486
1995 4487
2208 4488
892 4489
414 4490
1195 4491
3979 4492
3512 4493
3043 4494
1603 4495
1727 4496
3534 4497
4410 4498
3861 4499
3468 4500
2184 4501
1431 4502
278 4503
1301 4504
2800 4505
628 4506
4030 4507
3825 4508
2146 4509
1889 4510
913 4511
2338 4512
1754 4513
2553 4514
3075 4515
4008 4516
1957 4517
859 4518
1335 4519
976 4520
103 4521
1762 4522
71 4523
4478 4524
2211 4525
4166 4526
4319 4527
3999 4528
406 4529
906 4530
2241 4531
2419 4532
664 4533
1728 4534
877 4535
2674 4536
621 4537
954 4538
842 4539
4405 4540
4163 4541
941 4542
798 4543
1568 4544
1403 4545
584 4546
1819 4547
4181 4548
718 4549
1570 4550
738 4551
2707 4552
3271 4553
1052 4554
1567 4555
509 4556
448 4557
4374 4558
341 4559
2989 4560
4536 4561
242 4562
583 4563
3412 4564
2976 4565
162 4566
4013 4567
206 4568
2070 4569
1793 4570
2102 4571
3529 4572
1688 4573
1305 4574
2309 4575
3887 4576
1190 4577
1677 4578
2732 4579
3237 4580
1531 4581
3408 4582
2745 4583
3795 4584
1037 4585
3313 4586
4230 4587
2512 4588
570 4589
181 4590
2146 4591
736 4592
2148 4593
3614 4594
522 4595
2709 4596
1225 4597
3794 4598
3440 4599
4050 4600
2066 4601
2789 4602
1857 4603
1587 4604
2195 4605
2743 4606
555 4607
1784 4608
4130 4609
2628 4610
2922 4611
4388 4612
755 4613
2027 4614
4474 4615
1134 4616
2029 4617
1188 4618
3415 4619
425 4620
1372 4621
1546 4622
3714 4623
2129 4624
4185 4625
2657 4626
4592 4627
2084 4628
1680 4629
1468 4630
1521 4631
3750 4632
353 4633
858 4634
1467 4635
729 4636
2067 4637
4385 4638
960 4639
4004 4640
2521 4641
4444 4642
2661 4643
1525 4644
2894 4645
433 4646
2197 4647
1261 4648
3166 4649
1619 4650
540 4651
575 4652
4561 4653
306 4654
581 4655
840 4656
2637 4657
1770 4658
1650 4659
3646 4660
3485 4661
1508 4662
1277 4663
3930 4664
4657 4665
2924 4666
4305 4667
3524 4668
3887 4669
1057 4670
2662 4671
729 4672
1523 4673
704 4674
3250 4675
1626 4676
4505 4677
2299 4678
348 4679
1783 4680
312 4681
1322 4682
4659 4683
3201 4684
4106 4685
3621 4686
1496 4687
1741 4688
2087 4689
417 4690
1594 4691
110 4692
1135 4693
3678 4694
442 4695
222 4696
3977 4697
501 4698
1352 4699
2167 4700
2363 4701
3215 4702
773 4703
1376 4704
345 4705
1911 4706
4544 4707
333 4708
3296 4709
4336 4710
3924 4711
1230 4712
2438 4713
590 4714
3770 4715
1740 4716
4430 4717
2192 4718
1720 4719
184 4720
942 4721
2217 4722
2720 4723
4590 4724
4524 4725
677 4726
1563 4727
2561 4728
3902 4729
3063 4730
4730 4731
1024 4732
2545 4733
4451 4734
4481 4735
1152 4736
1259 4737
3778 4738
3562 4739
1215 4740
2870 4741
4500 4742
3499 4743
2752 4744
2773 4745
4302 4746
1385 4747
1508 4748
1587 4749
1908 4750
591 4751
1281 4752
1263 4753
4703 4754
649 4755
968 4756
1318 4757
1013 4758
2349 4759
3260 4760
3929 4761
680 4762
1155 4763
2013 4764
1029 4765
213 4766
3150 4767
1507 4768
922 4769
1699 4770
4128 4771
331 4772
2692 4773
2982 4774
3931 4775
878 4776
2688 4777
1817 4778
90 4779
2336 4780
1514 4781
871 4782
2085 4783
1247 4784
3163 4785
849 4786
2824 4787
2881 4788
3654 4789
48 4790
397 4791
4007 4792
3355 4793
1910 4794
2473 4795
1427 4796
3705 4797
515 4798
846 4799
3439 4800
19 4801
4352 4802
2727 4803
2007 4804
3352 4805
235 4806
81 4807
72 4808
2876 4809
1265 4810
1902 4811
290 4812
3131 4813
3867 4814
387 4815
1547 4816
2034 4817
293 4818
395 4819
465 4820
587 4821
4373 4822
1659 4823
2194 4824
3678 4825
3995 4826
3960 4827
1674 4828
1161 4829
4482 4830
2210 4831
3309 4832
657 4833
832 4834
3054 4835
2865 4836
1753 4837
4105 4838
1455 4839
366 4840
1594 4841
4366 4842
4648 4843
32 4844
525 4845
3303 4846
3490 4847
4045 4848
4630 4849
4130 4850
4328 4851
3308 4852
967 4853
4281 4854
4762 4855
205 4856
4710 4857
4364 4858
3317 4859
238 4860
2594 4861
1927 4862
4733 4863
3365 4864
353 4865
1854 4866
1889 4867
4718 4868
2008 4869
4075 4870
1607 4871
1912 4872
1808 4873
3840 4874
1580 4875
1715 4876
2799 4877
1897 4878
1971 4879
2477 4880
1578 4881
3252 4882
947 4883
1654 4884
2741 4885
4310 4886
4864 4887
528 4888
1623 4889
4364 4890
984 4891
850 4892
1809 4893
1377 4894
3520 4895
1567 4896
4749 4897
946 4898
2276 4899
1358 4900
2298 4901
3712 4902
483 4903
4821 4904
3343 4905
1323 4906
4134 4907
2547 4908
1782 4909
3819 4910
3123 4911
2803 4912
100 4913
487 4914
2688 4915
1074 4916
1205 4917
2026 4918
1622 4919
2346 4920
1038 4921
778 4922
2001 4923
2220 4924
3850 4925
2968 4926
2067 4927
1122 4928
2647 4929
4231 4930
4762 4931
1137 4932
2694 4933
4672 4934
2951 4935
2702 4936
1563 4937
477 4938
720 4939
4852 4940
336 4941
3683 4942
1766 4943
3926 4944
1296 4945
1447 4946
1715 4947
841 4948
1847 4949
1952 4950
3096 4951
444 4952
689 4953
2304 4954
2095 4955
1526 4956
2351 4957
2573 4958
3168 4959
2519 4960
3536 4961
4494 4962
2602 4963
3823 4964
4292 4965
1544 4966
1737 4967
1227 4968
4653 4969
4618 4970
4840 4971
3666 4972
2733 4973
1030 4974
391 4975
303 4976
690 4977
2601 4978
595 4979
3359 4980
1307 4981
939 4982
1342 4983
4822 4984
4260 4985
652 4986
3286 4987
4429 4988
312 4989
654 4990
3604 4991
615 4992
3325 4993
203 4994
1732 4995
3427 4996
1430 4997
2799 4998
2340 4999
676 5000
695 5001
4596 5002
1804 5003
1624 5004
107 5005
4512 5006
307 5007
1654 5008
3440 5009
3735 5010
378 5011
3648 5012
2812 5013
3406 5014
222 5015
3560 5016
1913 5017
4107 5018
551 5019
1989 5020
1688 5021
4299 5022
3472 5023
2935 5024
2150 5025
301 5026
1304 5027
3623 5028
326 5029
4947 5030
377 5031
2985 5032
446 5033
2875 5034
3162 5035
1947 5036
501 5037
3932 5038
3797 5039
3043 5040
4724 5041
1936 5042
3267 5043
2224 5044
4251 5045
4562 5046
1237 5047
3937 5048
1503 5049
990 5050
4496 5051
3929 5052
842 5053
426 5054
254 5055
3250 5056
4809 5057
523 5058
3576 5059
4017 5060
5052 5061
3196 5062
2358 5063
3769 5064
3577 5065
2596 5066
769 5067
431 5068
1408 5069
451 5070
2966 5071
1790 5072
928 5073
2485 5074
3987 5075
734 5076
1287 5077
2007 5078
4264 5079
1219 5080
358 5081
1709 5082
3182 5083
1191 5084
303 5085
1574 5086
3234 5087
415 5088
832 5089
2989 5090
3258 5091
2989 5092
3213 5093
4965 5094
4210 5095
3326 5096
2281 5097
2386 5098
1956 5099
3784 5100
3634 5101
4626 5102
1519 5103
3086 5104
5077 5105
3829 5106
2606 5107
1843 5108
3965 5109
3109 5110
3564 5111
3532 5112
3300 5113
3277 5114
484 5115
3505 5116
1816 5117
4633 5118
2889 5119
453 5120
4420 5121
2643 5122
809 5123
3209 5124
1220 5125
1617 5126
1041 5127
4454 5128
1394 5129
1038 5130
3964 5131
4266 5132
1267 5133
4535 5134
1714 5135
4093 5136
5040 5137
520 5138
4249 5139
3116 5140
2003 5141
1881 5142
65 5143
949 5144
4876 5145
4793 5146
4813 5147
4320 5148
2622 5149
2903 5150
1309 5151
2381 5152
1921 5153
232 5154
1796 5155
2728 5156
3172 5157
2827 5158
2847 5159
2562 5160
432 5161
4886 5162
158 5163
1932 5164
3138 5165
4144 5166
3028 5167
2289 5168
1566 5169
2302 5170
747 5171
682 5172
5156 5173
4528 5174
2318 5175
3422 5176
3599 5177
1421 5178
692 5179
1360 5180
220 5181
1391 5182
4613 5183
2399 5184
1000 5185
4755 5186
4234 5187
4653 5188
1574 5189
4289 5190
1575 5191
5113 5192
618 5193
360 5194
3205 5195
2279 5196
4219 5197
5103 5198
4392 5199
4163 5200
4483 5201
4022 5202
1534 5203
3888 5204
2532 5205
3901 5206
2325 5207
246 5208
4873 5209
386 5210
4221 5211
96 5212
5023 5213
3892 5214
4196 5215
99 5216
1109 5217
4297 5218
897 5219
4621 5220
653 5221
3339 5222
2883 5223
437 5224
2973 5225
283 5226
3036 5227
4255 5228
5124 5229
1142 5230
30 5231
442 5232
2513 5233
133 5234
34 5235
797 5236
1625 5237
1464 5238
2935 5239
1711 5240
195 5241
3595 5242
1633 5243
1850 5244
4692 5245
4502 5246
4133 5247
3265 5248
1717 5249
4825 5250
4723 5251
2120 5252
854 5253
4363 5254
1521 5255
3516 5256
2320 5257
1868 5258
4200 5259
420 5260
4322 5261
161 5262
756 5263
1504 5264
4057 5265
338 5266
3598 5267
3408 5268
3874 5269
3217 5270
476 5271
1495 5272
1576 5273
4916 5274
1248 5275
5200 5276
4594 5277
4290 5278
148 5279
4672 5280
1770 5281
2857 5282
1144 5283
5190 5284
4771 5285
3260 5286
2882 5287
1583 5288
3277 5289
4934 5290
3742 5291
2550 5292
2322 5293
560 5294
3149 5295
2123 5296
5151 5297
183 5298
2654 5299
1254 5300
499 5301
4546 5302
2996 5303
4079 5304
2987 5305
4524 5306
4471 5307
3307 5308
2431 5309
994 5310
429 5311
4010 5312
2410 5313
3935 5314
2707 5315
1870 5316
2628 5317
1517 5318
4384 5319
1854 5320
3163 5321
4587 5322
1849 5323
4261 5324
2755 5325
5127 5326
4104 5327
1604 5328
1151 5329
3325 5330
4402 5331
3699 5332
1871 5333
1693 5334
3372 5335
3655 5336
3436 5337
3620 5338
1191 5339
1559 5340
2070 5341
4339 5342
5256 5343
1573 5344
45 5345
4548 5346
3972 5347
3066 5348
3326 5349
1761 5350
1955 5351
57 5352
2841 5353
1241 5354
4411 5355
796 5356
3732 5357
730 5358
1267 5359
4099 5360
1305 5361
5283 5362
352 5363
2767 5364
2158 5365
4758 5366
21 5367
5295 5368
889 5369
2856 5370
5173 5371
4052 5372
2924 5373
1420 5374
2719 5375
986 5376
4043 5377
2409 5378
2211 5379
4928 5380
3687 5381
1053 5382
17 5383
88 5384
2031 5385
4568 5386
2565 5387
1296 5388
1423 5389
4314 5390
309 5391
4096 5392
3051 5393
3185 5394
655 5395
2097 5396
4523 5397
4445 5398
3366 5399
982 5400
154 5401
4268 5402
2648 5403
449 5404
4014 5405
1479 5406
4613 5407
1584 5408
768 5409
802 5410
4700 5411
181 5412
2997 5413
3931 5414
2164 5415
386 5416
2770 5417
2452 5418
4442 5419
725 5420
4745 5421
3264 5422
5044 5423
3763 5424
174 5425
1833 5426
3713 5427
4211 5428
3384 5429
3974 5430
5066 5431
1749 5432
52 5433
885 5434
4905 5435
3504 5436
3139 5437
971 5438
2683 5439
977 5440
3224 5441
766 5442
1031 5443
2205 5444
2246 5445
2083 5446
4185 5447
4512 5448
2453 5449
323 5450
2143 5451
347 5452
1954 5453
2595 5454
1774 5455
3427 5456
4020 5457
3648 5458
504 5459
883 5460
4979 5461
4137 5462
32 5463
3620 5464
1056 5465
5224 5466
14 5467
3511 5468
347 5469
4117 5470
4141 5471
2915 5472
3895 5473
460 5474
232 5475
2795 5476
1997 5477
357 5478
552 5479
4818 5480
4505 5481
467 5482
1385 5483
1353 5484
4030 5485
4979 5486
1892 5487
3658 5488
4614 5489
1981 5490
2037 5491
5138 5492
28 5493
2703 5494
3508 5495
1075 5496
4813 5497
4430 5498
1103 5499
991 5500
1498 5501
756 5502
3391 5503
4879 5504
1674 5505
5386 5506
4309 5507
3693 5508
4612 5509
5475 5510
207 5511
4368 5512
2856 5513
2518 5514
1031 5515
4297 5516
1136 5517
4326 5518
4606 5519
4846 5520
4582 5521
3725 5522
1121 5523
2284 5524
2114 5525
5311 5526
2046 5527
26 5528
2607 5529
4899 5530
3488 5531
1796 5532
2655 5533
5118 5534
4124 5535
4189 5536
2104 5537
1619 5538
2738 5539
1121 5540
2679 5541
4970 5542
4979 5543
498 5544
3406 5545
2532 5546
4391 5547
3461 5548
1004 5549
2171 5550
1972 5551
823 5552
1506 5553
1744 5554
546 5555
5385 5556
4067 5557
2754 5558
1613 5559
5449 5560
3554 5561
3783 5562
1392 5563
281 5564
1126 5565
1519 5566
2921 5567
3413 5568
1325 5569
5009 5570
5423 5571
2072 5572
5413 5573
155 5574
4337 5575
807 5576
1395 5577
178 5578
737 5579
4658 5580
1283 5581
3621 5582
242 5583
2639 5584
4866 5585
2110 5586
540 5587
3808 5588
252 5589
948 5590
1930 5591
5487 5592
2180 5593
1592 5594
2485 5595
2348 5596
540 5597
3100 5598
111 5599
3807 5600
649 5601
1851 5602
2579 5603
1674 5604
2197 5605
4863 5606
2083 5607
1689 5608
16 5609
669 5610
361 5611
1780 5612
385 5613
2714 5614
4065 5615
3421 5616
4098 5617
3485 5618
5448 5619
4126 5620
1516 5621
673 5622
615 5623
5501 5624
2617 5625
803 5626
2475 5627
527 5628
5418 5629
3282 5630
4220 5631
2658 5632
2803 5633
674 5634
2553 5635
187 5636
3591 5637
3146 5638
767 5639
4654 5640
1945 5641
3588 5642
1256 5643
5290 5644
3138 5645
4221 5646
1296 5647
2888 5648
5561 5649
4042 5650
1277 5651
1143 5652
3280 5653
670 5654
4371 5655
3219 5656
1150 5657
104 5658
294 5659
895 5660
5394 5661
101 5662
3085 5663
1095 5664
3265 5665
3064 5666
2530 5667
4722 5668
2462 5669
2086 5670
5482 5671
583 5672
1938 5673
2517 5674
3417 5675
2006 5676
821 5677
2969 5678
3024 5679
4025 5680
128 5681
3177 5682
5185 5683
1007 5684
3077 5685
2548 5686
1911 5687
3313 5688
5187 5689
975 5690
206 5691
1212 5692
1379 5693
2696 5694
1074 5695
4982 5696
3816 5697
3056 5698
5113 5699
3588 5700
1326 5701
2240 5702
4283 5703
59 5704
2970 5705
1896 5706
3197 5707
2438 5708
5140 5709
1878 5710
4469 5711
4248 5712
150 5713
3612 5714
113 5715
1646 5716
4158 5717
3690 5718
2601 5719
3223 5720
2484 5721
2606 5722
2662 5723
4377 5724
2357 5725
902 5726
2229 5727
3607 5728
2334 5729
5543 5730
1752 5731
225 5732
3213 5733
223 5734
429 5735
20 5736
3468 5737
5706 5738
1742 5739
4931 5740
2710 5741
797 5742
1582 5743
3485 5744
1217 5745
2113 5746
473 5747
5356 5748
4919 5749
3770 5750
2276 5751
1116 5752
2719 5753
622 5754
3826 5755
5180 5756
3916 5757
4259 5758
4314 5759
4562 5760
650 5761
2757 5762
2692 5763
3017 5764
1952 5765
3221 5766
4948 5767
5632 5768
2011 5769
5324 5770
3095 5771
473 5772
2516 5773
399 5774
4152 5775
2271 5776
2388 5777
3365 5778
305 5779
4748 5780
666 5781
2986 5782
5728 5783
4385 5784
3927 5785
2011 5786
5089 5787
3607 5788
1624 5789
4094 5790
3111 5791
2094 5792
4298 5793
4172 5794
5087 5795
836 5796
3996 5797
1105 5798
4932 5799
3600 5800
5710 5801
5569 5802
4937 5803
5028 5804
4893 5805
1782 5806
1358 5807
5544 5808
2321 5809
2380 5810
1528 5811
3779 5812
3437 5813
2906 5814
5574 5815
334 5816
1781 5817
5773 5818
3945 5819
1403 5820
422 5821
274 5822
3749 5823
4788 5824
3023 5825
3668 5826
2301 5827
1354 5828
5414 5829
2344 5830
738 5831
3188 5832
5020 5833
3597 5834
1238 5835
2187 5836
3494 5837
5187 5838
876 5839
2318 5840
5626 5841
3666 5842
1181 5843
4405 5844
5219 5845
1566 5846
114 5847
651 5848
248 5849
4860 5850
4106 5851
2528 5852
168 5853
4735 5854
3133 5855
3404 5856
2626 5857
4700 5858
4366 5859
1198 5860
3305 5861
880 5862
1728 5863
4916 5864
3208 5865
1970 5866
3782 5867
904 5868
797 5869
3851 5870
3804 5871
42 5872
1167 5873
5333 5874
501 5875
1654 5876
166 5877
3830 5878
4248 5879
3136 5880
1309 5881
5559 5882
654 5883
3214 5884
1358 5885
5857 5886
1242 5887
4702 5888
452 5889
2536 5890
5629 5891
5353 5892
1680 5893
5036 5894
490 5895
5632 5896
1410 5897
974 5898
1730 5899
2645 5900
691 5901
3130 5902
1887 5903
2259 5904
5420 5905
2412 5906
2569 5907
4365 5908
2182 5909
5706 5910
2258 5911
2605 5912
316 5913
1129 5914
3209 5915
2989 5916
1498 5917
5169 5918
541 5919
946 5920
739 5921
2342 5922
299 5923
5275 5924
5704 5925
5293 5926
790 5927
55 5928
129 5929
5029 5930
796 5931
311 5932
2808 5933
4790 5934
5885 5935
467 5936
2560 5937
4490 5938
2451 5939
4176 5940
1144 5941
128 5942
334 5943
4553 5944
2907 5945
4855 5946
46 5947
3144 5948
975 5949
16 5950
1780 5951
2960 5952
2272 5953
5119 5954
320 5955
1756 5956
3824 5957
2807 5958
5152 5959
1810 5960
415 5961
2445 5962
42 5963
2913 5964
3793 5965
2532 5966
3158 5967
321 5968
5204 5969
1311 5970
3668 5971
2153 5972
1858 5973
680 5974
4499 5975
1613 5976
3614 5977
1071 5978
713 5979
2428 5980
3165 5981
2737 5982
2468 5983
1887 5984
2862 5985
1233 5986
693 5987
1776 5988
55 5989
5397 5990
4915 5991
585 5992
707 5993
3776 5994
249 5995
1729 5996
1778 5997
4069 5998
4808 5999
3092 6000
2335 6001
1554 6002
2460 6003
5729 6004
4780 6005
17 6006
3232 6007
3769 6008
1820 6009
5325 6010
2530 6011
5721 6012
666 6013
5151 6014
377 6015
392 6016
3116 6017
535 6018
4599 6019
1606 6020
5511 6021
5829 6022
557 6023
2468 6024
4804 6025
2646 6026
414 6027
3893 6028
4842 6029
5216 6030
4087 6031
533 6032
3642 6033
1052 6034
3236 6035
2448 6036
4971 6037
5610 6038
2968 6039
5053 6040
2214 6041
1882 6042
4245 6043
1287 6044
5045 6045
4442 6046
2964 6047
499 6048
2882 6049
1992 6050
4769 6051
3619 6052
2963 6053
1808 6054
2073 6055
4635 6056
888 6057
733 6058
2136 6059
1942 6060
4288 6061
5026 6062
4366 6063
876 6064
5326 6065
5417 6066
4677 6067
4297 6068
1649 6069
3984 6070
2006 6071
2080 6072
699 6073
465 6074
609 6075
4693 6076
1945 6077
586 6078
2149 6079
5384 6080
4893 6081
112 6082
2153 6083
5243 6084
1744 6085
1545 6086
4966 6087
3141 6088
4147 6089
4442 6090
5497 6091
4789 6092
840 6093
4717 6094
2142 6095
4000 6096
291 6097
3726 6098
904 6099
5774 6100
1412 6101
1543 6102
4651 6103
1596 6104
1385 6105
6048 6106
2245 6107
1665 6108
2340 6109
490 6110
3628 6111
1262 6112
5217 6113
2840 6114
1543 6115
5258 6116
2201 6117
28 6118
4018 6119
1076 6120
1013 6121
1460 6122
3155 6123
2895 6124
3699 6125
3645 6126
3964 6127
2059 6128
733 6129
2253 6130
1971 6131
2117 6132
1 6133
4727 6134
3798 6135
4383 6136
5170 6137
6100 6138
1687 6139
2861 6140
2254 6141
2773 6142
5049 6143
1231 6144
4918 6145
833 6146
2005 6147
4052 6148
755 6149
4962 6150
446 6151
1734 6152
601 6153
1590 6154
802 6155
5475 6156
5434 6157
2819 6158
1346 6159
67 6160
4623 6161
493 6162
1080 6163
1959 6164
4362 6165
5917 6166
3619 6167
4394 6168
5811 6169
1048 6170
5235 6171
5898 6172
461 6173
285 6174
4427 6175
177 6176
4075 6177
6146 6178
6130 6179
4400 6180
727 6181
4678 6182
849 6183
1548 6184
1499 6185
1974 6186
5158 6187
2331 6188
3315 6189
4034 6190
5456 6191
1841 6192
124 6193
2907 6194
5440 6195
560 6196
1911 6197
1820 6198
1046 6199
829 6200
6124 6201
4984 6202
6078 6203
3140 6204
1011 6205
3577 6206
4791 6207
733 6208
3517 6209
3419 6210
2746 6211
36 6212
2129 6213
2434 6214
720 6215
2197 6216
2613 6217
2852 6218
3161 6219
5157 6220
3698 6221
1706 6222
3418 6223
1965 6224
3104 6225
823 6226
417 6227
2676 6228
1320 6229
3049 6230
5965 6231
5975 6232
1531 6233
3945 6234
6017 6235
951 6236
651 6237
2020 6238
2743 6239
4155 6240
5628 6241
1018 6242
1110 6243
6066 6244
6078 6245
1334 6246
2596 6247
4363 6248
510 6249
1057 6250
17 6251
3767 6252
2047 6253
3932 6254
4574 6255
4271 6256
1939 6257
4628 6258
5218 6259
5630 6260
2075 6261
70 6262
1037 6263
4090 6264
1590 6265
1850 6266
2194 6267
1550 6268
1993 6269
5746 6270
3609 6271
562 6272
1521 6273
3582 6274
5410 6275
4603 6276
2672 6277
416 6278
5669 6279
1284 6280
483 6281
4862 6282
5386 6283
1338 6284
3120 6285
3675 6286
4695 6287
3934 6288
2543 6289
3549 6290
4092 6291
1392 6292
3509 6293
4689 6294
5121 6295
476 6296
5245 6297
3847 6298
5262 6299
4806 6300
631 6301
884 6302
1254 6303
5484 6304
2201 6305
720 6306
3345 6307
2487 6308
3438 6309
6150 6310
4259 6311
3689 6312
4708 6313
2016 6314
6232 6315
2413 6316
191 6317
6075 6318
3491 6319
2932 6320
3080 6321
382 6322
4795 6323
2028 6324
2710 6325
2990 6326
2391 6327
5022 6328
4347 6329
4451 6330
1082 6331
815 6332
1130 6333
5785 6334
4838 6335
335 6336
4039 6337
2899 6338
2824 6339
1121 6340
1906 6341
796 6342
977 6343
1002 6344
6217 6345
3805 6346
5004 6347
530 6348
1153 6349
4047 6350
5954 6351
2887 6352
5031 6353
6135 6354
3653 6355
3359 6356
3506 6357
3227 6358
3825 6359
1048 6360
433 6361
1355 6362
3854 6363
6337 6364
3484 6365
945 6366
6211 6367
2308 6368
4963 6369
5277 6370
5770 6371
1190 6372
4088 6373
6272 6374
4719 6375
647 6376
1812 6377
5662 6378
589 6379
6339 6380
6303 6381
1437 6382
3489 6383
720 6384
901 6385
4625 6386
4072 6387
1505 6388
1378 6389
5778 6390
6195 6391
1490 6392
5968 6393
1663 6394
5081 6395
1796 6396
5301 6397
3221 6398
5663 6399
4275 6400
845 6401
6064 6402
3947 6403
2663 6404
5464 6405
614 6406
3761 6407
3464 6408
403 6409
3890 6410
5040 6411
2421 6412
5478 6413
5438 6414
981 6415
743 6416
730 6417
5815 6418
2546 6419
1761 6420
2523 6421
3207 6422
4517 6423
355 6424
4817 6425
4725 6426
296 6427
3232 6428
1315 6429
3609 6430
1092 6431
2116 6432
3125 6433
2204 6434
6199 6435
4658 6436
2155 6437
2894 6438
3372 6439
1452 6440
1595 6441
2353 6442
3484 6443
1552 6444
2717 6445
417 6446
807 6447
5027 6448
6300 6449
470 6450
3098 6451
6393 6452
742 6453
6116 6454
829 6455
5484 6456
246 6457
4692 6458
3099 6459
6064 6460
2282 6461
5030 6462
5819 6463
4126 6464
2496 6465
5777 6466
1095 6467
1755 6468
3015 6469
4800 6470
5765 6471
4548 6472
1922 6473
3441 6474
1347 6475
5632 6476
1296 6477
1960 6478
974 6479
1086 6480
3284 6481
6243 6482
6246 6483
3123 6484
2035 6485
6097 6486
3514 6487
4341 6488
1876 6489
1259 6490
2412 6491
3273 6492
1239 6493
1557 6494
2990 6495
4107 6496
719 6497
115 6498
3987 6499
3924 6500
96 6501
1964 6502
1713 6503
1672 6504
2954 6505
4843 6506
1667 6507
4429 6508
950 6509
204 6510
2322 6511
1886 6512
1534 6513
1464 6514
491 6515
3596 6516
2530 6517
739 6518
5466 6519
1190 6520
3713 6521
1583 6522
4343 6523
2583 6524
3045 6525
2080 6526
4159 6527
209 6528
2518 6529
3704 6530
2713 6531
3699 6532
5663 6533
5204 6534
4627 6535
192 6536
4610 6537
3682 6538
1488 6539
2606 6540
1550 6541
4110 6542
1875 6543
5324 6544
2555 6545
4163 6546
6386 6547
664 6548
4430 6549
2767 6550
1437 6551
5927 6552
3808 6553
6215 6554
2405 6555
5906 6556
2303 6557
278 6558
4574 6559
3001 6560
5114 6561
1380 6562
3908 6563
1534 6564
6207 6565
3139 6566
4302 6567
6324 6568
3537 6569
4048 6570
3569 6571
464 6572
4304 6573
5288 6574
5402 6575
1232 6576
4997 6577
5819 6578
4163 6579
2602 6580
5112 6581
2484 6582
2414 6583
1008 6584
4574 6585
2999 6586
1978 6587
4910 6588
403 6589
6199 6590
1646 6591
1867 6592
2972 6593
4759 6594
814 6595
6275 6596
2847 6597
992 6598
6407 6599
4627 6600
1009 6601
3721 6602
3255 6603
111 6604
4587 6605
5998 6606
2059 6607
4338 6608
5771 6609
5047 6610
6328 6611
5856 6612
2756 6613
258 6614
2267 6615
6320 6616
6489 6617
6129 6618
1728 6619
5430 6620
6519 6621
844 6622
2073 6623
4014 6624
1288 6625
5958 6626
5929 6627
2507 6628
4087 6629
1031 6630
6068 6631
5047 6632
2597 6633
305 6634
2166 6635
5323 6636
5403 6637
4966 6638
3368 6639
2249 6640
5629 6641
631 6642
5318 6643
2828 6644
3451 6645
443 6646
3961 6647
1624 6648
181 6649
3280 6650
6250 6651
2855 6652
4096 6653
1060 6654
2309 6655
2828 6656
3594 6657
3642 6658
4290 6659
2977 6660
392 6661
2525 6662
1220 6663
2358 6664
5562 6665
5304 6666
619 6667
1748 6668
4559 6669
4782 6670
3565 6671
5902 6672
3350 6673
4758 6674
5725 6675
423 6676
337 6677
3352 6678
254 6679
3568 6680
1886 6681
3661 6682
5382 6683
813 6684
5143 6685
1378 6686
1054 6687
3051 6688
3362 6689
3778 6690
752 6691
2607 6692
1181 6693
835 6694
5131 6695
3097 6696
4276 6697
3517 6698
6443 6699
4445 6700
6496 6701
3996 6702
6462 6703
681 6704
2094 6705
3579 6706
5353 6707
477 6708
1656 6709
54 6710
6011 6711
2504 6712
5042 6713
592 6714
3340 6715
3348 6716
2190 6717
5430 6718
772 6719
20 6720
225 6721
5150 6722
5394 6723
4371 6724
6197 6725
2663 6726
1270 6727
6335 6728
3278 6729
157 6730
4571 6731
3115 6732
5138 6733
22 6734
4235 6735
1010 6736
2348 6737
2374 6738
910 6739
1782 6740
2893 6741
5644 6742
5675 6743
5432 6744
6620 6745
4430 6746
2294 6747
5976 6748
927 6749
2586 6750
5190 6751
3759 6752
3628 6753
1084 6754
1485 6755
738 6756
1051 6757
4624 6758
2730 6759
2098 6760
978 6761
478 6762
2469 6763
762 6764
978 6765
5464 6766
705 6767
2497 6768
2519 6769
1078 6770
1990 6771
2065 6772
1400 6773
4584 6774
528 6775
6711 6776
2261 6777
3378 6778
3517 6779
3388 6780
2792 6781
3868 6782
622 6783
355 6784
6244 6785
4227 6786
5720 6787
3720 6788
6731 6789
5870 6790
3981 6791
984 6792
3022 6793
3870 6794
2734 6795
6414 6796
2076 6797
3504 6798
812 6799
4302 6800
6059 6801
6518 6802
4344 6803
3876 6804
227 6805
4980 6806
5856 6807
4046 6808
5272 6809
4994 6810
3301 6811
6657 6812
3819 6813
3212 6814
5149 6815
3194 6816
759 6817
822 6818
6482 6819
4857 6820
4834 6821
3312 6822
3937 6823
2034 6824
2488 6825
2811 6826
6093 6827
355 6828
3728 6829
1314 6830
4791 6831
3488 6832
5481 6833
4920 6834
1986 6835
3405 6836
93 6837
6448 6838
3356 6839
1181 6840
172 6841
1066 6842
1012 6843
2160 6844
1323 6845
616 6846
4668 6847
1210 6848
4755 6849
5351 6850
5156 6851
5780 6852
3642 6853
4623 6854
2882 6855
592 6856
2127 6857
1440 6858
134 6859
4 6860
4946 6861
1706 6862
4087 6863
6384 6864
881 6865
3867 6866
4982 6867
5929 6868
612 6869
2878 6870
6098 6871
236 6872
1039 6873
5315 6874
3437 6875
4651 6876
4418 6877
4283 6878
6168 6879
4460 6880
2548 6881
3315 6882
1192 6883
535 6884
1619 6885
6241 6886
3169 6887
5362 6888
2979 6889
2499 6890
1571 6891
5011 6892
1570 6893
550 6894
4932 6895
5206 6896
327 6897
2220 6898
131 6899
3856 6900
431 6901
1612 6902
6074 6903
1547 6904
1058 6905
2454 6906
3415 6907
3934 6908
169 6909
142 6910
2931 6911
984 6912
6760 6913
3275 6914
3807 6915
3496 6916
3995 6917
2971 6918
5803 6919
1744 6920
2858 6921
2238 6922
1409 6923
2162 6924
1935 6925
4739 6926
1868 6927
1498 6928
4820 6929
1417 6930
4492 6931
505 6932
4011 6933
1980 6934
4745 6935
5418 6936
5929 6937
1182 6938
2425 6939
4251 6940
1193 6941
3816 6942
6267 6943
4774 6944
1402 6945
6908 6946
5193 6947
3880 6948
1276 6949
3686 6950
5752 6951
2857 6952
4823 6953
2912 6954
980 6955
1378 6956
3417 6957
988 6958
2192 6959
404 6960
259 6961
2668 6962
433 6963
322 6964
6788 6965
368 6966
4010 6967
1648 6968
2479 6969
4296 6970
1266 6971
412 6972
89 6973
2063 6974
2387 6975
5309 6976
2856 6977
4278 6978
1819 6979
323 6980
322 6981
6010 6982
2112 6983
4822 6984
1525 6985
4848 6986
1175 6987
6387 6988
2936 6989
1524 6990
2213 6991
267 6992
6790 6993
6636 6994
4315 6995
1397 6996
4832 6997
5702 6998
159 6999
878 7000
1305 7001
4254 7002
5903 7003
6866 7004
6230 7005
4459 7006
1832 7007
966 7008
1351 7009
1757 7010
3101 7011
6080 7012
4431 7013
5628 7014
1141 7015
5023 7016
258 7017
5328 7018
2612 7019
4708 7020
1546 7021
4355 7022
799 7023
2456 7024
5175 7025
1424 7026
1317 7027
6603 7028
4265 7029
2487 7030
6620 7031
5188 7032
4322 7033
2662 7034
1706 7035
3221 7036
2251 7037
1011 7038
2842 7039
362 7040
1045 7041
1438 7042
2910 7043
2013 7044
6604 7045
6352 7046
6303 7047
876 7048
2869 7049
2828 7050
3302 7051
3131 7052
3444 7053
437 7054
2923 7055
3987 7056
5307 7057
2565 7058
4873 7059
2996 7060
1027 7061
2308 7062
1051 7063
5226 7064
3394 7065
4791 7066
1961 7067
4589 7068
7030 7069
6712 7070
5883 7071
3087 7072
4191 7073
4380 7074
6158 7075
2400 7076
874 7077
4323 7078
4589 7079
1997 7080
2669 7081
6931 7082
1518 7083
6530 7084
7017 7085
5743 7086
2008 7087
2292 7088
6819 7089
1025 7090
6866 7091
1059 7092
3343 7093
0 7094
2838 7095
4127 7096
2519 7097
1214 7098
3274 7099
3422 7100
5471 7101
1001 7102
2060 7103
2141 7104
2669 7105
1356 7106
1099 7107
2966 7108
648 7109
1856 7110
3769 7111
4705 7112
3135 7113
3591 7114
1390 7115
6090 7116
1872 7117
2134 7118
5576 7119
4947 7120
5022 7121
4308 7122
2116 7123
5590 7124
1984 7125
375 7126
1906 7127
6941 7128
2832 7129
2820 7130
2471 7131
6151 7132
6118 7133
3992 7134
1046 7135
2910 7136
2980 7137
4066 7138
7060 7139
4487 7140
3786 7141
5469 7142
5038 7143
730 7144
2231 7145
2814 7146
1471 7147
2919 7148
2425 7149
2068 7150
6440 7151
4999 7152
2011 7153
16 7154
298 7155
2235 7156
677 7157
4687 7158
5146 7159
6042 7160
3506 7161
1039 7162
870 7163
6117 7164
1205 7165
5319 7166
102 7167
5912 7168
5997 7169
3447 7170
5322 7171
6739 7172
3987 7173
4513 7174
6058 7175
4950 7176
5548 7177
374 7178
3836 7179
1348 7180
6093 7181
5504 7182
5228 7183
1994 7184
1658 7185
7073 7186
933 7187
3723 7188
1257 7189
55 7190
4050 7191
3695 7192
2227 7193
617 7194
3808 7195
4156 7196
1068 7197
3228 7198
4445 7199
5108 7200
1455 7201
1285 7202
6467 7203
3653 7204
6790 7205
3624 7206
1119 7207
6566 7208
3060 7209
5610 7210
2881 7211
2671 7212
2065 7213
6153 7214
5807 7215
2082 7216
1403 7217
2083 7218
1852 7219
5366 7220
2313 7221
5738 7222
3714 7223
836 7224
6096 7225
1294 7226
1839 7227
4908 7228
4610 7229
4097 7230
228 7231
6234 7232
6869 7233
3757 7234
1657 7235
5534 7236
5102 7237
295 7238
2120 7239
5233 7240
5330 7241
5221 7242
3255 7243
6970 7244
4137 7245
1389 7246
5817 7247
1784 7248
2786 7249
4088 7250
56 7251
1188 7252
3586 7253
4651 7254
193 7255
2032 7256
4329 7257
5596 7258
2940 7259
4317 7260
5326 7261
7260 7262
1355 7263
7090 7264
6821 7265
4204 7266
1288 7267
1475 7268
1133 7269
3847 7270
833 7271
1537 7272
4347 7273
6035 7274
2823 7275
3194 7276
6235 7277
6931 7278
5087 7279
2211 7280
2392 7281
6028 7282
4206 7283
6736 7284
2311 7285
6598 7286
2631 7287
7237 7288
6270 7289
7057 7290
2040 7291
2486 7292
4490 7293
1939 7294
847 7295
2148 7296
6633 7297
1620 7298
933 7299
4978 7300
1728 7301
1909 7302
1419 7303
4732 7304
5705 7305
3194 7306
7054 7307
1923 7308
2916 7309
3300 7310
1696 7311
2653 7312
3362 7313
6495 7314
696 7315
4884 7316
3870 7317
6931 7318
3686 7319
2753 7320
6313 7321
5454 7322
4219 7323
6113 7324
1182 7325
3316 7326
5248 7327
2551 7328
7303 7329
1490 7330
3725 7331
4055 7332
139 7333
1335 7334
3130 7335
315 7336
3315 7337
4882 7338
2983 7339
2601 7340
1016 7341
646 7342
6794 7343
92 7344
878 7345
3083 7346
5618 7347
3634 7348
135 7349
5304 7350
1740 7351
5669 7352
5173 7353
2650 7354
652 7355
6972 7356
2185 7357
1605 7358
1120 7359
2165 7360
1704 7361
4230 7362
1932 7363
1160 7364
5227 7365
5911 7366
3380 7367
4030 7368
4947 7369
3344 7370
7207 7371
4187 7372
4428 7373
5540 7374
78 7375
4393 7376
63 7377
2702 7378
2397 7379
6747 7380
2260 7381
2055 7382
3861 7383
5145 7384
2970 7385
3506 7386
7168 7387
3756 7388
5613 7389
2189 7390
6074 7391
804 7392
115 7393
1885 7394
6155 7395
1623 7396
979 7397
4729 7398
1404 7399
3885 7400
3266 7401
4580 7402
3211 7403
4678 7404
3855 7405
345 7406
1066 7407
4556 7408
1855 7409
3990 7410
2927 7411
2830 7412
4736 7413
934 7414
1415 7415
6677 7416
2656 7417
516 7418
978 7419
6280 7420
5423 7421
7381 7422
2268 7423
1997 7424
4882 7425
3130 7426
4970 7427
3245 7428
5989 7429
6663 7430
2477 7431
4832 7432
7241 7433
1710 7434
3972 7435
3403 7436
1864 7437
3921 7438
0 7439
1629 7440
2534 7441
4266 7442
2178 7443
3201 7444
5111 7445
4805 7446
2940 7447
6240 7448
2245 7449
2327 7450
2388 7451
4626 7452
1356 7453
1512 7454
5664 7455
1463 7456
6057 7457
1451 7458
6436 7459
22 7460
3209 7461
1741 7462
2005 7463
5694 7464
863 7465
2313 7466
5064 7467
1287 7468
2048 7469
6503 7470
1221 7471
5988 7472
713 7473
6689 7474
4799 7475
2446 7476
4317 7477
6840 7478
2618 7479
2083 7480
3605 7481
6771 7482
6478 7483
3944 7484
343 7485
192 7486
4923 7487
3756 7488
5094 7489
2157 7490
5642 7491
4782 7492
4685 7493
668 7494
6014 7495
992 7496
6721 7497
3478 7498
945 7499
2229 7500
4285 7501
2625 7502
3664 7503
616 7504
6532 7505
2337 7506
2151 7507
47 7508
1374 7509
2571 7510
230 7511
6246 7512
6700 7513
5806 7514
3868 7515
5895 7516
4429 7517
2390 7518
528 7519
4434 7520
4299 7521
15 7522
4024 7523
5173 7524
2463 7525
4915 7526
2939 7527
5918 7528
6679 7529
6767 7530
990 7531
5492 7532
931 7533
6355 7534
538 7535
6643 7536
2959 7537
527 7538
1428 7539
5026 7540
7379 7541
7465 7542
4141 7543
1865 7544
3296 7545
4444 7546
5106 7547
3835 7548
2096 7549
5390 7550
5382 7551
4946 7552
7396 7553
3617 7554
4390 7555
6446 7556
2313 7557
4375 7558
138 7559
2296 7560
10 7561
5009 7562
2243 7563
327 7564
1349 7565
1311 7566
6774 7567
5163 7568
301 7569
6788 7570
5789 7571
4835 7572
5298 7573
1761 7574
274 7575
5492 7576
4970 7577
684 7578
1378 7579
4916 7580
3155 7581
1096 7582
1381 7583
2836 7584
661 7585
7460 7586
4490 7587
3146 7588
3985 7589
1324 7590
1397 7591
1366 7592
3393 7593
1788 7594
5028 7595
7087 7596
5439 7597
3012 7598
3938 7599
4680 7600
3469 7601
1710 7602
394 7603
956 7604
6296 7605
7364 7606
938 7607
759 7608
608 7609
3396 7610
6891 7611
2450 7612
389 7613
1142 7614
4790 7615
5376 7616
202 7617
1307 7618
7618 7619
1402 7620
2787 7621
2603 7622
4674 7623
1887 7624
2900 7625
4053 7626
2199 7627
4440 7628
1862 7629
1528 7630
5062 7631
1188 7632
7253 7633
4582 7634
6503 7635
6512 7636
5195 7637
5780 7638
7316 7639
1921 7640
4284 7641
4596 7642
6008 7643
6056 7644
449 7645
1435 7646
548 7647
7582 7648
7018 7649
3278 7650
7353 7651
503 7652
2834 7653
4150 7654
2463 7655
997 7656
5127 7657
1329 7658
5060 7659
602 7660
4891 7661
1429 7662
2804 7663
1478 7664
599 7665
2138 7666
132 7667
2838 7668
2411 7669
31 7670
2754 7671
643 7672
6485 7673
2451 7674
892 7675
1903 7676
3847 7677
2745 7678
5588 7679
6901 7680
1373 7681
2315 7682
7636 7683
1996 7684
1834 7685
1705 7686
5834 7687
7022 7688
2570 7689
6798 7690
6758 7691
4729 7692
5428 7693
6078 7694
5898 7695
1093 7696
656 7697
3253 7698
5610 7699
7663 7700
551 7701
656 7702
3812 7703
3237 7704
663 7705
6948 7706
7463 7707
2047 7708
947 7709
7010 7710
3788 7711
3726 7712
3689 7713
1057 7714
3204 7715
2896 7716
549 7717
5650 7718
7364 7719
6995 7720
4036 7721
6717 7722
2194 7723
4732 7724
7627 7725
1806 7726
4750 7727
1706 7728
3978 7729
5888 7730
5483 7731
6211 7732
3883 7733
36 7734
4726 7735
1503 7736
11 7737
5997 7738
5966 7739
3152 7740
3662 7741
1115 7742
85 7743
7409 7744
1752 7745
3913 7746
1064 7747
2162 7748
380 7749
1940 7750
5190 7751
5107 7752
7380 7753
785 7754
751 7755
2273 7756
1026 7757
1123 7758
6745 7759
2861 7760
7276 7761
1457 7762
4082 7763
5318 7764
1948 7765
4845 7766
3518 7767
2081 7768
2361 7769
1211 7770
182 7771
2262 7772
6030 7773
3567 7774
477 7775
1670 7776
1013 7777
7186 7778
6798 7779
6603 7780
6216 7781
539 7782
4687 7783
2760 7784
4380 7785
2138 7786
4260 7787
3194 7788
5345 7789
2078 7790
5235 7791
5014 7792
4744 7793
6963 7794
4134 7795
2447 7796
6415 7797
1386 7798
7429 7799
7234 7800
1113 7801
5185 7802
5567 7803
380 7804
6976 7805
1496 7806
5695 7807
5813 7808
4223 7809
6781 7810
4978 7811
399 7812
64 7813
2805 7814
7336 7815
3208 7816
715 7817
7581 7818
4016 7819
3692 7820
4349 7821
3118 7822
1060 7823
732 7824
7311 7825
3481 7826
7565 7827
1423 7828
3072 7829
7232 7830
148 7831
1107 7832
6834 7833
105 7834
552 7835
1368 7836
6194 7837
2612 7838
2802 7839
6501 7840
7686 7841
7332 7842
2472 7843
5306 7844
122 7845
2075 7846
3696 7847
4028 7848
4281 7849
3789 7850
3217 7851
1298 7852
5872 7853
6961 7854
3181 7855
233 7856
3074 7857
3685 7858
4581 7859
5579 7860
2444 7861
1094 7862
798 7863
5605 7864
774 7865
450 7866
3262 7867
1052 7868
2856 7869
3706 7870
3603 7871
127 7872
5201 7873
1529 7874
761 7875
3479 7876
1107 7877
7454 7878
6028 7879
1900 7880
1236 7881
7484 7882
5645 7883
2642 7884
1648 7885
1312 7886
2655 7887
5331 7888
506 7889
2641 7890
1378 7891
2741 7892
2001 7893
3486 7894
750 7895
5773 7896
6797 7897
1112 7898
4441 7899
7313 7900
6474 7901
3128 7902
2255 7903
7692 7904
7717 7905
5203 7906
2062 7907
4456 7908
1534 7909
3270 7910
4674 7911
4128 7912
2673 7913
7721 7914
1110 7915
2702 7916
396 7917
7882 7918
3121 7919
3619 7920
1027 7921
2014 7922
3704 7923
6353 7924
1048 7925
4116 7926
4663 7927
1022 7928
4690 7929
2242 7930
4956 7931
903 7932
3663 7933
2672 7934
338 7935
3985 7936
1612 7937
1779 7938
2568 7939
3227 7940
7369 7941
4548 7942
192 7943
2256 7944
3082 7945
5378 7946
1442 7947
707 7948
5265 7949
3113 7950
1913 7951
1985 7952
1076 7953
7361 7954
3644 7955
1101 7956
3345 7957
6853 7958
7062 7959
3711 7960
5081 7961
197 7962
7513 7963
7713 7964
3624 7965
3128 7966
5689 7967
5689 7968
7628 7969
2663 7970
6858 7971
6025 7972
934 7973
5035 7974
105 7975
3419 7976
7502 7977
2948 7978
6773 7979
7585 7980
3368 7981
997 7982
5710 7983
4452 7984
5298 7985
3009 7986
2781 7987
7131 7988
3164 7989
4634 7990
6746 7991
6543 7992
5471 7993
3067 7994
6606 7995
952 7996
3046 7997
7113 7998
6962 7999
2219 8000
5490 8001
950 8002
3460 8003
1770 8004
94 8005
4413 8006
5651 8007
3730 8008
3028 8009
470 8010
7131 8011
452 8012
6879 8013
3729 8014
6490 8015
2598 8016
3683 8017
5615 8018
1781 8019
2833 8020
7701 8021
4046 8022
8002 8023
119 8024
3000 8025
3163 8026
6531 8027
1897 8028
6636 8029
306 8030
615 8031
5838 8032
2782 8033
3549 8034
6754 8035
6165 8036
4417 8037
7202 8038
4034 8039
2821 8040
6378 8041
2654 8042
4015 8043
3115 8044
6423 8045
3352 8046
4611 8047
2957 8048
1399 8049
3947 8050
5217 8051
4633 8052
2468 8053
7797 8054
2291 8055
2727 8056
5082 8057
4013 8058
4416 8059
2214 8060
4782 8061
5757 8062
129 8063
267 8064
5441 8065
3828 8066
511 8067
3004 8068
859 8069
6293 8070
6695 8071
7524 8072
7654 8073
3685 8074
6926 8075
1268 8076
7397 8077
5195 8078
1824 8079
770 8080
7216 8081
6775 8082
7598 8083
711 8084
7196 8085
32 8086
5657 8087
7151 8088
3514 8089
5870 8090
7212 8091
331 8092
4173 8093
1547 8094
2625 8095
7626 8096
6075 8097
2898 8098
442 8099
333 8100
566 8101
349 8102
1292 8103
3175 8104
7247 8105
3295 8106
2582 8107
4009 8108
1106 8109
1906 8110
1438 8111
3357 8112
4713 8113
4678 8114
5893 8115
321 8116
944 8117
1604 8118
3442 8119
2246 8120
6963 8121
6309 8122
4704 8123
6874 8124
4654 8125
5005 8126
247 8127
4979 8128
5180 8129
4658 8130
828 8131
1821 8132
7709 8133
1695 8134
2522 8135
5853 8136
6685 8137
5107 8138
2150 8139
8119 8140
4504 8141
845 8142
6928 8143
7893 8144
4231 8145
977 8146
6554 8147
2009 8148
4241 8149
6653 8150
5574 8151
6030 8152
837 8153
7913 8154
5721 8155
5145 8156
7364 8157
4743 8158
577 8159
397 8160
5476 8161
3594 8162
3367 8163
368 8164
2767 8165
2066 8166
8145 8167
4312 8168
44 8169
2484 8170
2819 8171
7750 8172
2599 8173
5842 8174
6915 8175
7668 8176
8035 8177
4256 8178
7944 8179
1113 8180
7071 8181
5951 8182
6540 8183
1357 8184
4480 8185
2424 8186
3205 8187
8142 8188
5865 8189
3070 8190
5459 8191
6306 8192
1504 8193
6384 8194
3574 8195
2069 8196
593 8197
7450 8198
1508 8199
7990 8200
6922 8201
1506 8202
1793 8203
2149 8204
6265 8205
1370 8206
7051 8207
1664 8208
3417 8209
3644 8210
1874 8211
6259 8212
7882 8213
3707 8214
2521 8215
660 8216
5413 8217
2606 8218
7456 8219
1171 8220
3246 8221
7454 8222
617 8223
7736 8224
5587 8225
739 8226
5879 8227
1726 8228
155 8229
3839 8230
7559 8231
7296 8232
7204 8233
5470 8234
5918 8235
3754 8236
2460 8237
1471 8238
6175 8239
2034 8240
3308 8241
1580 8242
5700 8243
6648 8244
6364 8245
760 8246
6722 8247
5027 8248
443 8249
2077 8250
5128 8251
7628 8252
3481 8253
6024 8254
5527 8255
3096 8256
6572 8257
4084 8258
7532 8259
7701 8260
1828 8261
7202 8262
3370 8263
5957 8264
6356 8265
6157 8266
6561 8267
5595 8268
3743 8269
759 8270
3947 8271
1170 8272
5093 8273
5542 8274
4713 8275
4963 8276
3185 8277
3500 8278
976 8279
4041 8280
3430 8281
7477 8282
768 8283
6559 8284
3409 8285
8077 8286
411 8287
3690 8288
2544 8289
5956 8290
6650 8291
63 8292
6586 8293
6064 8294
7532 8295
4559 8296
2615 8297
776 8298
4135 8299
6041 8300
7709 8301
7069 8302
1124 8303
5656 8304
6953 8305
3881 8306
1774 8307
134 8308
167 8309
6632 8310
8147 8311
1520 8312
5019 8313
6074 8314
7317 8315
6923 8316
895 8317
3571 8318
6341 8319
2005 8320
549 8321
887 8322
2902 8323
5788 8324
203 8325
1051 8326
7609 8327
476 8328
3722 8329
7715 8330
644 8331
7996 8332
4594 8333
1167 8334
7811 8335
1035 8336
952 8337
5812 8338
1171 8339
5259 8340
8028 8341
1875 8342
4515 8343
4990 8344
5297 8345
6920 8346
6468 8347
6047 8348
2548 8349
4571 8350
6163 8351
3363 8352
1016 8353
5600 8354
4704 8355
6620 8356
2371 8357
244 8358
350 8359
4438 8360
957 8361
1924 8362
6795 8363
3276 8364
1566 8365
310 8366
1618 8367
4613 8368
3701 8369
2007 8370
8066 8371
6071 8372
5485 8373
3000 8374
6565 8375
3156 8376
4527 8377
7499 8378
6519 8379
7252 8380
1122 8381
2296 8382
6040 8383
1178 8384
3847 8385
7930 8386
5444 8387
8175 8388
1168 8389
5434 8390
6246 8391
7914 8392
4655 8393
3202 8394
2307 8395
6016 8396
8075 8397
4281 8398
3287 8399
3868 8400
8376 8401
3685 8402
2800 8403
7646 8404
6496 8405
3419 8406
511 8407
6786 8408
4781 8409
2535 8410
5863 8411
2226 8412
5467 8413
2730 8414
6934 8415
4579 8416
4711 8417
2683 8418
7400 8419
1524 8420
1748 8421
2481 8422
1355 8423
7627 8424
1200 8425
5632 8426
6920 8427
1802 8428
8051 8429
7836 8430
2086 8431
857 8432
1097 8433
3191 8434
1898 8435
6548 8436
522 8437
2514 8438
5632 8439
6832 8440
1470 8441
7631 8442
6907 8443
3153 8444
8181 8445
8281 8446
1750 8447
550 8448
5398 8449
4096 8450
5551 8451
2124 8452
2754 8453
4030 8454
7402 8455
5544 8456
850 8457
6792 8458
2746 8459
5924 8460
4753 8461
4176 8462
2095 8463
4100 8464
2321 8465
5215 8466
4946 8467
2597 8468
1106 8469
3094 8470
1705 8471
7837 8472
5550 8473
2860 8474
3519 8475
4236 8476
5668 8477
1330 8478
960 8479
5867 8480
2241 8481
149 8482
4550 8483
4115 8484
1764 8485
5440 8486
1587 8487
6512 8488
113 8489
1401 8490
4233 8491
7699 8492
1774 8493
6882 8494
3444 8495
7364 8496
408 8497
5553 8498
2878 8499
2196 8500
1494 8501
716 8502
869 8503
1338 8504
5975 8505
7122 8506
6533 8507
3289 8508
956 8509
2206 8510
7230 8511
4601 8512
719 8513
905 8514
714 8515
7021 8516
511 8517
5421 8518
2558 8519
604 8520
4636 8521
5882 8522
4011 8523
6079 8524
2397 8525
3299 8526
5040 8527
4019 8528
8309 8529
2848 8530
8353 8531
6682 8532
1287 8533
6537 8534
2479 8535
3176 8536
825 8537
1790 8538
3669 8539
4946 8540
7521 8541
5214 8542
2226 8543
6970 8544
5347 8545
3067 8546
2746 8547
398 8548
8214 8549
660 8550
2792 8551
2749 8552
4836 8553
1543 8554
804 8555
651 8556
6242 8557
831 8558
7531 8559
23 8560
495 8561
1587 8562
6436 8563
27 8564
2096 8565
1947 8566
5678 8567
7740 8568
4209 8569
6869 8570
1193 8571
1444 8572
7224 8573
569 8574
5770 8575
5012 8576
2224 8577
527 8578
8429 8579
2717 8580
2221 8581
502 8582
7907 8583
2464 8584
82 8585
7443 8586
5738 8587
2976 8588
1494 8589
3554 8590
5195 8591
6457 8592
1875 8593
3991 8594
1781 8595
3667 8596
8171 8597
1287 8598
2 8599
5689 8600
564 8601
7349 8602
3899 8603
6394 8604
5590 8605
6527 8606
8077 8607
6160 8608
3346 8609
3577 8610
2483 8611
5643 8612
2156 8613
4167 8614
4276 8615
3136 8616
5449 8617
4371 8618
4334 8619
3019 8620
4175 8621
7035 8622
58 8623
6753 8624
3267 8625
6858 8626
5905 8627
274 8628
4546 8629
1299 8630
5962 8631
4566 8632
5852 8633
17 8634
3813 8635
6522 8636
5358 8637
6776 8638
1855 8639
950 8640
5947 8641
7064 8642
2320 8643
1696 8644
2732 8645
8059 8646
5962 8647
4875 8648
8329 8649
6753 8650
643 8651
1662 8652
7343 8653
7517 8654
4959 8655
4919 8656
653 8657
6202 8658
2269 8659
7531 8660
6248 8661
6200 8662
5343 8663
5362 8664
8643 8665
5279 8666
1611 8667
3418 8668
3554 8669
1185 8670
1135 8671
237 8672
1037 8673
6942 8674
707 8675
2944 8676
3180 8677
1879 8678
3604 8679
2411 8680
1692 8681
6279 8682
359 8683
5889 8684
3363 8685
1357 8686
751 8687
5106 8688
240 8689
2913 8690
5276 8691
2680 8692
1880 8693
5059 8694
4738 8695
5110 8696
7726 8697
5050 8698
4268 8699
5896 8700
7258 8701
5263 8702
8416 8703
6175 8704
240 8705
6947 8706
4393 8707
6959 8708
264 8709
8398 8710
5896 8711
5870 8712
4250 8713
942 8714
172 8715
1350 8716
4903 8717
8247 8718
6186 8719
4283 8720
2174 8721
477 8722
6583 8723
3527 8724
4861 8725
2954 8726
7970 8727
3154 8728
553 8729
5053 8730
6535 8731
3686 8732
6428 8733
4288 8734
3032 8735
5714 8736
8687 8737
5757 8738
5103 8739
6468 8740
2320 8741
6063 8742
2571 8743
6605 8744
6031 8745
2045 8746
6842 8747
4564 8748
4214 8749
5987 8750
495 8751
6267 8752
1050 8753
4420 8754
8186 8755
5861 8756
1000 8757
6374 8758
1676 8759
310 8760
221 8761
4776 8762
5014 8763
25 8764
6405 8765
517 8766
2085 8767
4367 8768
7635 8769
2733 8770
4277 8771
4609 8772
1421 8773
3143 8774
7710 8775
7783 8776
1526 8777
3781 8778
2403 8779
5182 8780
7295 8781
8255 8782
3133 8783
4791 8784
1948 8785
3236 8786
413 8787
4993 8788
5762 8789
1295 8790
1174 8791
8778 8792
6870 8793
6144 8794
4699 8795
8412 8796
7566 8797
3843 8798
910 8799
3710 8800
8606 8801
6243 8802
7485 8803
4284 8804
5820 8805
4964 8806
3023 8807
2414 8808
587 8809
411 8810
5520 8811
8073 8812
3926 8813
3691 8814
3685 8815
5290 8816
3275 8817
3097 8818
5945 8819
2869 8820
7515 8821
5676 8822
4786 8823
5 8824
7020 8825
2436 8826
7291 8827
4985 8828
1883 8829
6108 8830
215 8831
70 8832
3418 8833
576 8834
4038 8835
8034 8836
3188 8837
2486 8838
1269 8839
1248 8840
8373 8841
4069 8842
1545 8843
6457 8844
119 8845
151 8846
6695 8847
3115 8848
5778 8849
6175 8850
3023 8851
6675 8852
3422 8853
1250 8854
4861 8855
7496 8856
168 8857
2396 8858
3035 8859
5102 8860
640 8861
2649 8862
5321 8863
2769 8864
4246 8865
551 8866
4996 8867
7262 8868
1089 8869
3538 8870
782 8871
3783 8872
1868 8873
5089 8874
7573 8875
8533 8876
2781 8877
312 8878
247 8879
4993 8880
1223 8881
7556 8882
6882 8883
7256 8884
1607 8885
1839 8886
3095 8887
1684 8888
8793 8889
6995 8890
1806 8891
1424 8892
2538 8893
6795 8894
6637 8895
1029 8896
6289 8897
6925 8898
3037 8899
3274 8900
880 8901
1389 8902
3805 8903
7112 8904
5639 8905
940 8906
3240 8907
5195 8908
7632 8909
7075 8910
8761 8911
7573 8912
7571 8913
5832 8914
2356 8915
6528 8916
6313 8917
3390 8918
1609 8919
2334 8920
5529 8921
4550 8922
3900 8923
1735 8924
1055 8925
1268 8926
3659 8927
7787 8928
6006 8929
1838 8930
4421 8931
448 8932
3049 8933
723 8934
3272 8935
6982 8936
4804 8937
5627 8938
5834 8939
281 8940
3069 8941
1673 8942
6972 8943
6687 8944
3599 8945
7519 8946
8044 8947
3319 8948
4780 8949
2046 8950
2787 8951
1825 8952
3514 8953
7731 8954
5296 8955
5611 8956
5673 8957
7829 8958
4974 8959
5003 8960
8817 8961
4190 8962
1886 8963
4294 8964
8518 8965
6695 8966
7708 8967
4128 8968
7978 8969
4456 8970
4811 8971
4180 8972
1812 8973
1266 8974
2022 8975
6375 8976
433 8977
2434 8978
5932 8979
3317 8980
6008 8981
2509 8982
135 8983
556 8984
3553 8985
4296 8986
6629 8987
1311 8988
8794 8989
3332 8990
1878 8991
717 8992
4545 8993
4439 8994
8366 8995
8926 8996
7530 8997
3261 8998
7989 8999
1741 9000
5371 9001
4970 9002
6274 9003
1100 9004
5731 9005
1931 9006
1518 9007
3797 9008
8463 9009
8584 9010
6626 9011
6993 9012
2377 9013
812 9014
2578 9015
4278 9016
6195 9017
902 9018
7324 9019
1933 9020
1069 9021
3268 9022
6229 9023
2136 9024
7034 9025
749 9026
8237 9027
6096 9028
254 9029
3694 9030
3948 9031
7854 9032
4632 9033
4718 9034
5983 9035
8841 9036
6149 9037
3182 9038
7721 9039
1488 9040
5398 9041
663 9042
4777 9043
6296 9044
7732 9045
1686 9046
7380 9047
8736 9048
8510 9049
150 9050
5870 9051
5623 9052
4011 9053
2454 9054
4203 9055
7061 9056
4472 9057
4162 9058
8580 9059
2 9060
2528 9061
4539 9062
2284 9063
5700 9064
4009 9065
4970 9066
4457 9067
6735 9068
7049 9069
6326 9070
7318 9071
3841 9072
3772 9073
2977 9074
8157 9075
8754 9076
7200 9077
2991 9078
2736 9079
8882 9080
6688 9081
5953 9082
1446 9083
9074 9084
7388 9085
3916 9086
5157 9087
2541 9088
4268 9089
252 9090
3945 9091
1630 9092
5397 9093
6188 9094
8716 9095
1692 9096
965 9097
5097 9098
7777 9099
4333 9100
7715 9101
4924 9102
789 9103
5552 9104
373 9105
4468 9106
5964 9107
5187 9108
8820 9109
4326 9110
2136 9111
1108 9112
3083 9113
8191 9114
9050 9115
78 9116
1991 9117
5383 9118
1672 9119
5638 9120
3131 9121
617 9122
2144 9123
1710 9124
5022 9125
4978 9126
1221 9127
2113 9128
8480 9129
5014 9130
4225 9131
7188 9132
4821 9133
970 9134
2036 9135
2661 9136
2081 9137
8963 9138
326 9139
719 9140
1893 9141
6451 9142
8499 9143
6981 9144
4886 9145
4346 9146
4218 9147
2146 9148
8577 9149
7215 9150
1245 9151
2440 9152
202 9153
3221 9154
3694 9155
3316 9156
3845 9157
1796 9158
7370 9159
1969 9160
7904 9161
8991 9162
114 9163
7856 9164
3464 9165
3923 9166
8442 9167
7528 9168
4016 9169
4294 9170
2819 9171
329 9172
2041 9173
5101 9174
8160 9175
5831 9176
2373 9177
5210 9178
8086 9179
6104 9180
5195 9181
2741 9182
2220 9183
7741 9184
1350 9185
2327 9186
1815 9187
2117 9188
3455 9189
2055 9190
7221 9191
3558 9192
1482 9193
3520 9194
155 9195
4217 9196
7541 9197
7905 9198
8461 9199
2992 9200
2317 9201
2701 9202
1332 9203
847 9204
7886 9205
3489 9206
858 9207
7752 9208
6016 9209
2118 9210
3550 9211
3850 9212
8028 9213
8308 9214
6781 9215
8555 9216
7828 9217
2468 9218
872 9219
7444 9220
4963 9221
1479 9222
3139 9223
7774 9224
3779 9225
2978 9226
1894 9227
7879 9228
5963 9229
1637 9230
4841 9231
167 9232
5717 9233
2547 9234
3903 9235
4527 9236
726 9237
4563 9238
2102 9239
5673 9240
3031 9241
3918 9242
8097 9243
7321 9244
3923 9245
1791 9246
7962 9247
6139 9248
5275 9249
8773 9250
3202 9251
1691 9252
2399 9253
3426 9254
2837 9255
3738 9256
865 9257
6548 9258
697 9259
3709 9260
3296 9261
7302 9262
3488 9263
4819 9264
4617 9265
6367 9266
6439 9267
6922 9268
4794 9269
1114 9270
2570 9271
1578 9272
315 9273
1132 9274
8421 9275
3833 9276
6963 9277
8084 9278
2951 9279
1942 9280
836 9281
2684 9282
3164 9283
3464 9284
8207 9285
5493 9286
8922 9287
1297 9288
5251 9289
4267 9290
2462 9291
4104 9292
5257 9293
6358 9294
7181 9295
4621 9296
5603 9297
2115 9298
3373 9299
8127 9300
3276 9301
8900 9302
2412 9303
7146 9304
1994 9305
6516 9306
2666 9307
1441 9308
9051 9309
2975 9310
3247 9311
3265 9312
696 9313
1687 9314
3059 9315
2056 9316
3918 9317
1947 9318
5389 9319
1037 9320
4637 9321
4028 9322
6963 9323
9289 9324
4857 9325
1272 9326
3591 9327
6860 9328
27 9329
4556 9330
4077 9331
9164 9332
3486 9333
4820 9334
6679 9335
2659 9336
2538 9337
3607 9338
902 9339
6947 9340
3646 9341
5901 9342
6008 9343
3207 9344
291 9345
4311 9346
2125 9347
7167 9348
4373 9349
2428 9350
3892 9351
8660 9352
8459 9353
7573 9354
2023 9355
3821 9356
281 9357
4789 9358
4059 9359
5370 9360
6140 9361
9253 9362
6830 9363
5591 9364
324 9365
3733 9366
5978 9367
5555 9368
3986 9369
3739 9370
1053 9371
6257 9372
8190 9373
4805 9374
3594 9375
4846 9376
8133 9377
3237 9378
1814 9379
3873 9380
2437 9381
8883 9382
1919 9383
2224 9384
6850 9385
2528 9386
5381 9387
3079 9388
4914 9389
3713 9390
603 9391
7885 9392
3498 9393
1742 9394
7148 9395
4525 9396
7857 9397
3723 9398
8 9399
1187 9400
2409 9401
3266 9402
8166 9403
2136 9404
8638 9405
3496 9406
6928 9407
2432 9408
2857 9409
4588 9410
5948 9411
3341 9412
6034 9413
6267 9414
6302 9415
7086 9416
2067 9417
8284 9418
4232 9419
1714 9420
5130 9421
271 9422
9022 9423
8879 9424
7841 9425
9083 9426
7605 9427
6942 9428
8663 9429
9413 9430
7464 9431
7859 9432
6795 9433
2690 9434
1113 9435
9280 9436
1138 9437
2566 9438
7858 9439
9411 9440
4087 9441
4598 9442
6434 9443
5101 9444
5033 9445
8976 9446
446 9447
2193 9448
35 9449
1328 9450
2267 9451
7161 9452
7229 9453
2812 9454
6788 9455
3285 9456
613 9457
5541 9458
3224 9459
2126 9460
445 9461
3184 9462
4053 9463
7291 9464
1358 9465
6100 9466
3685 9467
8277 9468
2035 9469
9248 9470
3093 9471
1984 9472
2395 9473
7945 9474
6702 9475
2323 9476
9311 9477
455 9478
9055 9479
4248 9480
5504 9481
4228 9482
5412 9483
4961 9484
8704 9485
7610 9486
158 9487
5082 9488
8622 9489
2733 9490
1359 9491
1133 9492
3 9493
6634 9494
8168 9495
9426 9496
1239 9497
2971 9498
3691 9499
5418 9500
4127 9501
8231 9502
3201 9503
8606 9504
9397 9505
9099 9506
7265 9507
5824 9508
1628 9509
3609 9510
1824 9511
2178 9512
2714 9513
2131 9514
7137 9515
8198 9516
8642 9517
2947 9518
4404 9519
469 9520
6214 9521
1866 9522
6038 9523
8206 9524
3554 9525
1460 9526
427 9527
1649 9528
6872 9529
5746 9530
194 9531
4881 9532
7971 9533
763 9534
4733 9535
5895 9536
3827 9537
2020 9538
2317 9539
3896 9540
2682 9541
4630 9542
2609 9543
4856 9544
7880 9545
1108 9546
8195 9547
8740 9548
2109 9549
6674 9550
5810 9551
3853 9552
8613 9553
3669 9554
5403 9555
2542 9556
5532 9557
2289 9558
7520 9559
8105 9560
3718 9561
2189 9562
1157 9563
4808 9564
8093 9565
8734 9566
8084 9567
5217 9568
157 9569
7740 9570
2597 9571
8118 9572
8041 9573
5275 9574
49 9575
2099 9576
7002 9577
8927 9578
2303 9579
670 9580
4231 9581
6232 9582
4928 9583
8860 9584
6228 9585
7150 9586
7872 9587
4145 9588
8748 9589
7915 9590
1035 9591
3079 9592
6992 9593
8322 9594
9252 9595
1932 9596
2307 9597
1707 9598
8911 9599
2965 9600
7099 9601
576 9602
4728 9603
4196 9604
2317 9605
5677 9606
3154 9607
7800 9608
4826 9609
1847 9610
8903 9611
942 9612
2445 9613
3842 9614
3680 9615
6136 9616
1174 9617
2757 9618
910 9619
1095 9620
6500 9621
4823 9622
6753 9623
3030 9624
4108 9625
5734 9626
3411 9627
3385 9628
5745 9629
795 9630
8084 9631
267 9632
2737 9633
9043 9634
959 9635
3196 9636
1086 9637
1608 9638
229 9639
8210 9640
2787 9641
9067 9642
7629 9643
4138 9644
4248 9645
8040 9646
339 9647
7769 9648
1001 9649
8231 9650
7230 9651
424 9652
6445 9653
3599 9654
1396 9655
2621 9656
266 9657
2520 9658
5920 9659
6478 9660
8989 9661
3515 9662
6282 9663
1323 9664
7275 9665
5276 9666
1877 9667
6679 9668
5753 9669
4852 9670
829 9671
4367 9672
4093 9673
2147 9674
1657 9675
4939 9676
4746 9677
1077 9678
1946 9679
2313 9680
5988 9681
509 9682
57 9683
2127 9684
9455 9685
1820 9686
5872 9687
7275 9688
6488 9689
4784 9690
8689 9691
1209 9692
5665 9693
367 9694
3833 9695
1981 9696
6414 9697
3817 9698
8944 9699
3089 9700
5127 9701
1056 9702
2661 9703
6217 9704
2394 9705
2377 9706
4404 9707
7913 9708
3965 9709
4604 9710
3916 9711
6495 9712
925 9713
6637 9714
7361 9715
2305 9716
1992 9717
5809 9718
84 9719
4737 9720
860 9721
4885 9722
6187 9723
5076 9724
8173 9725
5543 9726
555 9727
7304 9728
3269 9729
7293 9730
1208 9731
8150 9732
8506 9733
9255 9734
8070 9735
1974 9736
865 9737
4100 9738
773 9739
8495 9740
2828 9741
4565 9742
4551 9743
5730 9744
1161 9745
3178 9746
5117 9747
7350 9748
6760 9749
3480 9750
6047 9751
6583 9752
4628 9753
840 9754
2600 9755
2432 9756
2302 9757
9537 9758
5351 9759
2453 9760
8597 9761
4769 9762
38 9763
6921 9764
6937 9765
8920 9766
6664 9767
1927 9768
3400 9769
9041 9770
3744 9771
4467 9772
9480 9773
6951 9774
400 9775
4027 9776
5768 9777
8955 9778
6960 9779
6550 9780
9499 9781
6080 9782
6205 9783
8709 9784
5331 9785
4107 9786
3791 9787
4325 9788
58 9789
813 9790
3448 9791
4076 9792
1098 9793
2137 9794
8846 9795
2459 9796
5666 9797
9343 9798
5472 9799
4563 9800
9266 9801
9145 9802
6753 9803
2343 9804
7407 9805
4876 9806
1084 9807
4050 9808
2908 9809
3716 9810
3450 9811
4217 9812
8613 9813
4807 9814
1368 9815
5891 9816
513 9817
313 9818
2953 9819
1847 9820
7863 9821
113 9822
5504 9823
7189 9824
390 9825
1939 9826
8021 9827
3209 9828
7427 9829
494 9830
6746 9831
3916 9832
5155 9833
9667 9834
2128 9835
9688 9836
6995 9837
1347 9838
9145 9839
3327 9840
734 9841
6550 9842
7256 9843
2867 9844
1159 9845
7608 9846
5516 9847
1168 9848
1904 9849
1275 9850
5127 9851
7209 9852
4147 9853
5653 9854
5547 9855
5528 9856
6903 9857
698 9858
3424 9859
6260 9860
6244 9861
1841 9862
9226 9863
2440 9864
5069 9865
6273 9866
7798 9867
3722 9868
6616 9869
9337 9870
9773 9871
1577 9872
2038 9873
4144 9874
4254 9875
471 9876
1276 9877
6252 9878
2050 9879
2845 9880
6260 9881
2601 9882
5178 9883
4860 9884
781 9885
2689 9886
3455 9887
1244 9888
2787 9889
1583 9890
417 9891
3907 9892
253 9893
7037 9894
7503 9895
1297 9896
4470 9897
1245 9898
1753 9899
6021 9900
5738 9901
2842 9902
4222 9903
330 9904
7471 9905
9698 9906
2745 9907
6998 9908
4418 9909
9413 9910
374 9911
4699 9912
7475 9913
3946 9914
462 9915
4028 9916
1126 9917
3035 9918
1542 9919
1610 9920
399 9921
4766 9922
3573 9923
6733 9924
9028 9925
6280 9926
9213 9927
6300 9928
6210 9929
3838 9930
4473 9931
7040 9932
4462 9933
5166 9934
9397 9935
9320 9936
5276 9937
3501 9938
7072 9939
7352 9940
7530 9941
5532 9942
5737 9943
8943 9944
1036 9945
7425 9946
936 9947
9573 9948
2797 9949
8654 9950
5127 9951
9451 9952
489 9953
6986 9954
7013 9955
4613 9956
6164 9957
440 9958
809 9959
6108 9960
4347 9961
7115 9962
8658 9963
2513 9964
4621 9965
3774 9966
5562 9967
7516 9968
4969 9969
5692 9970
1453 9971
5481 9972
7797 9973
7464 9974
9431 9975
2964 9976
3441 9977
3038 9978
2366 9979
1171 9980
4175 9981
2557 9982
9160 9983
5828 9984
7379 9985
2302 9986
4870 9987
7736 9988
9470 9989
3541 9990
1451 9991
3512 9992
7553 9993
7458 9994
587 9995
9802 9996
5270 9997
3053 9998
2195 9999
