10000
0 1
0 2
1 3
2 4
3 5
1 6
0 7
0 8
7 9
5 10
1 11
1 12
8 13
11 14
0 15
15 16
7 17
7 18
3 19
4 20
15 21
18 22
9 23
14 24
8 25
4 26
19 27
13 28
17 29
21 30
1 31
24 32
24 33
23 34
13 35
13 36
6 37
18 38
24 39
24 40
7 41
29 42
5 43
37 44
36 45
33 46
4 47
41 48
4 49
23 50
20 51
22 52
14 53
16 54
0 55
14 56
28 57
4 58
35 59
59 60
18 61
35 62
61 63
59 64
64 65
55 66
52 67
65 68
37 69
35 70
59 71
58 72
21 73
67 74
72 75
66 76
19 77
13 78
45 79
56 80
28 81
80 82
3 83
19 84
32 85
54 86
80 87
61 88
15 89
7 90
0 91
12 92
76 93
6 94
76 95
72 96
48 97
65 98
74 99
80 100
92 101
33 102
67 103
8 104
92 105
6 106
91 107
90 108
97 109
8 110
18 111
3 112
26 113
7 114
83 115
9 116
88 117
85 118
70 119
43 120
83 121
66 122
99 123
81 124
112 125
93 126
96 127
68 128
82 129
87 130
10 131
44 132
95 133
66 134
17 135
56 136
134 137
34 138
27 139
105 140
4 141
41 142
86 143
68 144
65 145
40 146
66 147
37 148
21 149
42 150
137 151
104 152
2 153
50 154
11 155
9 156
6 157
82 158
14 159
58 160
129 161
141 162
66 163
86 164
39 165
140 166
72 167
51 168
103 169
44 170
121 171
49 172
157 173
96 174
13 175
33 176
55 177
72 178
109 179
15 180
161 181
81 182
17 183
180 184
33 185
85 186
143 187
158 188
116 189
4 190
95 191
113 192
173 193
171 194
161 195
81 196
17 197
185 198
121 199
161 200
89 201
50 202
155 203
108 204
113 205
76 206
101 207
163 208
180 209
46 210
134 211
106 212
188 213
96 214
93 215
6 216
24 217
138 218
196 219
78 220
56 221
105 222
5 223
208 224
213 225
210 226
68 227
119 228
58 229
37 230
119 231
186 232
181 233
47 234
153 235
64 236
164 237
104 238
22 239
66 240
83 241
106 242
98 243
208 244
174 245
38 246
128 247
119 248
22 249
224 250
213 251
82 252
8 253
215 254
237 255
192 256
218 257
221 258
32 259
234 260
249 261
212 262
168 263
198 264
10 265
246 266
130 267
147 268
113 269
96 270
100 271
101 272
265 273
75 274
101 275
275 276
207 277
200 278
38 279
207 280
22 281
95 282
86 283
134 284
61 285
190 286
252 287
105 288
184 289
108 290
9 291
231 292
220 293
137 294
291 295
180 296
250 297
49 298
292 299
237 300
198 301
163 302
78 303
181 304
84 305
254 306
297 307
44 308
265 309
305 310
290 311
62 312
92 313
130 314
262 315
158 316
9 317
127 318
190 319
179 320
82 321
278 322
82 323
290 324
283 325
261 326
311 327
309 328
253 329
115 330
119 331
300 332
50 333
328 334
97 335
251 336
169 337
133 338
199 339
55 340
220 341
193 342
269 343
180 344
180 345
95 346
308 347
129 348
268 349
180 350
41 351
134 352
196 353
320 354
55 355
3 356
287 357
231 358
184 359
258 360
149 361
35 362
298 363
183 364
15 365
71 366
188 367
237 368
19 369
110 370
108 371
192 372
306 373
62 374
217 375
184 376
323 377
369 378
17 379
41 380
71 381
1 382
311 383
201 384
18 385
230 386
86 387
206 388
362 389
151 390
315 391
368 392
34 393
224 394
370 395
69 396
386 397
139 398
211 399
68 400
12 401
219 402
63 403
210 404
368 405
220 406
317 407
179 408
191 409
25 410
94 411
176 412
379 413
357 414
300 415
261 416
25 417
335 418
224 419
22 420
291 421
82 422
346 423
402 424
382 425
40 426
386 427
291 428
336 429
359 430
141 431
423 432
260 433
50 434
177 435
214 436
400 437
314 438
354 439
101 440
41 441
327 442
5 443
167 444
359 445
443 446
333 447
66 448
244 449
295 450
330 451
356 452
281 453
214 454
257 455
79 456
208 457
401 458
449 459
441 460
278 461
25 462
159 463
256 464
301 465
357 466
181 467
292 468
387 469
116 470
456 471
326 472
131 473
156 474
462 475
254 476
7 477
255 478
51 479
392 480
154 481
163 482
294 483
384 484
121 485
192 486
384 487
262 488
137 489
210 490
232 491
455 492
142 493
475 494
304 495
485 496
350 497
284 498
269 499
288 500
499 501
130 502
1 503
110 504
408 505
252 506
278 507
312 508
452 509
290 510
346 511
95 512
164 513
358 514
87 515
142 516
73 517
143 518
126 519
144 520
187 521
478 522
254 523
240 524
464 525
348 526
37 527
31 528
292 529
357 530
334 531
494 532
37 533
492 534
271 535
397 536
72 537
118 538
137 539
67 540
116 541
219 542
214 543
526 544
130 545
312 546
118 547
14 548
235 549
139 550
155 551
93 552
329 553
1 554
345 555
302 556
46 557
63 558
488 559
502 560
360 561
460 562
190 563
186 564
523 565
57 566
559 567
562 568
35 569
403 570
284 571
349 572
55 573
84 574
103 575
223 576
89 577
560 578
416 579
283 580
22 581
513 582
127 583
349 584
495 585
310 586
229 587
251 588
487 589
310 590
57 591
178 592
581 593
275 594
326 595
551 596
398 597
355 598
541 599
78 600
462 601
145 602
270 603
335 604
221 605
462 606
585 607
56 608
599 609
161 610
311 611
194 612
557 613
505 614
545 615
471 616
378 617
136 618
79 619
308 620
573 621
290 622
188 623
186 624
513 625
326 626
484 627
614 628
277 629
116 630
483 631
449 632
274 633
157 634
12 635
481 636
393 637
433 638
92 639
258 640
281 641
319 642
531 643
179 644
225 645
598 646
217 647
381 648
109 649
221 650
69 651
500 652
11 653
532 654
498 655
71 656
168 657
555 658
165 659
395 660
619 661
606 662
62 663
75 664
387 665
174 666
352 667
263 668
563 669
254 670
11 671
548 672
305 673
406 674
123 675
334 676
217 677
527 678
163 679
29 680
503 681
666 682
389 683
249 684
606 685
517 686
264 687
241 688
425 689
685 690
53 691
118 692
60 693
142 694
371 695
299 696
411 697
554 698
578 699
192 700
261 701
164 702
598 703
584 704
342 705
123 706
242 707
683 708
200 709
380 710
196 711
568 712
403 713
56 714
441 715
365 716
642 717
397 718
709 719
640 720
250 721
437 722
89 723
399 724
298 725
131 726
5 727
315 728
528 729
136 730
608 731
482 732
691 733
535 734
268 735
276 736
681 737
353 738
243 739
726 740
68 741
508 742
22 743
326 744
139 745
521 746
184 747
562 748
548 749
674 750
453 751
300 752
265 753
574 754
272 755
37 756
249 757
55 758
659 759
305 760
509 761
691 762
187 763
155 764
191 765
216 766
275 767
49 768
200 769
447 770
511 771
710 772
664 773
442 774
657 775
758 776
441 777
68 778
165 779
134 780
570 781
689 782
613 783
669 784
764 785
456 786
463 787
281 788
52 789
697 790
152 791
606 792
84 793
151 794
529 795
392 796
230 797
79 798
765 799
455 800
53 801
672 802
2 803
524 804
677 805
424 806
45 807
34 808
193 809
298 810
453 811
606 812
794 813
297 814
307 815
282 816
356 817
361 818
594 819
343 820
723 821
236 822
322 823
642 824
658 825
315 826
742 827
384 828
113 829
553 830
272 831
510 832
818 833
814 834
661 835
604 836
23 837
729 838
80 839
72 840
636 841
165 842
749 843
553 844
438 845
287 846
465 847
396 848
833 849
734 850
642 851
139 852
303 853
328 854
162 855
421 856
336 857
755 858
742 859
213 860
565 861
511 862
797 863
798 864
707 865
629 866
633 867
598 868
85 869
384 870
682 871
793 872
624 873
555 874
455 875
809 876
333 877
21 878
283 879
635 880
863 881
406 882
334 883
385 884
75 885
182 886
296 887
310 888
574 889
338 890
172 891
437 892
430 893
840 894
403 895
750 896
324 897
884 898
613 899
593 900
478 901
747 902
497 903
821 904
203 905
173 906
380 907
176 908
786 909
860 910
97 911
271 912
324 913
303 914
252 915
460 916
351 917
898 918
424 919
534 920
168 921
221 922
733 923
545 924
677 925
18 926
450 927
727 928
820 929
422 930
575 931
35 932
829 933
62 934
746 935
283 936
241 937
680 938
69 939
443 940
171 941
45 942
251 943
224 944
438 945
400 946
387 947
106 948
440 949
801 950
946 951
869 952
53 953
754 954
702 955
709 956
581 957
11 958
829 959
257 960
112 961
267 962
517 963
574 964
950 965
344 966
872 967
581 968
789 969
119 970
446 971
914 972
324 973
210 974
308 975
725 976
795 977
842 978
149 979
817 980
31 981
366 982
302 983
155 984
382 985
386 986
524 987
637 988
601 989
165 990
531 991
532 992
820 993
928 994
498 995
459 996
204 997
990 998
460 999
385 1000
470 1001
80 1002
544 1003
241 1004
297 1005
483 1006
820 1007
103 1008
83 1009
843 1010
846 1011
414 1012
392 1013
991 1014
256 1015
88 1016
550 1017
113 1018
411 1019
161 1020
541 1021
32 1022
997 1023
568 1024
56 1025
996 1026
519 1027
870 1028
309 1029
309 1030
299 1031
152 1032
309 1033
103 1034
430 1035
831 1036
517 1037
245 1038
926 1039
127 1040
855 1041
74 1042
317 1043
544 1044
403 1045
391 1046
920 1047
212 1048
498 1049
176 1050
924 1051
636 1052
110 1053
318 1054
307 1055
276 1056
250 1057
133 1058
736 1059
594 1060
49 1061
350 1062
548 1063
266 1064
30 1065
704 1066
509 1067
478 1068
855 1069
801 1070
842 1071
946 1072
224 1073
922 1074
975 1075
805 1076
938 1077
745 1078
683 1079
854 1080
599 1081
150 1082
261 1083
200 1084
331 1085
91 1086
655 1087
210 1088
18 1089
312 1090
1058 1091
973 1092
857 1093
181 1094
1038 1095
607 1096
753 1097
208 1098
1020 1099
304 1100
1053 1101
354 1102
425 1103
331 1104
567 1105
893 1106
17 1107
627 1108
888 1109
189 1110
1024 1111
1087 1112
708 1113
73 1114
194 1115
555 1116
527 1117
673 1118
684 1119
376 1120
314 1121
402 1122
730 1123
269 1124
735 1125
486 1126
129 1127
975 1128
134 1129
1079 1130
571 1131
982 1132
854 1133
658 1134
760 1135
1 1136
708 1137
986 1138
695 1139
179 1140
863 1141
361 1142
330 1143
631 1144
152 1145
856 1146
830 1147
1030 1148
492 1149
1130 1150
272 1151
143 1152
486 1153
1015 1154
780 1155
959 1156
424 1157
748 1158
204 1159
57 1160
854 1161
351 1162
666 1163
619 1164
1080 1165
225 1166
0 1167
971 1168
253 1169
632 1170
129 1171
497 1172
903 1173
266 1174
903 1175
1142 1176
25 1177
424 1178
442 1179
1152 1180
937 1181
781 1182
1177 1183
894 1184
844 1185
639 1186
804 1187
935 1188
1008 1189
1028 1190
923 1191
1046 1192
811 1193
300 1194
854 1195
361 1196
1059 1197
313 1198
313 1199
306 1200
424 1201
237 1202
167 1203
349 1204
874 1205
1110 1206
1205 1207
51 1208
576 1209
1011 1210
193 1211
955 1212
803 1213
675 1214
360 1215
559 1216
639 1217
793 1218
998 1219
101 1220
488 1221
362 1222
405 1223
414 1224
400 1225
411 1226
1152 1227
182 1228
293 1229
1118 1230
554 1231
654 1232
908 1233
290 1234
355 1235
795 1236
572 1237
565 1238
1237 1239
1168 1240
160 1241
34 1242
811 1243
697 1244
543 1245
882 1246
653 1247
1064 1248
763 1249
759 1250
426 1251
188 1252
558 1253
1107 1254
494 1255
265 1256
1143 1257
718 1258
13 1259
928 1260
964 1261
1018 1262
846 1263
167 1264
483 1265
253 1266
314 1267
1142 1268
440 1269
1113 1270
1104 1271
651 1272
307 1273
316 1274
770 1275
391 1276
338 1277
309 1278
534 1279
114 1280
525 1281
1029 1282
1007 1283
514 1284
650 1285
564 1286
446 1287
591 1288
557 1289
383 1290
396 1291
925 1292
269 1293
321 1294
492 1295
916 1296
571 1297
820 1298
1194 1299
983 1300
40 1301
1107 1302
617 1303
525 1304
758 1305
749 1306
675 1307
969 1308
976 1309
385 1310
1151 1311
661 1312
812 1313
1295 1314
406 1315
1013 1316
11 1317
467 1318
723 1319
1167 1320
504 1321
438 1322
488 1323
1154 1324
277 1325
207 1326
505 1327
719 1328
355 1329
765 1330
921 1331
727 1332
911 1333
1111 1334
1168 1335
1022 1336
482 1337
427 1338
1239 1339
643 1340
1169 1341
1260 1342
657 1343
857 1344
382 1345
8 1346
697 1347
674 1348
505 1349
303 1350
883 1351
18 1352
1137 1353
1040 1354
661 1355
478 1356
329 1357
1348 1358
769 1359
366 1360
964 1361
683 1362
984 1363
955 1364
696 1365
864 1366
14 1367
1341 1368
249 1369
783 1370
48 1371
456 1372
733 1373
1369 1374
543 1375
582 1376
770 1377
572 1378
1260 1379
100 1380
632 1381
917 1382
780 1383
352 1384
521 1385
36 1386
742 1387
395 1388
359 1389
61 1390
975 1391
1210 1392
1082 1393
1034 1394
1178 1395
1054 1396
1260 1397
461 1398
1231 1399
92 1400
875 1401
1254 1402
842 1403
386 1404
1196 1405
466 1406
353 1407
611 1408
892 1409
756 1410
232 1411
993 1412
107 1413
1329 1414
1201 1415
1145 1416
167 1417
63 1418
1358 1419
139 1420
246 1421
701 1422
1333 1423
875 1424
505 1425
918 1426
744 1427
743 1428
1204 1429
952 1430
1289 1431
1201 1432
1040 1433
1367 1434
754 1435
775 1436
107 1437
816 1438
844 1439
921 1440
770 1441
625 1442
472 1443
1219 1444
963 1445
291 1446
752 1447
117 1448
453 1449
1001 1450
872 1451
119 1452
551 1453
691 1454
99 1455
104 1456
823 1457
1076 1458
1233 1459
245 1460
152 1461
232 1462
1146 1463
125 1464
1342 1465
1333 1466
820 1467
372 1468
458 1469
1378 1470
1208 1471
913 1472
1238 1473
297 1474
111 1475
944 1476
957 1477
690 1478
564 1479
771 1480
310 1481
574 1482
35 1483
1015 1484
1020 1485
339 1486
463 1487
395 1488
838 1489
1353 1490
212 1491
665 1492
588 1493
1066 1494
11 1495
224 1496
1307 1497
1408 1498
1447 1499
1129 1500
244 1501
394 1502
176 1503
464 1504
908 1505
1091 1506
265 1507
798 1508
27 1509
1243 1510
1506 1511
573 1512
644 1513
293 1514
393 1515
1139 1516
823 1517
157 1518
343 1519
938 1520
666 1521
225 1522
1447 1523
1123 1524
942 1525
606 1526
828 1527
698 1528
383 1529
1478 1530
541 1531
185 1532
170 1533
1491 1534
398 1535
737 1536
847 1537
478 1538
544 1539
1401 1540
177 1541
363 1542
119 1543
73 1544
1056 1545
587 1546
820 1547
1322 1548
397 1549
650 1550
1272 1551
926 1552
284 1553
629 1554
1093 1555
127 1556
1537 1557
1449 1558
655 1559
1082 1560
348 1561
1142 1562
377 1563
1066 1564
1135 1565
528 1566
828 1567
171 1568
210 1569
1012 1570
1349 1571
1555 1572
105 1573
1096 1574
4 1575
208 1576
234 1577
818 1578
0 1579
374 1580
115 1581
1291 1582
142 1583
767 1584
951 1585
894 1586
1513 1587
716 1588
985 1589
1538 1590
406 1591
1538 1592
254 1593
823 1594
726 1595
286 1596
1262 1597
1327 1598
1550 1599
213 1600
777 1601
1426 1602
46 1603
43 1604
358 1605
1491 1606
940 1607
321 1608
465 1609
1211 1610
901 1611
1181 1612
785 1613
1009 1614
825 1615
277 1616
354 1617
1318 1618
1523 1619
907 1620
587 1621
1373 1622
1287 1623
320 1624
998 1625
455 1626
805 1627
542 1628
882 1629
453 1630
220 1631
680 1632
1512 1633
273 1634
75 1635
1584 1636
788 1637
959 1638
675 1639
926 1640
1301 1641
47 1642
553 1643
648 1644
374 1645
1360 1646
796 1647
647 1648
585 1649
1300 1650
994 1651
129 1652
175 1653
367 1654
972 1655
1013 1656
1407 1657
1113 1658
880 1659
582 1660
1121 1661
837 1662
1289 1663
1004 1664
1247 1665
1583 1666
627 1667
399 1668
740 1669
408 1670
551 1671
93 1672
304 1673
1234 1674
913 1675
318 1676
1224 1677
1440 1678
1259 1679
799 1680
1531 1681
754 1682
1625 1683
1040 1684
706 1685
793 1686
119 1687
105 1688
1452 1689
1576 1690
586 1691
918 1692
1196 1693
257 1694
1417 1695
713 1696
672 1697
917 1698
292 1699
640 1700
42 1701
641 1702
787 1703
56 1704
604 1705
957 1706
298 1707
105 1708
1345 1709
1675 1710
569 1711
1059 1712
1398 1713
747 1714
1175 1715
816 1716
688 1717
1497 1718
1688 1719
1227 1720
602 1721
500 1722
584 1723
193 1724
1063 1725
263 1726
1708 1727
934 1728
1051 1729
1256 1730
283 1731
639 1732
882 1733
1584 1734
1115 1735
893 1736
1181 1737
389 1738
1359 1739
859 1740
498 1741
1349 1742
322 1743
828 1744
1245 1745
608 1746
7 1747
963 1748
261 1749
1247 1750
447 1751
1149 1752
1501 1753
1464 1754
1492 1755
1317 1756
796 1757
1560 1758
1732 1759
1420 1760
920 1761
1754 1762
472 1763
219 1764
36 1765
198 1766
622 1767
1476 1768
1006 1769
550 1770
119 1771
694 1772
377 1773
108 1774
1513 1775
1233 1776
1461 1777
893 1778
1691 1779
643 1780
1552 1781
96 1782
1237 1783
325 1784
1073 1785
1563 1786
325 1787
1668 1788
1405 1789
775 1790
1349 1791
1412 1792
1243 1793
1657 1794
1538 1795
1097 1796
1122 1797
1218 1798
1767 1799
207 1800
1616 1801
1201 1802
260 1803
940 1804
616 1805
338 1806
1246 1807
1180 1808
1190 1809
1651 1810
897 1811
658 1812
885 1813
429 1814
1768 1815
1572 1816
1721 1817
911 1818
850 1819
707 1820
364 1821
1615 1822
830 1823
820 1824
268 1825
976 1826
1212 1827
1322 1828
1687 1829
1244 1830
1377 1831
476 1832
233 1833
1405 1834
1006 1835
138 1836
574 1837
1577 1838
975 1839
1475 1840
307 1841
799 1842
1365 1843
566 1844
1312 1845
1203 1846
989 1847
2 1848
879 1849
22 1850
295 1851
833 1852
660 1853
758 1854
1046 1855
452 1856
1789 1857
958 1858
473 1859
1731 1860
984 1861
602 1862
296 1863
1109 1864
1596 1865
44 1866
1374 1867
467 1868
514 1869
1843 1870
1346 1871
1184 1872
1074 1873
321 1874
1433 1875
564 1876
380 1877
1488 1878
1365 1879
582 1880
260 1881
565 1882
1748 1883
1024 1884
858 1885
1522 1886
794 1887
1534 1888
1410 1889
1042 1890
1705 1891
1247 1892
1681 1893
313 1894
710 1895
520 1896
1364 1897
778 1898
242 1899
1193 1900
1553 1901
1563 1902
753 1903
1001 1904
677 1905
663 1906
1637 1907
1119 1908
1266 1909
370 1910
570 1911
1754 1912
952 1913
1407 1914
1169 1915
946 1916
1570 1917
587 1918
90 1919
936 1920
304 1921
1066 1922
505 1923
245 1924
841 1925
919 1926
214 1927
1398 1928
567 1929
1464 1930
1328 1931
1118 1932
770 1933
794 1934
235 1935
486 1936
592 1937
477 1938
499 1939
1169 1940
1567 1941
273 1942
785 1943
364 1944
260 1945
1299 1946
732 1947
285 1948
1134 1949
1192 1950
1208 1951
1100 1952
665 1953
484 1954
524 1955
280 1956
2 1957
296 1958
651 1959
1462 1960
988 1961
383 1962
1695 1963
1711 1964
1628 1965
1477 1966
624 1967
593 1968
341 1969
1088 1970
1837 1971
656 1972
46 1973
1125 1974
1546 1975
205 1976
815 1977
314 1978
805 1979
471 1980
1571 1981
1387 1982
1809 1983
816 1984
449 1985
866 1986
648 1987
1417 1988
83 1989
382 1990
74 1991
1666 1992
1932 1993
126 1994
877 1995
1728 1996
220 1997
560 1998
939 1999
1136 2000
1705 2001
594 2002
578 2003
41 2004
863 2005
722 2006
627 2007
1533 2008
188 2009
76 2010
882 2011
1392 2012
557 2013
1148 2014
1183 2015
125 2016
1769 2017
1862 2018
1023 2019
576 2020
1098 2021
1784 2022
1239 2023
24 2024
1708 2025
1733 2026
385 2027
945 2028
716 2029
315 2030
1060 2031
1853 2032
745 2033
1787 2034
1682 2035
1692 2036
1971 2037
1046 2038
10 2039
1876 2040
55 2041
59 2042
601 2043
26 2044
62 2045
1489 2046
1096 2047
90 2048
993 2049
1750 2050
1074 2051
373 2052
1650 2053
449 2054
1839 2055
897 2056
1456 2057
1246 2058
1952 2059
1621 2060
473 2061
819 2062
1951 2063
894 2064
267 2065
1440 2066
1601 2067
73 2068
1825 2069
605 2070
1519 2071
1721 2072
236 2073
1550 2074
978 2075
663 2076
373 2077
305 2078
1342 2079
1297 2080
172 2081
1886 2082
1509 2083
1616 2084
719 2085
1429 2086
994 2087
365 2088
859 2089
665 2090
739 2091
1830 2092
1443 2093
659 2094
1358 2095
1148 2096
1005 2097
989 2098
174 2099
1439 2100
1935 2101
1225 2102
1840 2103
614 2104
1846 2105
16 2106
1326 2107
1221 2108
1447 2109
362 2110
480 2111
1000 2112
539 2113
678 2114
654 2115
1896 2116
307 2117
946 2118
915 2119
2068 2120
431 2121
46 2122
1472 2123
1934 2124
1354 2125
1856 2126
1342 2127
30 2128
1409 2129
1811 2130
235 2131
1180 2132
1023 2133
74 2134
1290 2135
1825 2136
1309 2137
1353 2138
1364 2139
838 2140
173 2141
1304 2142
746 2143
1736 2144
1805 2145
1188 2146
1338 2147
1715 2148
690 2149
194 2150
164 2151
1405 2152
414 2153
621 2154
1193 2155
1014 2156
2066 2157
674 2158
599 2159
1454 2160
982 2161
1551 2162
1695 2163
1430 2164
114 2165
1910 2166
970 2167
1939 2168
1107 2169
20 2170
2014 2171
1731 2172
746 2173
1639 2174
1283 2175
409 2176
1393 2177
2057 2178
526 2179
1691 2180
1485 2181
2109 2182
896 2183
1794 2184
1899 2185
1466 2186
795 2187
1133 2188
236 2189
407 2190
1553 2191
1282 2192
282 2193
263 2194
1155 2195
454 2196
1424 2197
1301 2198
1011 2199
244 2200
732 2201
908 2202
1178 2203
215 2204
644 2205
1266 2206
1362 2207
1187 2208
2200 2209
2088 2210
863 2211
445 2212
1252 2213
1744 2214
1834 2215
1697 2216
2045 2217
1609 2218
2155 2219
1325 2220
349 2221
2123 2222
799 2223
323 2224
1710 2225
1750 2226
1658 2227
1128 2228
1391 2229
598 2230
1382 2231
1155 2232
60 2233
697 2234
1552 2235
96 2236
1626 2237
1626 2238
2181 2239
813 2240
1998 2241
1596 2242
1607 2243
1464 2244
275 2245
1200 2246
2241 2247
595 2248
970 2249
702 2250
734 2251
1712 2252
2076 2253
1742 2254
143 2255
1049 2256
895 2257
305 2258
243 2259
923 2260
1549 2261
558 2262
62 2263
1633 2264
1585 2265
1882 2266
497 2267
128 2268
693 2269
1842 2270
1339 2271
961 2272
1027 2273
2241 2274
238 2275
262 2276
208 2277
1728 2278
1696 2279
1824 2280
984 2281
163 2282
441 2283
1440 2284
1745 2285
266 2286
1086 2287
1548 2288
2237 2289
1655 2290
2086 2291
849 2292
2075 2293
1493 2294
214 2295
903 2296
318 2297
598 2298
398 2299
1272 2300
533 2301
56 2302
1934 2303
357 2304
1092 2305
1585 2306
2090 2307
569 2308
1367 2309
1331 2310
1907 2311
2031 2312
2226 2313
266 2314
1345 2315
667 2316
2070 2317
733 2318
195 2319
1300 2320
160 2321
1224 2322
455 2323
1428 2324
205 2325
240 2326
1002 2327
1659 2328
2252 2329
1735 2330
1082 2331
448 2332
2122 2333
1462 2334
1766 2335
322 2336
1117 2337
19 2338
1717 2339
482 2340
1522 2341
469 2342
473 2343
298 2344
1672 2345
307 2346
732 2347
2178 2348
950 2349
873 2350
1570 2351
2248 2352
267 2353
762 2354
701 2355
1877 2356
206 2357
2116 2358
1298 2359
774 2360
1105 2361
1769 2362
391 2363
1824 2364
857 2365
105 2366
566 2367
2240 2368
1563 2369
206 2370
1266 2371
2125 2372
592 2373
1960 2374
81 2375
791 2376
2017 2377
611 2378
1804 2379
1680 2380
668 2381
1238 2382
1601 2383
225 2384
534 2385
92 2386
672 2387
288 2388
1747 2389
821 2390
50 2391
2287 2392
516 2393
1001 2394
375 2395
1583 2396
1314 2397
466 2398
1609 2399
70 2400
1179 2401
197 2402
2174 2403
98 2404
2362 2405
1780 2406
228 2407
767 2408
585 2409
2095 2410
1742 2411
2239 2412
103 2413
1321 2414
10 2415
71 2416
2065 2417
2337 2418
1422 2419
621 2420
728 2421
930 2422
1400 2423
168 2424
1193 2425
1972 2426
754 2427
519 2428
88 2429
1283 2430
1631 2431
1086 2432
2056 2433
192 2434
1216 2435
1265 2436
452 2437
1856 2438
2393 2439
626 2440
224 2441
761 2442
289 2443
2349 2444
1312 2445
1707 2446
2135 2447
1474 2448
1122 2449
2386 2450
1720 2451
2351 2452
775 2453
1211 2454
1301 2455
2303 2456
1422 2457
1163 2458
705 2459
1570 2460
1446 2461
133 2462
1953 2463
910 2464
1151 2465
627 2466
173 2467
17 2468
1028 2469
139 2470
1333 2471
384 2472
1585 2473
2322 2474
1762 2475
1803 2476
331 2477
869 2478
1583 2479
922 2480
423 2481
1479 2482
177 2483
2027 2484
172 2485
2389 2486
2436 2487
709 2488
1313 2489
633 2490
1859 2491
1445 2492
2382 2493
1013 2494
2048 2495
1183 2496
1477 2497
2158 2498
2492 2499
1479 2500
653 2501
1748 2502
367 2503
440 2504
844 2505
95 2506
1664 2507
1429 2508
690 2509
1449 2510
200 2511
198 2512
2234 2513
136 2514
1455 2515
905 2516
301 2517
761 2518
40 2519
1746 2520
2502 2521
122 2522
1103 2523
1492 2524
1223 2525
445 2526
564 2527
1305 2528
252 2529
228 2530
976 2531
2475 2532
2340 2533
461 2534
194 2535
1027 2536
2447 2537
702 2538
1698 2539
1195 2540
601 2541
1991 2542
2015 2543
2111 2544
1074 2545
2289 2546
1815 2547
33 2548
2197 2549
1203 2550
1054 2551
1366 2552
2239 2553
48 2554
260 2555
1962 2556
1093 2557
56 2558
20 2559
163 2560
1558 2561
2376 2562
622 2563
1873 2564
2207 2565
1698 2566
2322 2567
770 2568
1368 2569
1278 2570
1576 2571
1968 2572
1743 2573
1664 2574
674 2575
1069 2576
1008 2577
1786 2578
702 2579
2251 2580
133 2581
2468 2582
1683 2583
744 2584
1624 2585
472 2586
1110 2587
417 2588
1377 2589
2241 2590
1522 2591
135 2592
799 2593
57 2594
697 2595
1405 2596
1946 2597
572 2598
565 2599
2506 2600
20 2601
1535 2602
642 2603
2506 2604
2105 2605
1925 2606
136 2607
2584 2608
1460 2609
1147 2610
697 2611
2479 2612
1669 2613
427 2614
1062 2615
2105 2616
139 2617
1255 2618
2512 2619
1119 2620
2557 2621
594 2622
1999 2623
1035 2624
1538 2625
1324 2626
1789 2627
2166 2628
2576 2629
2250 2630
1391 2631
1462 2632
283 2633
1710 2634
1897 2635
2163 2636
1886 2637
467 2638
2598 2639
2472 2640
1513 2641
1861 2642
528 2643
1916 2644
416 2645
304 2646
126 2647
2570 2648
1196 2649
1507 2650
1040 2651
2501 2652
1375 2653
450 2654
1998 2655
2072 2656
645 2657
903 2658
1476 2659
521 2660
621 2661
933 2662
854 2663
2181 2664
1673 2665
2574 2666
1802 2667
984 2668
2376 2669
322 2670
803 2671
2549 2672
2284 2673
603 2674
2152 2675
791 2676
2275 2677
2667 2678
645 2679
1449 2680
2167 2681
289 2682
829 2683
1979 2684
514 2685
1088 2686
263 2687
2326 2688
765 2689
1104 2690
73 2691
310 2692
1557 2693
881 2694
894 2695
1622 2696
1391 2697
2327 2698
233 2699
2268 2700
2182 2701
1532 2702
2535 2703
1686 2704
747 2705
2668 2706
2308 2707
1104 2708
360 2709
575 2710
764 2711
742 2712
1988 2713
942 2714
20 2715
889 2716
276 2717
1212 2718
2107 2719
877 2720
2023 2721
1035 2722
80 2723
1549 2724
1002 2725
2304 2726
1262 2727
2338 2728
2314 2729
1916 2730
1633 2731
1141 2732
1947 2733
1811 2734
2636 2735
1108 2736
356 2737
618 2738
338 2739
1211 2740
9 2741
2123 2742
1165 2743
659 2744
388 2745
1744 2746
2211 2747
494 2748
1095 2749
392 2750
573 2751
2436 2752
1683 2753
2396 2754
657 2755
2678 2756
1351 2757
1688 2758
1646 2759
2577 2760
1527 2761
1352 2762
584 2763
2209 2764
621 2765
1503 2766
2307 2767
231 2768
1739 2769
2478 2770
706 2771
2248 2772
674 2773
1492 2774
1915 2775
1086 2776
2268 2777
1176 2778
2296 2779
2116 2780
2641 2781
359 2782
2449 2783
325 2784
1448 2785
2026 2786
2475 2787
2017 2788
1402 2789
2641 2790
1443 2791
1587 2792
1040 2793
2627 2794
1779 2795
758 2796
735 2797
958 2798
999 2799
567 2800
823 2801
732 2802
1230 2803
2762 2804
91 2805
697 2806
168 2807
2169 2808
362 2809
1827 2810
287 2811
113 2812
111 2813
1468 2814
213 2815
534 2816
65 2817
52 2818
1858 2819
489 2820
993 2821
2573 2822
146 2823
2496 2824
995 2825
2740 2826
2290 2827
2 2828
1030 2829
2092 2830
1703 2831
2475 2832
1067 2833
1025 2834
1878 2835
2738 2836
1674 2837
2676 2838
1860 2839
90 2840
923 2841
2517 2842
2704 2843
1510 2844
842 2845
1210 2846
1928 2847
1664 2848
1201 2849
2266 2850
1403 2851
471 2852
2457 2853
2212 2854
691 2855
1695 2856
1545 2857
1517 2858
729 2859
994 2860
2556 2861
683 2862
1142 2863
2621 2864
1020 2865
538 2866
566 2867
180 2868
2846 2869
1653 2870
180 2871
1465 2872
1874 2873
2398 2874
384 2875
522 2876
807 2877
1014 2878
1129 2879
395 2880
2311 2881
260 2882
1263 2883
1623 2884
1594 2885
326 2886
266 2887
617 2888
1851 2889
2039 2890
621 2891
1145 2892
221 2893
289 2894
2267 2895
1315 2896
2766 2897
1755 2898
2156 2899
2876 2900
14 2901
67 2902
1249 2903
2648 2904
1349 2905
223 2906
833 2907
499 2908
1844 2909
1674 2910
1131 2911
638 2912
1437 2913
984 2914
719 2915
2329 2916
439 2917
671 2918
2438 2919
1502 2920
2497 2921
2149 2922
1248 2923
1065 2924
409 2925
1667 2926
1433 2927
1574 2928
375 2929
1159 2930
110 2931
2826 2932
1769 2933
1649 2934
1240 2935
2582 2936
725 2937
433 2938
2842 2939
2155 2940
1238 2941
134 2942
2291 2943
2467 2944
1240 2945
1947 2946
2408 2947
1816 2948
1290 2949
1070 2950
2583 2951
2142 2952
674 2953
1891 2954
1461 2955
1948 2956
2447 2957
368 2958
776 2959
1310 2960
140 2961
1520 2962
288 2963
1305 2964
2902 2965
321 2966
2076 2967
2186 2968
1043 2969
1673 2970
1401 2971
1184 2972
382 2973
2401 2974
1201 2975
672 2976
2132 2977
1347 2978
1840 2979
1070 2980
2141 2981
1176 2982
2800 2983
1137 2984
2156 2985
836 2986
2275 2987
1747 2988
174 2989
75 2990
37 2991
2882 2992
429 2993
2319 2994
863 2995
1167 2996
628 2997
2424 2998
673 2999
2797 3000
2266 3001
798 3002
2458 3003
1548 3004
1070 3005
1992 3006
2039 3007
2014 3008
968 3009
884 3010
2402 3011
2669 3012
2410 3013
624 3014
1445 3015
1759 3016
337 3017
1694 3018
1177 3019
1342 3020
2379 3021
382 3022
2756 3023
44 3024
1021 3025
987 3026
1611 3027
2718 3028
2873 3029
2801 3030
2449 3031
2519 3032
687 3033
276 3034
464 3035
967 3036
2139 3037
675 3038
2396 3039
1925 3040
1029 3041
1973 3042
2250 3043
2214 3044
1894 3045
1006 3046
2207 3047
2159 3048
1958 3049
898 3050
1335 3051
1177 3052
2792 3053
2049 3054
170 3055
2482 3056
10 3057
342 3058
2555 3059
803 3060
51 3061
386 3062
3008 3063
2496 3064
2304 3065
2379 3066
2942 3067
1771 3068
207 3069
2253 3070
1254 3071
444 3072
461 3073
1781 3074
2731 3075
1749 3076
1408 3077
2992 3078
455 3079
2410 3080
18 3081
651 3082
1227 3083
2315 3084
3027 3085
787 3086
1807 3087
1453 3088
2251 3089
3035 3090
2607 3091
13 3092
2358 3093
2362 3094
2654 3095
2679 3096
1625 3097
910 3098
988 3099
1594 3100
2555 3101
1667 3102
1602 3103
2765 3104
2288 3105
168 3106
1856 3107
1045 3108
2509 3109
173 3110
246 3111
472 3112
994 3113
342 3114
2737 3115
954 3116
2427 3117
2057 3118
1704 3119
229 3120
2314 3121
2527 3122
363 3123
2090 3124
2218 3125
2240 3126
2147 3127
909 3128
1450 3129
1226 3130
1017 3131
2534 3132
141 3133
1201 3134
1930 3135
3006 3136
303 3137
903 3138
314 3139
852 3140
185 3141
1052 3142
2508 3143
1649 3144
317 3145
995 3146
2788 3147
2648 3148
1153 3149
2264 3150
2869 3151
2914 3152
1936 3153
2924 3154
1681 3155
1908 3156
375 3157
528 3158
2229 3159
2283 3160
2620 3161
309 3162
2234 3163
2069 3164
2071 3165
2423 3166
3164 3167
2904 3168
1102 3169
486 3170
292 3171
768 3172
615 3173
833 3174
887 3175
1124 3176
1796 3177
872 3178
2917 3179
2522 3180
2067 3181
1333 3182
860 3183
2139 3184
2390 3185
1641 3186
722 3187
480 3188
2224 3189
1221 3190
1032 3191
590 3192
2695 3193
698 3194
1788 3195
412 3196
1224 3197
750 3198
2604 3199
3171 3200
1562 3201
2510 3202
1278 3203
2266 3204
902 3205
1561 3206
1945 3207
2371 3208
2142 3209
1499 3210
1318 3211
55 3212
1415 3213
3078 3214
454 3215
1545 3216
2782 3217
1533 3218
2539 3219
1650 3220
510 3221
556 3222
697 3223
441 3224
119 3225
2844 3226
739 3227
510 3228
1466 3229
409 3230
778 3231
1639 3232
94 3233
564 3234
2173 3235
2998 3236
2335 3237
1783 3238
2353 3239
3180 3240
1975 3241
688 3242
1130 3243
901 3244
1599 3245
699 3246
1225 3247
469 3248
2473 3249
68 3250
1981 3251
3030 3252
1274 3253
3183 3254
2756 3255
2195 3256
35 3257
2659 3258
838 3259
1805 3260
599 3261
395 3262
2936 3263
3180 3264
3177 3265
476 3266
526 3267
2940 3268
1782 3269
2651 3270
1865 3271
2432 3272
1149 3273
2337 3274
424 3275
610 3276
2381 3277
221 3278
2477 3279
2309 3280
1165 3281
824 3282
2994 3283
400 3284
201 3285
2674 3286
2504 3287
1259 3288
2561 3289
2722 3290
1702 3291
2583 3292
2906 3293
1073 3294
1156 3295
1273 3296
2192 3297
1317 3298
2616 3299
27 3300
2025 3301
2128 3302
2468 3303
2303 3304
2848 3305
1097 3306
766 3307
2708 3308
571 3309
2171 3310
1730 3311
1489 3312
292 3313
2054 3314
520 3315
1043 3316
2413 3317
146 3318
1894 3319
3194 3320
1651 3321
2546 3322
3032 3323
2433 3324
1111 3325
2433 3326
2367 3327
1431 3328
1993 3329
2970 3330
1141 3331
1377 3332
973 3333
1085 3334
2766 3335
2720 3336
1399 3337
1945 3338
223 3339
3117 3340
1644 3341
385 3342
2942 3343
1683 3344
2305 3345
1875 3346
2378 3347
1520 3348
2221 3349
452 3350
2107 3351
2312 3352
1993 3353
2047 3354
638 3355
2179 3356
2598 3357
1715 3358
926 3359
750 3360
1973 3361
1864 3362
2360 3363
1660 3364
1851 3365
506 3366
409 3367
2309 3368
2924 3369
2246 3370
1893 3371
2058 3372
151 3373
1859 3374
2052 3375
513 3376
342 3377
1974 3378
1060 3379
1704 3380
3264 3381
1055 3382
999 3383
1453 3384
2702 3385
1779 3386
2520 3387
2965 3388
2462 3389
326 3390
3374 3391
2534 3392
1654 3393
1047 3394
3245 3395
2453 3396
3351 3397
2496 3398
1847 3399
1900 3400
3292 3401
764 3402
2318 3403
2858 3404
917 3405
178 3406
2908 3407
1572 3408
2366 3409
2913 3410
1082 3411
804 3412
1325 3413
1779 3414
1179 3415
2697 3416
2415 3417
459 3418
2746 3419
2478 3420
2425 3421
453 3422
136 3423
454 3424
1706 3425
495 3426
1650 3427
2620 3428
1097 3429
2914 3430
658 3431
190 3432
982 3433
1340 3434
2882 3435
3347 3436
3201 3437
1512 3438
866 3439
3204 3440
801 3441
2421 3442
3422 3443
279 3444
27 3445
2270 3446
2210 3447
971 3448
741 3449
2302 3450
2633 3451
292 3452
80 3453
1657 3454
1825 3455
1624 3456
2887 3457
2383 3458
2079 3459
1916 3460
2642 3461
2412 3462
2811 3463
3291 3464
1571 3465
2174 3466
1786 3467
2619 3468
2995 3469
645 3470
832 3471
1129 3472
1026 3473
115 3474
3196 3475
912 3476
3399 3477
360 3478
353 3479
1773 3480
2390 3481
2513 3482
1097 3483
1373 3484
2139 3485
2820 3486
3265 3487
674 3488
2071 3489
2956 3490
2917 3491
1642 3492
1315 3493
1871 3494
242 3495
882 3496
1167 3497
2504 3498
3488 3499
3111 3500
2472 3501
1491 3502
1782 3503
2299 3504
442 3505
623 3506
2693 3507
374 3508
3365 3509
2243 3510
426 3511
925 3512
3137 3513
2161 3514
857 3515
2526 3516
1590 3517
3430 3518
3514 3519
2797 3520
804 3521
210 3522
1573 3523
1159 3524
18 3525
1289 3526
3306 3527
2197 3528
49 3529
774 3530
2014 3531
3403 3532
218 3533
3079 3534
3072 3535
2513 3536
203 3537
1012 3538
2565 3539
926 3540
2045 3541
1715 3542
829 3543
236 3544
2304 3545
3516 3546
2617 3547
1231 3548
2244 3549
3409 3550
536 3551
3105 3552
1120 3553
770 3554
129 3555
2137 3556
380 3557
1735 3558
3392 3559
2794 3560
2824 3561
2273 3562
288 3563
1351 3564
955 3565
724 3566
3323 3567
2133 3568
2269 3569
380 3570
1827 3571
1084 3572
3070 3573
3204 3574
1057 3575
785 3576
1766 3577
480 3578
540 3579
1547 3580
508 3581
3013 3582
1236 3583
2982 3584
1825 3585
9 3586
3309 3587
2105 3588
3293 3589
2294 3590
3509 3591
3242 3592
191 3593
1225 3594
2440 3595
2018 3596
2958 3597
614 3598
547 3599
2045 3600
2409 3601
2940 3602
868 3603
1312 3604
695 3605
288 3606
2361 3607
2310 3608
2638 3609
1528 3610
2770 3611
136 3612
1828 3613
902 3614
760 3615
1667 3616
3418 3617
1673 3618
1902 3619
3010 3620
624 3621
2586 3622
2994 3623
3101 3624
2655 3625
306 3626
753 3627
3450 3628
2803 3629
1015 3630
3356 3631
866 3632
6 3633
3331 3634
1018 3635
1289 3636
917 3637
2167 3638
3009 3639
2377 3640
30 3641
2779 3642
1822 3643
1068 3644
1234 3645
181 3646
1180 3647
2881 3648
1257 3649
2485 3650
1902 3651
1506 3652
497 3653
796 3654
1196 3655
507 3656
3458 3657
2523 3658
2383 3659
2213 3660
2458 3661
3161 3662
2464 3663
1947 3664
1359 3665
965 3666
2504 3667
1357 3668
2868 3669
2881 3670
324 3671
1411 3672
3619 3673
229 3674
3388 3675
3216 3676
2863 3677
2941 3678
278 3679
1832 3680
2569 3681
46 3682
859 3683
2539 3684
3084 3685
816 3686
1294 3687
1804 3688
783 3689
743 3690
999 3691
3176 3692
2404 3693
2897 3694
250 3695
642 3696
3242 3697
2502 3698
9 3699
470 3700
854 3701
1902 3702
2751 3703
3108 3704
2963 3705
1297 3706
40 3707
144 3708
2966 3709
2817 3710
3545 3711
384 3712
719 3713
302 3714
1488 3715
1698 3716
3482 3717
2211 3718
3404 3719
1559 3720
185 3721
1950 3722
3164 3723
1794 3724
1831 3725
3081 3726
1671 3727
2717 3728
3399 3729
1245 3730
946 3731
1705 3732
2276 3733
1526 3734
2136 3735
636 3736
3047 3737
3342 3738
2187 3739
3336 3740
1270 3741
3271 3742
3040 3743
1937 3744
1580 3745
695 3746
1677 3747
527 3748
1251 3749
2642 3750
2847 3751
1325 3752
2215 3753
819 3754
2006 3755
2657 3756
46 3757
2585 3758
1383 3759
2725 3760
1621 3761
1121 3762
797 3763
3625 3764
1024 3765
2934 3766
2388 3767
763 3768
1446 3769
2 3770
1204 3771
3611 3772
3428 3773
2336 3774
3140 3775
3171 3776
775 3777
1878 3778
752 3779
2958 3780
664 3781
2111 3782
279 3783
1582 3784
75 3785
2353 3786
3043 3787
703 3788
1009 3789
3414 3790
2810 3791
3042 3792
3227 3793
3341 3794
2254 3795
940 3796
3710 3797
1759 3798
1829 3799
2152 3800
2292 3801
1664 3802
2293 3803
2715 3804
1548 3805
910 3806
3363 3807
1501 3808
15 3809
2978 3810
3063 3811
438 3812
2213 3813
107 3814
2590 3815
114 3816
258 3817
1674 3818
2009 3819
3506 3820
598 3821
2403 3822
206 3823
3724 3824
3714 3825
184 3826
3254 3827
3349 3828
3212 3829
473 3830
2163 3831
3188 3832
518 3833
1814 3834
2701 3835
3210 3836
2995 3837
1949 3838
1451 3839
488 3840
1499 3841
838 3842
2242 3843
160 3844
2694 3845
2249 3846
3155 3847
1585 3848
1479 3849
2510 3850
3247 3851
772 3852
840 3853
182 3854
2767 3855
2059 3856
3397 3857
3026 3858
1671 3859
1947 3860
2635 3861
1791 3862
3788 3863
599 3864
2388 3865
1119 3866
527 3867
1893 3868
2118 3869
433 3870
894 3871
1516 3872
2882 3873
2753 3874
52 3875
3745 3876
1316 3877
579 3878
3670 3879
1378 3880
1119 3881
1690 3882
3498 3883
2226 3884
720 3885
1369 3886
2816 3887
3766 3888
2918 3889
2021 3890
1262 3891
1855 3892
31 3893
348 3894
2143 3895
1513 3896
573 3897
3674 3898
2192 3899
3419 3900
3675 3901
1007 3902
326 3903
3537 3904
1536 3905
1583 3906
3440 3907
403 3908
2968 3909
3722 3910
769 3911
934 3912
3339 3913
2465 3914
1141 3915
123 3916
2015 3917
2707 3918
3112 3919
3094 3920
3713 3921
3876 3922
204 3923
57 3924
1418 3925
2204 3926
3086 3927
1754 3928
2658 3929
173 3930
3817 3931
2322 3932
2988 3933
2087 3934
2763 3935
2143 3936
3718 3937
64 3938
3422 3939
682 3940
735 3941
1811 3942
2688 3943
1645 3944
983 3945
2516 3946
2168 3947
3385 3948
1458 3949
336 3950
3200 3951
355 3952
3532 3953
2796 3954
3447 3955
2432 3956
1216 3957
3662 3958
3690 3959
833 3960
455 3961
2545 3962
3197 3963
264 3964
482 3965
1951 3966
211 3967
989 3968
1855 3969
2249 3970
230 3971
836 3972
3872 3973
1908 3974
1953 3975
3711 3976
70 3977
38 3978
2828 3979
1658 3980
166 3981
2538 3982
469 3983
917 3984
1621 3985
32 3986
2711 3987
2654 3988
1908 3989
1008 3990
44 3991
1368 3992
1068 3993
2975 3994
3476 3995
291 3996
1660 3997
324 3998
2282 3999
1364 4000
3435 4001
1881 4002
3313 4003
2587 4004
3763 4005
3973 4006
2654 4007
1292 4008
1090 4009
2031 4010
191 4011
3135 4012
458 4013
3581 4014
3800 4015
420 4016
3611 4017
2534 4018
185 4019
3533 4020
114 4021
3969 4022
961 4023
77 4024
2417 4025
1067 4026
906 4027
3181 4028
274 4029
869 4030
2578 4031
204 4032
2709 4033
2742 4034
2600 4035
1860 4036
744 4037
3639 4038
1913 4039
691 4040
2886 4041
2883 4042
501 4043
2188 4044
2862 4045
2422 4046
6 4047
71 4048
1232 4049
1136 4050
2843 4051
974 4052
2896 4053
3614 4054
3188 4055
2889 4056
776 4057
2162 4058
147 4059
350 4060
2249 4061
2604 4062
766 4063
333 4064
27 4065
1589 4066
1435 4067
1555 4068
3347 4069
573 4070
217 4071
3198 4072
1691 4073
1627 4074
491 4075
3345 4076
1538 4077
26 4078
724 4079
7 4080
2804 4081
2248 4082
1549 4083
3913 4084
745 4085
2005 4086
923 4087
3955 4088
51 4089
4001 4090
3314 4091
3332 4092
940 4093
3338 4094
458 4095
1631 4096
3580 4097
3151 4098
309 4099
884 4100
1757 4101
1664 4102
131 4103
635 4104
2219 4105
3298 4106
2646 4107
2745 4108
2035 4109
991 4110
2585 4111
2844 4112
1841 4113
1842 4114
1686 4115
1870 4116
3699 4117
365 4118
804 4119
2517 4120
2366 4121
1562 4122
1252 4123
2529 4124
3322 4125
2868 4126
3013 4127
585 4128
3561 4129
1706 4130
79 4131
175 4132
3270 4133
1475 4134
859 4135
3539 4136
3016 4137
817 4138
2623 4139
2066 4140
3942 4141
3546 4142
3091 4143
3566 4144
685 4145
362 4146
717 4147
1768 4148
3449 4149
3791 4150
2717 4151
2965 4152
2197 4153
3316 4154
2289 4155
2387 4156
849 4157
1926 4158
2483 4159
3348 4160
2935 4161
819 4162
3665 4163
711 4164
3514 4165
270 4166
3283 4167
2205 4168
3194 4169
1462 4170
521 4171
3322 4172
3345 4173
2914 4174
915 4175
2853 4176
3068 4177
140 4178
1890 4179
4073 4180
642 4181
2491 4182
3734 4183
3572 4184
3215 4185
1689 4186
3078 4187
4028 4188
2311 4189
2003 4190
1380 4191
105 4192
1612 4193
453 4194
1260 4195
1178 4196
3872 4197
2413 4198
238 4199
1571 4200
1995 4201
207 4202
2871 4203
3406 4204
2122 4205
2421 4206
4145 4207
824 4208
737 4209
3188 4210
158 4211
227 4212
696 4213
497 4214
610 4215
1882 4216
2392 4217
2476 4218
2118 4219
141 4220
1904 4221
2387 4222
1170 4223
2669 4224
1041 4225
1998 4226
1570 4227
734 4228
2756 4229
2137 4230
1494 4231
1467 4232
2075 4233
966 4234
2701 4235
1673 4236
1122 4237
776 4238
4207 4239
593 4240
3818 4241
1806 4242
763 4243
903 4244
1774 4245
1728 4246
2009 4247
1551 4248
1260 4249
1258 4250
1293 4251
749 4252
2243 4253
1289 4254
1618 4255
3211 4256
1637 4257
4157 4258
2243 4259
3148 4260
2013 4261
1091 4262
364 4263
1230 4264
971 4265
2649 4266
170 4267
3177 4268
2387 4269
2339 4270
4088 4271
1270 4272
1447 4273
619 4274
1831 4275
1793 4276
829 4277
2583 4278
2804 4279
2571 4280
1993 4281
2799 4282
563 4283
2194 4284
148 4285
392 4286
873 4287
1194 4288
895 4289
4129 4290
386 4291
1195 4292
2879 4293
2245 4294
2975 4295
1252 4296
2124 4297
3700 4298
4053 4299
4024 4300
2649 4301
3515 4302
354 4303
3360 4304
3454 4305
798 4306
658 4307
956 4308
1478 4309
159 4310
2481 4311
3765 4312
513 4313
1246 4314
2610 4315
90 4316
2764 4317
2894 4318
3257 4319
657 4320
3607 4321
1738 4322
735 4323
3245 4324
1695 4325
2136 4326
3004 4327
365 4328
1468 4329
1562 4330
3907 4331
3076 4332
921 4333
393 4334
2027 4335
2983 4336
3560 4337
1992 4338
2281 4339
4070 4340
3975 4341
3381 4342
885 4343
798 4344
2842 4345
2443 4346
1091 4347
126 4348
169 4349
256 4350
301 4351
521 4352
1667 4353
3392 4354
1057 4355
204 4356
714 4357
2683 4358
673 4359
1665 4360
2436 4361
74 4362
857 4363
1451 4364
2063 4365
2247 4366
3255 4367
4002 4368
1272 4369
3597 4370
2165 4371
709 4372
1381 4373
4247 4374
762 4375
630 4376
3414 4377
2575 4378
607 4379
1730 4380
2457 4381
4290 4382
4369 4383
3194 4384
2720 4385
4182 4386
750 4387
2933 4388
2168 4389
1452 4390
2908 4391
439 4392
2539 4393
1173 4394
471 4395
3246 4396
288 4397
750 4398
2106 4399
3851 4400
4282 4401
1681 4402
457 4403
3186 4404
2688 4405
1863 4406
1841 4407
2205 4408
3537 4409
2519 4410
3612 4411
754 4412
229 4413
1325 4414
3175 4415
972 4416
1497 4417
3025 4418
2705 4419
760 4420
3989 4421
4004 4422
106 4423
2777 4424
3057 4425
873 4426
2628 4427
80 4428
260 4429
3446 4430
163 4431
3784 4432
4086 4433
557 4434
2248 4435
109 4436
1141 4437
668 4438
995 4439
3939 4440
4190 4441
597 4442
2508 4443
4145 4444
3414 4445
2562 4446
863 4447
4007 4448
2774 4449
89 4450
1353 4451
1745 4452
1743 4453
4009 4454
1459 4455
1413 4456
3701 4457
3490 4458
2662 4459
4263 4460
3955 4461
2022 4462
763 4463
290 4464
1174 4465
2540 4466
1582 4467
3282 4468
3434 4469
1135 4470
2810 4471
767 4472
1727 4473
4416 4474
3132 4475
865 4476
2315 4477
2976 4478
3739 4479
562 4480
2378 4481
1435 4482
4441 4483
3152 4484
1908 4485
2508 4486
3144 4487
3347 4488
3731 4489
1545 4490
1693 4491
581 4492
2935 4493
243 4494
1123 4495
2113 4496
525 4497
4452 4498
3157 4499
548 4500
1287 4501
2336 4502
2949 4503
4130 4504
1680 4505
1519 4506
1162 4507
2220 4508
517 4509
1339 4510
2815 4511
2902 4512
1709 4513
1278 4514
420 4515
4284 4516
245 4517
3984 4518
595 4519
1293 4520
1925 4521
3687 4522
4249 4523
3891 4524
2283 4525
3723 4526
484 4527
4076 4528
2493 4529
1666 4530
1739 4531
1316 4532
1752 4533
4170 4534
380 4535
4037 4536
418 4537
3986 4538
2743 4539
2799 4540
125 4541
3755 4542
3645 4543
2939 4544
4172 4545
4401 4546
474 4547
3358 4548
2008 4549
3209 4550
279 4551
3194 4552
4240 4553
559 4554
2181 4555
3181 4556
3088 4557
2919 4558
818 4559
1837 4560
3126 4561
435 4562
4026 4563
3446 4564
1675 4565
942 4566
352 4567
509 4568
3706 4569
1465 4570
3541 4571
2162 4572
4515 4573
4372 4574
854 4575
1993 4576
4564 4577
606 4578
2360 4579
1978 4580
3953 4581
2078 4582
4069 4583
3345 4584
889 4585
3454 4586
3613 4587
3935 4588
2530 4589
1474 4590
3313 4591
3114 4592
1344 4593
1975 4594
2350 4595
4086 4596
4107 4597
1970 4598
495 4599
3181 4600
2333 4601
4304 4602
2486 4603
4052 4604
3044 4605
1692 4606
2513 4607
3048 4608
614 4609
503 4610
2467 4611
1160 4612
3423 4613
2174 4614
2180 4615
4467 4616
614 4617
1994 4618
1409 4619
1400 4620
3330 4621
1518 4622
2908 4623
3852 4624
188 4625
3533 4626
3146 4627
1004 4628
233 4629
4485 4630
2614 4631
3004 4632
520 4633
2522 4634
505 4635
2027 4636
4246 4637
2593 4638
418 4639
3647 4640
3541 4641
1358 4642
3706 4643
68 4644
977 4645
2719 4646
4390 4647
3512 4648
581 4649
253 4650
3570 4651
1774 4652
932 4653
1732 4654
772 4655
2011 4656
2957 4657
4648 4658
3964 4659
1748 4660
3565 4661
4012 4662
4344 4663
969 4664
1636 4665
2923 4666
2437 4667
345 4668
487 4669
89 4670
1056 4671
4344 4672
3673 4673
579 4674
2347 4675
1505 4676
4558 4677
1149 4678
2358 4679
3600 4680
2381 4681
880 4682
2047 4683
1483 4684
3660 4685
2947 4686
1095 4687
3759 4688
3991 4689
694 4690
1375 4691
345 4692
3168 4693
4491 4694
1262 4695
3877 4696
1609 4697
2945 4698
3148 4699
2427 4700
2274 4701
4456 4702
480 4703
2873 4704
391 4705
1708 4706
340 4707
4176 4708
2237 4709
3682 4710
165 4711
1642 4712
4551 4713
2886 4714
3927 4715
2752 4716
154 4717
1331 4718
521 4719
4111 4720
3925 4721
3698 4722
1692 4723
284 4724
638 4725
197 4726
432 4727
3248 4728
1560 4729
2577 4730
2347 4731
3625 4732
4309 4733
1912 4734
1247 4735
4651 4736
4195 4737
446 4738
3323 4739
2893 4740
4581 4741
1607 4742
3334 4743
2096 4744
1978 4745
1617 4746
2064 4747
3084 4748
661 4749
1679 4750
2549 4751
564 4752
4134 4753
3215 4754
1179 4755
1453 4756
541 4757
3397 4758
2003 4759
2634 4760
3763 4761
2890 4762
4511 4763
4035 4764
205 4765
1516 4766
2516 4767
3925 4768
2737 4769
4448 4770
4035 4771
2116 4772
1383 4773
4684 4774
2092 4775
3232 4776
4387 4777
4474 4778
2445 4779
581 4780
769 4781
3033 4782
3254 4783
2423 4784
2400 4785
4327 4786
2011 4787
3108 4788
2645 4789
1357 4790
4004 4791
3787 4792
2057 4793
2396 4794
3708 4795
4332 4796
729 4797
1907 4798
3157 4799
2433 4800
4354 4801
3271 4802
2595 4803
1781 4804
552 4805
1981 4806
540 4807
795 4808
3165 4809
696 4810
2608 4811
2485 4812
2896 4813
3596 4814
1851 4815
4413 4816
2220 4817
1452 4818
3745 4819
2337 4820
3571 4821
297 4822
517 4823
1274 4824
826 4825
859 4826
306 4827
786 4828
2066 4829
1201 4830
1846 4831
309 4832
2805 4833
2655 4834
929 4835
1852 4836
3990 4837
2731 4838
3539 4839
2825 4840
2004 4841
763 4842
3219 4843
4566 4844
1236 4845
1369 4846
3506 4847
1153 4848
3264 4849
1091 4850
4370 4851
3207 4852
7 4853
2312 4854
2668 4855
2168 4856
751 4857
4432 4858
1565 4859
4375 4860
1347 4861
2501 4862
701 4863
4858 4864
4024 4865
4230 4866
3990 4867
1216 4868
1920 4869
4019 4870
2104 4871
1225 4872
4341 4873
1497 4874
1354 4875
278 4876
3569 4877
4550 4878
2208 4879
4042 4880
2618 4881
1633 4882
3889 4883
2851 4884
1806 4885
113 4886
1451 4887
3853 4888
102 4889
1525 4890
2630 4891
3452 4892
2830 4893
1918 4894
3346 4895
2200 4896
3050 4897
4053 4898
2337 4899
3170 4900
4410 4901
2187 4902
2401 4903
1029 4904
4442 4905
4063 4906
3817 4907
4818 4908
1868 4909
1536 4910
1460 4911
4143 4912
697 4913
3625 4914
795 4915
4161 4916
669 4917
2651 4918
2726 4919
3217 4920
3745 4921
3386 4922
2015 4923
4816 4924
1804 4925
102 4926
2778 4927
1303 4928
0 4929
765 4930
2042 4931
1122 4932
2032 4933
3341 4934
1151 4935
4603 4936
541 4937
2438 4938
639 4939
3005 4940
1592 4941
3976 4942
2075 4943
1465 4944
1612 4945
3748 4946
4142 4947
2157 4948
154 4949
58 4950
1736 4951
3252 4952
3707 4953
665 4954
2239 4955
309 4956
2217 4957
1096 4958
1283 4959
3391 4960
1595 4961
1355 4962
4141 4963
2316 4964
2227 4965
4448 4966
4544 4967
2924 4968
4862 4969
3053 4970
4046 4971
837 4972
746 4973
1372 4974
1081 4975
4656 4976
2145 4977
2564 4978
1269 4979
1847 4980
355 4981
4280 4982
2649 4983
2309 4984
3022 4985
4843 4986
3974 4987
2541 4988
4660 4989
4202 4990
2541 4991
3159 4992
1887 4993
1091 4994
4160 4995
1463 4996
3671 4997
4212 4998
540 4999
3344 5000
4923 5001
3625 5002
4231 5003
2548 5004
498 5005
3434 5006
3532 5007
4316 5008
3123 5009
2189 5010
1059 5011
2678 5012
3478 5013
461 5014
1228 5015
1885 5016
2185 5017
913 5018
3364 5019
4502 5020
3316 5021
2075 5022
2057 5023
4008 5024
384 5025
2265 5026
4292 5027
4109 5028
1661 5029
1487 5030
3729 5031
4151 5032
3672 5033
2866 5034
4996 5035
4163 5036
4750 5037
1099 5038
1079 5039
4469 5040
1146 5041
1412 5042
3182 5043
208 5044
824 5045
1231 5046
1899 5047
4620 5048
2687 5049
2401 5050
2283 5051
2030 5052
3595 5053
462 5054
4725 5055
890 5056
3671 5057
2097 5058
2618 5059
2548 5060
1820 5061
3381 5062
796 5063
2840 5064
2190 5065
3152 5066
1618 5067
238 5068
1104 5069
686 5070
197 5071
738 5072
18 5073
3516 5074
2889 5075
1263 5076
1790 5077
314 5078
4197 5079
5074 5080
184 5081
1219 5082
1942 5083
4625 5084
887 5085
3863 5086
1280 5087
4789 5088
3542 5089
201 5090
4722 5091
4745 5092
4218 5093
2509 5094
4410 5095
3068 5096
5025 5097
1608 5098
3722 5099
261 5100
4880 5101
1376 5102
3204 5103
2397 5104
2242 5105
1401 5106
4729 5107
4760 5108
2014 5109
1996 5110
2971 5111
1087 5112
3451 5113
1853 5114
654 5115
3681 5116
3258 5117
4731 5118
2801 5119
3649 5120
3171 5121
4839 5122
4101 5123
2904 5124
3682 5125
4799 5126
3960 5127
4867 5128
4987 5129
2159 5130
3182 5131
3031 5132
1619 5133
1572 5134
2524 5135
5068 5136
4004 5137
1994 5138
2915 5139
4578 5140
3651 5141
1517 5142
4184 5143
5139 5144
1709 5145
616 5146
2684 5147
4380 5148
396 5149
653 5150
3277 5151
549 5152
4649 5153
2677 5154
2672 5155
100 5156
2264 5157
62 5158
3701 5159
2037 5160
4425 5161
3223 5162
1505 5163
674 5164
1138 5165
3490 5166
680 5167
808 5168
2900 5169
5012 5170
469 5171
2643 5172
1265 5173
2643 5174
2328 5175
2317 5176
1986 5177
2422 5178
1696 5179
2652 5180
2255 5181
3591 5182
27 5183
1259 5184
4551 5185
4953 5186
4763 5187
239 5188
2093 5189
2389 5190
625 5191
4690 5192
2185 5193
1879 5194
2714 5195
3312 5196
2325 5197
2314 5198
1467 5199
3304 5200
1056 5201
705 5202
4045 5203
2721 5204
3704 5205
3413 5206
2994 5207
486 5208
2784 5209
5201 5210
822 5211
3943 5212
3684 5213
4702 5214
3662 5215
4249 5216
13 5217
53 5218
2623 5219
1795 5220
2079 5221
2265 5222
3028 5223
4898 5224
2795 5225
4346 5226
3379 5227
1834 5228
966 5229
393 5230
3535 5231
790 5232
1595 5233
4031 5234
107 5235
13 5236
2934 5237
1000 5238
1514 5239
4910 5240
1157 5241
4452 5242
2184 5243
174 5244
2761 5245
1147 5246
4413 5247
184 5248
3394 5249
4879 5250
4867 5251
1421 5252
1277 5253
3740 5254
1782 5255
2212 5256
3543 5257
1718 5258
1164 5259
535 5260
4618 5261
2606 5262
3498 5263
3688 5264
2947 5265
205 5266
1687 5267
3195 5268
113 5269
873 5270
4711 5271
2541 5272
3083 5273
1886 5274
1291 5275
5068 5276
203 5277
1072 5278
4641 5279
1615 5280
1546 5281
1439 5282
2912 5283
3105 5284
4645 5285
2240 5286
843 5287
145 5288
3774 5289
2538 5290
3542 5291
1509 5292
1170 5293
3449 5294
2394 5295
3959 5296
327 5297
4831 5298
3563 5299
3255 5300
4936 5301
4124 5302
685 5303
890 5304
3873 5305
1491 5306
1562 5307
2223 5308
1187 5309
2609 5310
4377 5311
488 5312
1045 5313
4091 5314
1188 5315
1263 5316
5025 5317
2555 5318
1931 5319
4953 5320
1406 5321
667 5322
2009 5323
5198 5324
3902 5325
1403 5326
3425 5327
4027 5328
4040 5329
4557 5330
4529 5331
473 5332
815 5333
2824 5334
4406 5335
3815 5336
1679 5337
3597 5338
5335 5339
4793 5340
4723 5341
409 5342
3689 5343
3561 5344
2177 5345
4194 5346
2903 5347
4678 5348
2279 5349
1001 5350
3373 5351
5212 5352
2803 5353
4629 5354
3654 5355
4040 5356
4369 5357
1769 5358
3755 5359
4524 5360
537 5361
4539 5362
1866 5363
760 5364
3574 5365
1855 5366
1952 5367
3266 5368
3862 5369
2411 5370
2808 5371
1155 5372
91 5373
4559 5374
2400 5375
956 5376
3961 5377
5159 5378
3850 5379
124 5380
1512 5381
4886 5382
4525 5383
3026 5384
2568 5385
2047 5386
1643 5387
1105 5388
1444 5389
1301 5390
3902 5391
1009 5392
2043 5393
3316 5394
1419 5395
5262 5396
3911 5397
2027 5398
3111 5399
156 5400
854 5401
1835 5402
3820 5403
4273 5404
443 5405
3662 5406
2757 5407
4167 5408
972 5409
3168 5410
4313 5411
2411 5412
1598 5413
4320 5414
1948 5415
4682 5416
4482 5417
4944 5418
1161 5419
4842 5420
4495 5421
5264 5422
2413 5423
4644 5424
4288 5425
4568 5426
2889 5427
3445 5428
4117 5429
3612 5430
1724 5431
2365 5432
540 5433
889 5434
5397 5435
2371 5436
2108 5437
3776 5438
5406 5439
2162 5440
952 5441
963 5442
2174 5443
2324 5444
1805 5445
1735 5446
1587 5447
1661 5448
5155 5449
1700 5450
3032 5451
1870 5452
3684 5453
4363 5454
2584 5455
4795 5456
3310 5457
5042 5458
2800 5459
5357 5460
1531 5461
5335 5462
5309 5463
549 5464
1388 5465
2771 5466
3010 5467
888 5468
3606 5469
2243 5470
4024 5471
903 5472
711 5473
4378 5474
5135 5475
2771 5476
3725 5477
1995 5478
1964 5479
699 5480
3923 5481
3613 5482
2375 5483
5123 5484
5356 5485
2852 5486
5033 5487
1487 5488
2658 5489
3349 5490
2686 5491
5440 5492
813 5493
2564 5494
3647 5495
1291 5496
2805 5497
974 5498
1534 5499
4582 5500
3959 5501
4493 5502
1364 5503
76 5504
3976 5505
5290 5506
2360 5507
99 5508
3940 5509
1509 5510
5497 5511
2796 5512
562 5513
3204 5514
3083 5515
235 5516
776 5517
2039 5518
3646 5519
5080 5520
822 5521
592 5522
1940 5523
2605 5524
1800 5525
3591 5526
711 5527
5472 5528
5029 5529
2895 5530
3938 5531
1839 5532
3171 5533
2009 5534
3840 5535
4523 5536
4542 5537
3453 5538
3432 5539
1798 5540
5416 5541
5214 5542
1680 5543
2784 5544
1288 5545
504 5546
1492 5547
4815 5548
4718 5549
5149 5550
1459 5551
3725 5552
2996 5553
269 5554
3513 5555
1195 5556
5385 5557
3203 5558
4933 5559
2420 5560
3679 5561
1292 5562
1149 5563
1756 5564
2710 5565
4665 5566
826 5567
2122 5568
2673 5569
595 5570
5253 5571
3558 5572
1048 5573
2155 5574
1185 5575
926 5576
2186 5577
3818 5578
4249 5579
4667 5580
4690 5581
1955 5582
4869 5583
1624 5584
5225 5585
3066 5586
2928 5587
11 5588
2820 5589
4031 5590
798 5591
3111 5592
1904 5593
3205 5594
2735 5595
3161 5596
4360 5597
3879 5598
5397 5599
2129 5600
5388 5601
463 5602
2607 5603
548 5604
2606 5605
3072 5606
565 5607
3560 5608
996 5609
2058 5610
4254 5611
5343 5612
1571 5613
882 5614
3333 5615
2943 5616
2546 5617
1233 5618
941 5619
2277 5620
2058 5621
5153 5622
3626 5623
1761 5624
1961 5625
268 5626
1910 5627
4269 5628
539 5629
3253 5630
2330 5631
3434 5632
3055 5633
5418 5634
149 5635
5120 5636
4617 5637
1891 5638
395 5639
3436 5640
2636 5641
1596 5642
3948 5643
2590 5644
78 5645
2189 5646
4927 5647
843 5648
4158 5649
4410 5650
747 5651
13 5652
1989 5653
2770 5654
4352 5655
3945 5656
4885 5657
5138 5658
5418 5659
1566 5660
130 5661
4484 5662
3337 5663
4412 5664
1169 5665
2114 5666
5237 5667
265 5668
2232 5669
1277 5670
2144 5671
1443 5672
4204 5673
1712 5674
3638 5675
1018 5676
3266 5677
1370 5678
1048 5679
3252 5680
2949 5681
3875 5682
2879 5683
1598 5684
892 5685
2055 5686
1536 5687
3129 5688
1882 5689
3049 5690
3136 5691
4218 5692
4619 5693
4614 5694
1066 5695
2286 5696
838 5697
3404 5698
2588 5699
3261 5700
283 5701
2987 5702
1551 5703
5477 5704
3634 5705
3363 5706
4122 5707
1129 5708
4079 5709
3609 5710
497 5711
1986 5712
2618 5713
5230 5714
3742 5715
5042 5716
1143 5717
1900 5718
2090 5719
2583 5720
3669 5721
5441 5722
2972 5723
4386 5724
2261 5725
3491 5726
2186 5727
3945 5728
201 5729
5150 5730
3585 5731
2750 5732
1958 5733
1134 5734
4626 5735
4361 5736
927 5737
4307 5738
1631 5739
3320 5740
92 5741
4947 5742
4773 5743
572 5744
863 5745
2481 5746
931 5747
767 5748
4700 5749
2907 5750
2511 5751
1300 5752
2540 5753
2177 5754
1790 5755
3594 5756
3019 5757
4415 5758
1838 5759
2197 5760
1329 5761
927 5762
4604 5763
3897 5764
337 5765
3150 5766
2090 5767
1584 5768
3698 5769
954 5770
2702 5771
82 5772
1744 5773
5063 5774
2468 5775
1452 5776
1793 5777
2798 5778
746 5779
3058 5780
108 5781
3063 5782
70 5783
2808 5784
5003 5785
4497 5786
2089 5787
4274 5788
699 5789
3191 5790
3647 5791
538 5792
5494 5793
2350 5794
3014 5795
3514 5796
1743 5797
3959 5798
3460 5799
843 5800
5092 5801
600 5802
5677 5803
2053 5804
4116 5805
1713 5806
1105 5807
5336 5808
3774 5809
3444 5810
1240 5811
4503 5812
354 5813
1419 5814
2941 5815
5186 5816
2220 5817
1620 5818
4227 5819
441 5820
5506 5821
5250 5822
3942 5823
2655 5824
435 5825
5053 5826
5282 5827
1209 5828
1017 5829
1707 5830
3168 5831
528 5832
3138 5833
5596 5834
1116 5835
2027 5836
4438 5837
2050 5838
3114 5839
3433 5840
2279 5841
370 5842
4095 5843
4741 5844
1361 5845
2954 5846
2935 5847
1228 5848
5352 5849
2575 5850
2187 5851
4513 5852
3440 5853
3879 5854
3466 5855
3182 5856
189 5857
4819 5858
2332 5859
2221 5860
3097 5861
1860 5862
1842 5863
783 5864
1350 5865
2966 5866
3938 5867
3662 5868
3550 5869
3107 5870
5572 5871
2838 5872
318 5873
4851 5874
646 5875
2606 5876
5036 5877
4817 5878
5321 5879
460 5880
3318 5881
726 5882
1016 5883
4048 5884
3076 5885
5678 5886
1809 5887
333 5888
5327 5889
2823 5890
5779 5891
5639 5892
5064 5893
4560 5894
2390 5895
706 5896
858 5897
3956 5898
1082 5899
664 5900
3368 5901
1660 5902
4423 5903
2761 5904
3916 5905
3871 5906
3259 5907
3960 5908
1787 5909
3086 5910
3832 5911
4771 5912
339 5913
306 5914
5484 5915
5503 5916
5258 5917
531 5918
3914 5919
549 5920
3257 5921
1220 5922
3302 5923
4452 5924
3249 5925
3460 5926
3087 5927
1079 5928
4195 5929
2278 5930
2577 5931
4394 5932
4014 5933
1602 5934
3659 5935
5352 5936
2538 5937
1858 5938
1005 5939
1968 5940
2493 5941
3023 5942
4597 5943
809 5944
2571 5945
940 5946
2887 5947
3777 5948
4215 5949
4389 5950
3573 5951
5085 5952
4351 5953
5346 5954
329 5955
4262 5956
1673 5957
5143 5958
1498 5959
2960 5960
1757 5961
4301 5962
2612 5963
811 5964
850 5965
3338 5966
5944 5967
2013 5968
113 5969
4615 5970
1308 5971
658 5972
2199 5973
281 5974
5739 5975
4709 5976
1716 5977
5379 5978
4821 5979
2936 5980
137 5981
1397 5982
3101 5983
1055 5984
4551 5985
4779 5986
2876 5987
1553 5988
4606 5989
5512 5990
5593 5991
5187 5992
2301 5993
838 5994
3643 5995
2193 5996
1335 5997
1998 5998
774 5999
2462 6000
5454 6001
3533 6002
2546 6003
3817 6004
2117 6005
317 6006
1333 6007
3793 6008
5547 6009
1671 6010
1916 6011
2842 6012
1615 6013
1019 6014
330 6015
5905 6016
1217 6017
4208 6018
2385 6019
3823 6020
3678 6021
2251 6022
4432 6023
1401 6024
661 6025
600 6026
2420 6027
4830 6028
162 6029
2944 6030
507 6031
2515 6032
4511 6033
4522 6034
3893 6035
1863 6036
4981 6037
4541 6038
2186 6039
979 6040
2030 6041
4392 6042
3720 6043
2077 6044
1947 6045
1902 6046
679 6047
5533 6048
1456 6049
4746 6050
5055 6051
5530 6052
2000 6053
3057 6054
3488 6055
177 6056
1361 6057
3169 6058
5343 6059
4915 6060
3723 6061
4835 6062
1169 6063
758 6064
4614 6065
1789 6066
1685 6067
5338 6068
2336 6069
640 6070
2461 6071
5396 6072
391 6073
1263 6074
3656 6075
5531 6076
5377 6077
4273 6078
5846 6079
553 6080
1823 6081
2547 6082
2578 6083
1175 6084
5580 6085
1742 6086
4692 6087
5709 6088
4921 6089
2609 6090
910 6091
2088 6092
23 6093
3566 6094
5718 6095
622 6096
2687 6097
1325 6098
3360 6099
1227 6100
5486 6101
3689 6102
2320 6103
6044 6104
3513 6105
3593 6106
3617 6107
4648 6108
4162 6109
1380 6110
868 6111
3870 6112
4686 6113
2356 6114
2102 6115
1766 6116
3697 6117
695 6118
1674 6119
1747 6120
1906 6121
863 6122
4948 6123
1081 6124
606 6125
908 6126
644 6127
5682 6128
5313 6129
6050 6130
3838 6131
3354 6132
1757 6133
2246 6134
2056 6135
5203 6136
2336 6137
5139 6138
115 6139
3818 6140
20 6141
2354 6142
84 6143
4451 6144
268 6145
3774 6146
5924 6147
4731 6148
2096 6149
75 6150
706 6151
1708 6152
5249 6153
316 6154
3706 6155
5137 6156
1779 6157
298 6158
3536 6159
1963 6160
3722 6161
3489 6162
111 6163
3099 6164
6060 6165
5148 6166
2370 6167
2496 6168
2703 6169
4927 6170
4072 6171
5927 6172
36 6173
4812 6174
596 6175
1314 6176
3010 6177
589 6178
5224 6179
3930 6180
3955 6181
866 6182
1292 6183
3536 6184
5305 6185
410 6186
666 6187
1270 6188
643 6189
1798 6190
5455 6191
2929 6192
4471 6193
2613 6194
6123 6195
3221 6196
3595 6197
3648 6198
5404 6199
2221 6200
985 6201
3103 6202
5380 6203
4893 6204
4298 6205
3156 6206
771 6207
6145 6208
1817 6209
2372 6210
318 6211
1010 6212
5343 6213
2851 6214
3789 6215
5959 6216
5117 6217
3862 6218
126 6219
2578 6220
5823 6221
532 6222
1218 6223
4427 6224
807 6225
4990 6226
2002 6227
5694 6228
4868 6229
6188 6230
1642 6231
2416 6232
1193 6233
447 6234
4865 6235
2170 6236
2842 6237
825 6238
5364 6239
1801 6240
2353 6241
1194 6242
53 6243
2421 6244
3315 6245
388 6246
3428 6247
4856 6248
470 6249
5839 6250
68 6251
4166 6252
604 6253
4169 6254
4234 6255
1811 6256
3376 6257
5649 6258
3986 6259
1192 6260
5747 6261
5919 6262
5078 6263
338 6264
4053 6265
4991 6266
2928 6267
3119 6268
1771 6269
5078 6270
43 6271
5826 6272
1333 6273
4877 6274
1822 6275
5021 6276
5799 6277
4286 6278
2078 6279
5565 6280
5651 6281
2849 6282
5141 6283
2793 6284
2405 6285
2424 6286
1687 6287
1327 6288
3531 6289
6239 6290
5016 6291
4260 6292
4130 6293
1838 6294
2357 6295
4971 6296
4763 6297
377 6298
6070 6299
5567 6300
159 6301
701 6302
2766 6303
692 6304
3055 6305
2113 6306
1271 6307
2871 6308
3758 6309
3046 6310
4124 6311
3620 6312
1525 6313
1213 6314
3562 6315
2041 6316
5836 6317
1961 6318
5883 6319
4024 6320
99 6321
4954 6322
2338 6323
4346 6324
4800 6325
3983 6326
5981 6327
1354 6328
5489 6329
5437 6330
577 6331
3168 6332
3180 6333
1958 6334
585 6335
4518 6336
553 6337
4621 6338
3517 6339
550 6340
539 6341
4440 6342
3567 6343
1942 6344
5983 6345
420 6346
1467 6347
4132 6348
2250 6349
4725 6350
2661 6351
4902 6352
1545 6353
890 6354
906 6355
4741 6356
1154 6357
2996 6358
3436 6359
5665 6360
878 6361
4155 6362
3589 6363
672 6364
4488 6365
2068 6366
2714 6367
5058 6368
1672 6369
2076 6370
5589 6371
5008 6372
932 6373
2005 6374
503 6375
4939 6376
5555 6377
614 6378
6219 6379
1660 6380
5160 6381
3227 6382
187 6383
3649 6384
1162 6385
834 6386
2245 6387
4719 6388
2280 6389
3270 6390
4601 6391
3214 6392
1887 6393
175 6394
2040 6395
6120 6396
4686 6397
2006 6398
2773 6399
3246 6400
2225 6401
1867 6402
45 6403
4955 6404
4152 6405
4576 6406
4843 6407
6010 6408
2445 6409
816 6410
2940 6411
1639 6412
5601 6413
4501 6414
849 6415
5537 6416
1820 6417
4379 6418
4130 6419
5642 6420
319 6421
3668 6422
2452 6423
3402 6424
456 6425
5896 6426
3918 6427
3440 6428
6289 6429
161 6430
3133 6431
3603 6432
3763 6433
4949 6434
2378 6435
3448 6436
6287 6437
187 6438
1486 6439
1565 6440
5117 6441
973 6442
3411 6443
650 6444
183 6445
2444 6446
3432 6447
5741 6448
55 6449
3786 6450
5179 6451
3003 6452
403 6453
5991 6454
153 6455
1621 6456
3552 6457
6283 6458
1102 6459
4580 6460
5197 6461
544 6462
215 6463
5593 6464
3734 6465
1534 6466
4834 6467
571 6468
197 6469
2161 6470
800 6471
1458 6472
3367 6473
435 6474
790 6475
1420 6476
2539 6477
3885 6478
321 6479
1502 6480
401 6481
950 6482
3077 6483
2562 6484
5228 6485
6229 6486
1490 6487
2430 6488
4648 6489
463 6490
1181 6491
1536 6492
6422 6493
145 6494
3474 6495
3783 6496
1306 6497
3942 6498
789 6499
2180 6500
3165 6501
301 6502
5605 6503
4914 6504
1893 6505
1108 6506
2878 6507
5291 6508
3825 6509
4002 6510
4400 6511
4460 6512
1112 6513
1407 6514
2741 6515
3499 6516
815 6517
5790 6518
2226 6519
6367 6520
4728 6521
5556 6522
1669 6523
5299 6524
940 6525
3518 6526
976 6527
1191 6528
1677 6529
3958 6530
616 6531
5823 6532
4992 6533
2781 6534
5809 6535
6085 6536
5613 6537
2033 6538
2563 6539
5445 6540
6130 6541
3360 6542
314 6543
1983 6544
2276 6545
487 6546
5721 6547
2017 6548
4913 6549
6384 6550
4865 6551
1918 6552
148 6553
2334 6554
1875 6555
4538 6556
2700 6557
2192 6558
667 6559
2463 6560
5332 6561
1621 6562
4088 6563
1167 6564
5020 6565
5075 6566
2652 6567
1363 6568
1323 6569
5317 6570
421 6571
351 6572
3301 6573
3659 6574
5140 6575
3231 6576
4900 6577
4001 6578
3303 6579
577 6580
6373 6581
4011 6582
4138 6583
6020 6584
945 6585
1710 6586
4435 6587
349 6588
4091 6589
824 6590
3003 6591
1240 6592
474 6593
1329 6594
308 6595
2661 6596
882 6597
3004 6598
4090 6599
1995 6600
3102 6601
3893 6602
448 6603
6421 6604
6202 6605
6332 6606
2743 6607
6147 6608
4086 6609
1364 6610
2182 6611
6156 6612
4712 6613
825 6614
919 6615
4497 6616
5009 6617
4393 6618
1517 6619
5208 6620
1919 6621
4526 6622
1400 6623
5754 6624
2273 6625
4193 6626
503 6627
3617 6628
864 6629
5565 6630
3905 6631
1582 6632
5730 6633
47 6634
2503 6635
6067 6636
3805 6637
116 6638
2887 6639
3476 6640
2803 6641
5488 6642
5688 6643
4919 6644
4225 6645
6568 6646
1737 6647
4765 6648
5209 6649
2178 6650
384 6651
4327 6652
3748 6653
5127 6654
1183 6655
556 6656
1466 6657
1444 6658
6076 6659
2743 6660
4835 6661
2941 6662
2293 6663
1221 6664
6259 6665
937 6666
2455 6667
6636 6668
2548 6669
79 6670
835 6671
3291 6672
5171 6673
5500 6674
5541 6675
1409 6676
56 6677
3510 6678
148 6679
3231 6680
1483 6681
3057 6682
5330 6683
485 6684
2309 6685
974 6686
1742 6687
3960 6688
2312 6689
1482 6690
1095 6691
3559 6692
3811 6693
3853 6694
4770 6695
5246 6696
846 6697
2131 6698
5262 6699
6594 6700
212 6701
1702 6702
4643 6703
2157 6704
2297 6705
2761 6706
4469 6707
4641 6708
5152 6709
2249 6710
1864 6711
3849 6712
999 6713
4856 6714
3091 6715
1755 6716
5804 6717
5115 6718
1519 6719
4580 6720
3699 6721
1742 6722
4630 6723
1000 6724
5358 6725
5727 6726
4179 6727
6137 6728
2100 6729
4845 6730
6548 6731
4699 6732
5382 6733
1085 6734
2761 6735
5461 6736
851 6737
6091 6738
361 6739
4074 6740
2935 6741
5862 6742
4354 6743
569 6744
5772 6745
2777 6746
2861 6747
3029 6748
3801 6749
3452 6750
3313 6751
3577 6752
5541 6753
5449 6754
319 6755
3391 6756
3078 6757
4637 6758
5058 6759
4232 6760
2579 6761
5253 6762
2021 6763
2700 6764
4517 6765
1131 6766
1920 6767
6506 6768
1448 6769
2895 6770
66 6771
4361 6772
2564 6773
3260 6774
475 6775
1600 6776
875 6777
3754 6778
3836 6779
1819 6780
6038 6781
1598 6782
4026 6783
959 6784
3143 6785
4799 6786
5306 6787
3537 6788
6265 6789
3722 6790
4522 6791
1801 6792
1075 6793
3683 6794
149 6795
2197 6796
1355 6797
3363 6798
2653 6799
1779 6800
4491 6801
3725 6802
5790 6803
5266 6804
1639 6805
816 6806
4765 6807
3757 6808
1087 6809
2021 6810
6590 6811
2317 6812
3858 6813
5894 6814
463 6815
2078 6816
3035 6817
975 6818
2755 6819
4719 6820
4068 6821
1521 6822
5905 6823
3373 6824
1938 6825
5577 6826
3512 6827
4709 6828
4635 6829
57 6830
2767 6831
1561 6832
6729 6833
3928 6834
5321 6835
4321 6836
6137 6837
516 6838
2966 6839
4714 6840
498 6841
2840 6842
1315 6843
402 6844
2667 6845
3355 6846
1719 6847
1725 6848
2346 6849
1259 6850
548 6851
3984 6852
3554 6853
2298 6854
5377 6855
3852 6856
4620 6857
4175 6858
3070 6859
6190 6860
6453 6861
4096 6862
540 6863
6164 6864
4889 6865
5331 6866
5593 6867
2734 6868
3226 6869
5931 6870
2939 6871
421 6872
5924 6873
2999 6874
4131 6875
5564 6876
3342 6877
6568 6878
1343 6879
3942 6880
6628 6881
468 6882
2089 6883
3879 6884
5743 6885
1310 6886
5710 6887
1622 6888
990 6889
2783 6890
1733 6891
6306 6892
3842 6893
1963 6894
2583 6895
1596 6896
3490 6897
3810 6898
6472 6899
2884 6900
3741 6901
2787 6902
6484 6903
576 6904
1106 6905
3508 6906
1815 6907
2001 6908
6170 6909
3281 6910
2472 6911
1759 6912
5672 6913
5331 6914
476 6915
3727 6916
5692 6917
4648 6918
941 6919
3563 6920
3636 6921
4933 6922
3500 6923
5442 6924
1105 6925
3000 6926
5498 6927
5144 6928
1148 6929
4784 6930
172 6931
2196 6932
6441 6933
2604 6934
3205 6935
6849 6936
4687 6937
5908 6938
1801 6939
762 6940
867 6941
6752 6942
3073 6943
1073 6944
259 6945
5874 6946
2644 6947
641 6948
4204 6949
4684 6950
392 6951
5682 6952
1831 6953
1027 6954
590 6955
3390 6956
1014 6957
5690 6958
3267 6959
2466 6960
4334 6961
3896 6962
5375 6963
6550 6964
5307 6965
2476 6966
4685 6967
5801 6968
5842 6969
3142 6970
5478 6971
1282 6972
1009 6973
3682 6974
4238 6975
5092 6976
4541 6977
882 6978
2320 6979
605 6980
1889 6981
3075 6982
2563 6983
2988 6984
2999 6985
1000 6986
3081 6987
4333 6988
1171 6989
3866 6990
2354 6991
848 6992
3960 6993
3426 6994
1783 6995
6470 6996
6694 6997
650 6998
252 6999
855 7000
6278 7001
5957 7002
4561 7003
4511 7004
681 7005
3094 7006
5143 7007
6015 7008
3510 7009
4269 7010
6638 7011
6187 7012
4023 7013
1930 7014
2763 7015
5362 7016
1944 7017
567 7018
4774 7019
433 7020
2799 7021
5868 7022
3314 7023
5787 7024
4504 7025
1750 7026
1557 7027
12 7028
4126 7029
4038 7030
5475 7031
3517 7032
5846 7033
3585 7034
2330 7035
2059 7036
5659 7037
4301 7038
2409 7039
1292 7040
5990 7041
6620 7042
4371 7043
1490 7044
6062 7045
5853 7046
3510 7047
2153 7048
1666 7049
5968 7050
6583 7051
4196 7052
1312 7053
1409 7054
1530 7055
6555 7056
3624 7057
1616 7058
7053 7059
6515 7060
3668 7061
2586 7062
2604 7063
6753 7064
3377 7065
3276 7066
6391 7067
2232 7068
3400 7069
3367 7070
4290 7071
2865 7072
3558 7073
4098 7074
2531 7075
3780 7076
3848 7077
4192 7078
61 7079
1892 7080
3810 7081
6520 7082
6863 7083
5811 7084
2331 7085
85 7086
3939 7087
4647 7088
387 7089
204 7090
1661 7091
5877 7092
5222 7093
1615 7094
4770 7095
4292 7096
5697 7097
6659 7098
996 7099
2288 7100
1590 7101
212 7102
4659 7103
4183 7104
2661 7105
2170 7106
5857 7107
2743 7108
1841 7109
4404 7110
1484 7111
4010 7112
6346 7113
4596 7114
6199 7115
6766 7116
3411 7117
4419 7118
3063 7119
1929 7120
3838 7121
3413 7122
6742 7123
108 7124
3355 7125
4102 7126
2596 7127
5798 7128
2142 7129
5415 7130
494 7131
4479 7132
3777 7133
6352 7134
6498 7135
3718 7136
1223 7137
6968 7138
2416 7139
2748 7140
6852 7141
6342 7142
4971 7143
3306 7144
1250 7145
6648 7146
4275 7147
5805 7148
37 7149
868 7150
1289 7151
567 7152
3780 7153
2758 7154
937 7155
6913 7156
2141 7157
3851 7158
163 7159
6071 7160
5900 7161
2607 7162
2717 7163
1723 7164
433 7165
1323 7166
1525 7167
3014 7168
1015 7169
4052 7170
622 7171
3275 7172
48 7173
1779 7174
3653 7175
3509 7176
7112 7177
4947 7178
197 7179
7027 7180
6559 7181
4534 7182
6584 7183
1674 7184
3898 7185
2304 7186
4483 7187
6447 7188
7080 7189
5047 7190
4877 7191
4734 7192
1101 7193
6591 7194
3531 7195
5290 7196
2532 7197
6129 7198
1113 7199
3774 7200
5217 7201
3088 7202
5721 7203
507 7204
78 7205
6010 7206
7100 7207
6771 7208
6720 7209
4271 7210
1681 7211
2566 7212
1973 7213
1312 7214
3219 7215
3546 7216
3644 7217
2532 7218
2574 7219
4580 7220
1221 7221
5081 7222
2015 7223
5116 7224
5793 7225
7061 7226
5032 7227
798 7228
6673 7229
3879 7230
4398 7231
6935 7232
4389 7233
3050 7234
4684 7235
3910 7236
6029 7237
1305 7238
4614 7239
6012 7240
6358 7241
5943 7242
1348 7243
1348 7244
3907 7245
4902 7246
2844 7247
3551 7248
1214 7249
3534 7250
355 7251
6594 7252
6779 7253
3139 7254
1204 7255
1666 7256
6410 7257
1887 7258
3762 7259
2817 7260
528 7261
5648 7262
4416 7263
2969 7264
3469 7265
2752 7266
3889 7267
5626 7268
5443 7269
366 7270
5425 7271
1967 7272
2003 7273
484 7274
6358 7275
3126 7276
3563 7277
2561 7278
5109 7279
6400 7280
2201 7281
7246 7282
2014 7283
2411 7284
1852 7285
4343 7286
2681 7287
270 7288
1438 7289
317 7290
1442 7291
6368 7292
4304 7293
7029 7294
1366 7295
3340 7296
1508 7297
2497 7298
889 7299
6744 7300
3065 7301
4530 7302
7209 7303
1830 7304
5264 7305
4990 7306
3037 7307
1692 7308
6029 7309
5178 7310
6535 7311
5063 7312
6295 7313
1036 7314
2266 7315
1036 7316
7270 7317
1922 7318
2266 7319
2656 7320
1288 7321
1337 7322
2100 7323
4138 7324
4473 7325
2148 7326
2527 7327
824 7328
6164 7329
2732 7330
2393 7331
6336 7332
2786 7333
2456 7334
635 7335
5207 7336
7021 7337
4134 7338
5526 7339
6985 7340
4588 7341
4541 7342
3818 7343
6826 7344
3165 7345
5931 7346
1306 7347
5964 7348
2829 7349
2363 7350
7062 7351
3018 7352
2562 7353
859 7354
957 7355
1037 7356
4914 7357
2082 7358
1145 7359
2853 7360
3709 7361
794 7362
2203 7363
4570 7364
726 7365
3738 7366
2224 7367
4259 7368
6418 7369
1113 7370
583 7371
827 7372
2812 7373
2223 7374
4629 7375
4146 7376
1862 7377
3058 7378
5508 7379
7158 7380
4503 7381
3443 7382
2366 7383
2258 7384
7074 7385
6493 7386
1836 7387
531 7388
1536 7389
6095 7390
1581 7391
1786 7392
270 7393
5851 7394
4353 7395
3553 7396
3126 7397
5251 7398
6120 7399
5634 7400
3622 7401
4409 7402
6010 7403
7124 7404
7001 7405
1695 7406
6207 7407
4086 7408
5435 7409
3240 7410
935 7411
3609 7412
5079 7413
5211 7414
3254 7415
1234 7416
2509 7417
783 7418
60 7419
2197 7420
3448 7421
543 7422
3976 7423
3808 7424
2604 7425
935 7426
5778 7427
6783 7428
3793 7429
7396 7430
7302 7431
3619 7432
7258 7433
2977 7434
5591 7435
3493 7436
4945 7437
1337 7438
600 7439
1408 7440
1900 7441
3787 7442
364 7443
7131 7444
6797 7445
41 7446
6232 7447
216 7448
3887 7449
6256 7450
549 7451
6339 7452
5427 7453
3862 7454
5170 7455
511 7456
383 7457
923 7458
6953 7459
5026 7460
7455 7461
3695 7462
7388 7463
1464 7464
4710 7465
7003 7466
5978 7467
2286 7468
543 7469
3922 7470
4702 7471
5846 7472
5004 7473
2193 7474
1594 7475
5134 7476
2269 7477
7449 7478
383 7479
5892 7480
3526 7481
3409 7482
5694 7483
4397 7484
670 7485
315 7486
2322 7487
5119 7488
6771 7489
2044 7490
6156 7491
27 7492
3863 7493
3651 7494
2366 7495
6223 7496
6616 7497
5998 7498
1985 7499
6230 7500
1304 7501
5085 7502
525 7503
5874 7504
4523 7505
259 7506
7 7507
266 7508
3356 7509
4710 7510
131 7511
352 7512
627 7513
5657 7514
1465 7515
1275 7516
4345 7517
2514 7518
590 7519
1991 7520
1418 7521
9 7522
3361 7523
62 7524
5895 7525
6452 7526
7515 7527
6529 7528
2185 7529
7291 7530
5429 7531
579 7532
4401 7533
2840 7534
7484 7535
2282 7536
7475 7537
4250 7538
4997 7539
2109 7540
3442 7541
6737 7542
7287 7543
5378 7544
6311 7545
706 7546
5433 7547
1844 7548
6689 7549
1457 7550
909 7551
2497 7552
1994 7553
1922 7554
5081 7555
6342 7556
5351 7557
1545 7558
4677 7559
6262 7560
1548 7561
3308 7562
2428 7563
3063 7564
2448 7565
3122 7566
119 7567
6662 7568
7019 7569
4836 7570
2802 7571
3286 7572
5745 7573
2152 7574
7048 7575
3908 7576
145 7577
662 7578
4166 7579
1725 7580
7117 7581
5963 7582
4505 7583
1235 7584
4613 7585
1739 7586
1922 7587
2393 7588
6644 7589
6461 7590
6870 7591
5117 7592
6108 7593
980 7594
5557 7595
1579 7596
7483 7597
175 7598
6082 7599
6752 7600
2577 7601
4702 7602
1109 7603
1248 7604
5601 7605
174 7606
7356 7607
212 7608
96 7609
4636 7610
6346 7611
3734 7612
2574 7613
3133 7614
125 7615
1766 7616
6846 7617
460 7618
6240 7619
2145 7620
6194 7621
4406 7622
2166 7623
1848 7624
3224 7625
1647 7626
1372 7627
3887 7628
3836 7629
6932 7630
583 7631
7038 7632
1941 7633
631 7634
4105 7635
1312 7636
5899 7637
3530 7638
6777 7639
4667 7640
5462 7641
5825 7642
6655 7643
775 7644
4964 7645
6175 7646
2587 7647
1474 7648
6778 7649
1737 7650
6964 7651
7463 7652
5735 7653
2131 7654
4237 7655
1069 7656
5920 7657
3834 7658
5978 7659
3035 7660
5553 7661
3766 7662
7165 7663
2858 7664
6708 7665
4944 7666
311 7667
6274 7668
6400 7669
7338 7670
3469 7671
1448 7672
3421 7673
5432 7674
7115 7675
6224 7676
3413 7677
678 7678
3680 7679
4143 7680
6598 7681
4950 7682
1851 7683
1715 7684
520 7685
6865 7686
2193 7687
4437 7688
3793 7689
7264 7690
6626 7691
7394 7692
1498 7693
2441 7694
1868 7695
858 7696
1010 7697
7511 7698
7442 7699
566 7700
4437 7701
5551 7702
2687 7703
4325 7704
2704 7705
4751 7706
616 7707
2228 7708
736 7709
4047 7710
6418 7711
372 7712
6277 7713
5063 7714
3301 7715
1324 7716
148 7717
6122 7718
5173 7719
6888 7720
1606 7721
4062 7722
5371 7723
7414 7724
5926 7725
7100 7726
1786 7727
311 7728
2320 7729
7548 7730
2231 7731
6111 7732
7268 7733
5944 7734
5328 7735
2664 7736
5584 7737
6868 7738
609 7739
696 7740
7114 7741
1188 7742
1209 7743
410 7744
2724 7745
86 7746
2194 7747
7012 7748
7355 7749
6458 7750
5249 7751
7342 7752
996 7753
794 7754
110 7755
6161 7756
6083 7757
6205 7758
1583 7759
4920 7760
360 7761
1722 7762
5236 7763
3863 7764
6925 7765
2461 7766
6509 7767
1010 7768
1639 7769
2599 7770
2813 7771
1532 7772
2287 7773
7411 7774
3933 7775
3210 7776
5479 7777
2559 7778
4501 7779
3017 7780
7232 7781
4777 7782
4528 7783
1239 7784
5004 7785
7120 7786
3735 7787
2292 7788
890 7789
3779 7790
7546 7791
3031 7792
7277 7793
6244 7794
2108 7795
1620 7796
6754 7797
4405 7798
2361 7799
1075 7800
7344 7801
2580 7802
477 7803
4336 7804
4376 7805
7293 7806
6023 7807
2089 7808
7573 7809
4253 7810
2357 7811
556 7812
633 7813
3480 7814
2489 7815
7154 7816
3947 7817
1986 7818
7338 7819
1327 7820
978 7821
4599 7822
5772 7823
4618 7824
1331 7825
4533 7826
436 7827
5463 7828
608 7829
5156 7830
912 7831
475 7832
354 7833
4985 7834
4033 7835
3196 7836
466 7837
2066 7838
7547 7839
2114 7840
127 7841
7385 7842
4957 7843
4341 7844
1137 7845
2461 7846
4329 7847
4344 7848
4481 7849
4732 7850
1752 7851
4437 7852
1620 7853
3136 7854
2095 7855
666 7856
710 7857
1949 7858
1607 7859
4280 7860
7738 7861
525 7862
4079 7863
650 7864
2509 7865
6474 7866
614 7867
275 7868
81 7869
3184 7870
4358 7871
3548 7872
6177 7873
3224 7874
608 7875
1840 7876
2413 7877
4152 7878
6313 7879
7209 7880
5031 7881
4718 7882
4160 7883
2276 7884
7610 7885
2884 7886
4284 7887
2447 7888
2422 7889
1095 7890
108 7891
1682 7892
718 7893
1333 7894
1092 7895
4815 7896
4295 7897
377 7898
6139 7899
5835 7900
1772 7901
5481 7902
7054 7903
4958 7904
2092 7905
2414 7906
5098 7907
6196 7908
1622 7909
1080 7910
6570 7911
5341 7912
6421 7913
7483 7914
6954 7915
6318 7916
339 7917
5913 7918
2457 7919
5825 7920
1696 7921
5891 7922
1853 7923
6531 7924
973 7925
14 7926
4374 7927
1059 7928
7633 7929
7372 7930
7778 7931
22 7932
2919 7933
6590 7934
3451 7935
3761 7936
3266 7937
468 7938
2393 7939
4426 7940
6395 7941
209 7942
1632 7943
3652 7944
1305 7945
1356 7946
5160 7947
520 7948
1223 7949
80 7950
6817 7951
6312 7952
3120 7953
7900 7954
771 7955
2053 7956
6869 7957
863 7958
503 7959
4310 7960
5153 7961
6940 7962
5686 7963
3337 7964
1602 7965
1909 7966
6965 7967
381 7968
6606 7969
2076 7970
2492 7971
4611 7972
6610 7973
3744 7974
182 7975
4757 7976
308 7977
4360 7978
2763 7979
6854 7980
2686 7981
4584 7982
1289 7983
619 7984
7317 7985
3593 7986
4894 7987
5205 7988
3163 7989
3892 7990
7909 7991
3432 7992
473 7993
7084 7994
7935 7995
251 7996
7254 7997
1053 7998
7847 7999
7210 8000
2425 8001
2386 8002
6045 8003
4949 8004
1934 8005
4306 8006
2484 8007
7761 8008
6208 8009
7417 8010
3976 8011
4467 8012
4474 8013
618 8014
5466 8015
4787 8016
3963 8017
3234 8018
2495 8019
491 8020
4428 8021
488 8022
118 8023
7065 8024
3746 8025
4835 8026
7072 8027
1962 8028
3849 8029
1825 8030
4339 8031
3456 8032
7689 8033
2898 8034
3056 8035
7000 8036
2279 8037
6705 8038
1021 8039
376 8040
6981 8041
4836 8042
5671 8043
529 8044
7906 8045
1428 8046
6797 8047
7752 8048
1773 8049
5834 8050
5010 8051
1178 8052
6017 8053
2210 8054
328 8055
6800 8056
5292 8057
2747 8058
4988 8059
4652 8060
432 8061
5984 8062
5188 8063
5446 8064
6726 8065
263 8066
1825 8067
2318 8068
1323 8069
3874 8070
7288 8071
7354 8072
174 8073
6655 8074
6715 8075
7118 8076
7019 8077
421 8078
1140 8079
3794 8080
2400 8081
6637 8082
582 8083
844 8084
1524 8085
1163 8086
5528 8087
4543 8088
1611 8089
7600 8090
4827 8091
6491 8092
1135 8093
5348 8094
3234 8095
1029 8096
1592 8097
4889 8098
3795 8099
3517 8100
2177 8101
3420 8102
8051 8103
2655 8104
7946 8105
1232 8106
6485 8107
2671 8108
5611 8109
3602 8110
3457 8111
7801 8112
8080 8113
6186 8114
3364 8115
6299 8116
2766 8117
2761 8118
413 8119
2188 8120
385 8121
7115 8122
2703 8123
3153 8124
629 8125
4531 8126
788 8127
581 8128
3114 8129
7356 8130
2994 8131
3939 8132
727 8133
1242 8134
7670 8135
5414 8136
5165 8137
8035 8138
5566 8139
1064 8140
7477 8141
5791 8142
3445 8143
116 8144
6541 8145
2702 8146
4134 8147
4984 8148
6026 8149
948 8150
1789 8151
4336 8152
361 8153
2399 8154
3542 8155
4118 8156
4142 8157
5533 8158
1028 8159
2446 8160
7583 8161
4583 8162
2910 8163
1434 8164
2336 8165
6192 8166
3237 8167
7745 8168
237 8169
1401 8170
5671 8171
6261 8172
2054 8173
7274 8174
957 8175
6476 8176
1874 8177
6995 8178
2274 8179
6171 8180
1053 8181
3738 8182
3436 8183
5730 8184
2858 8185
7581 8186
5389 8187
7628 8188
1425 8189
6756 8190
8155 8191
2408 8192
3363 8193
5675 8194
7690 8195
7778 8196
4734 8197
7922 8198
1530 8199
6126 8200
2374 8201
2720 8202
815 8203
2605 8204
3775 8205
5022 8206
4637 8207
249 8208
7789 8209
2374 8210
6814 8211
7556 8212
2491 8213
7269 8214
165 8215
5708 8216
1149 8217
1355 8218
7095 8219
281 8220
7449 8221
3730 8222
2748 8223
1050 8224
4764 8225
718 8226
6388 8227
6989 8228
7092 8229
1271 8230
1748 8231
2686 8232
5597 8233
5296 8234
2933 8235
3934 8236
3834 8237
1238 8238
7981 8239
1283 8240
6368 8241
1898 8242
3236 8243
3854 8244
1631 8245
4623 8246
4085 8247
652 8248
6058 8249
8151 8250
417 8251
6631 8252
5589 8253
5294 8254
7381 8255
4334 8256
2352 8257
1109 8258
5420 8259
4433 8260
1077 8261
2546 8262
4550 8263
4560 8264
5249 8265
7468 8266
61 8267
4478 8268
2413 8269
3448 8270
5399 8271
1298 8272
5350 8273
7681 8274
2452 8275
2955 8276
7302 8277
2543 8278
3816 8279
139 8280
5303 8281
665 8282
2722 8283
7460 8284
5027 8285
833 8286
4937 8287
6826 8288
4428 8289
7408 8290
3693 8291
2196 8292
4355 8293
154 8294
2778 8295
7686 8296
5240 8297
4877 8298
6141 8299
3942 8300
1063 8301
7417 8302
927 8303
5790 8304
4674 8305
1426 8306
337 8307
1505 8308
4793 8309
4546 8310
5230 8311
2961 8312
3439 8313
4813 8314
8213 8315
5081 8316
7288 8317
856 8318
3523 8319
8087 8320
4057 8321
64 8322
2067 8323
84 8324
2688 8325
4289 8326
7014 8327
4390 8328
2381 8329
5737 8330
3184 8331
7102 8332
1896 8333
5920 8334
6900 8335
718 8336
6274 8337
4052 8338
1187 8339
1865 8340
4545 8341
2777 8342
6906 8343
3678 8344
6016 8345
4257 8346
2755 8347
6301 8348
7629 8349
5647 8350
4329 8351
4636 8352
2520 8353
6580 8354
1206 8355
2482 8356
7477 8357
5949 8358
4211 8359
1650 8360
4215 8361
8229 8362
7382 8363
7813 8364
339 8365
5742 8366
4713 8367
1915 8368
4090 8369
7897 8370
3281 8371
2215 8372
2702 8373
2566 8374
1588 8375
3650 8376
3468 8377
2278 8378
7918 8379
7282 8380
1080 8381
3665 8382
744 8383
6883 8384
2900 8385
940 8386
3392 8387
2645 8388
5584 8389
516 8390
7715 8391
1264 8392
461 8393
6612 8394
1609 8395
3677 8396
264 8397
1471 8398
1749 8399
4845 8400
1940 8401
1843 8402
4663 8403
6910 8404
2496 8405
6471 8406
5077 8407
8092 8408
4197 8409
8345 8410
3291 8411
1146 8412
1208 8413
4076 8414
5631 8415
5042 8416
1142 8417
3921 8418
4322 8419
6459 8420
3389 8421
5640 8422
6450 8423
4880 8424
7850 8425
7734 8426
5160 8427
6960 8428
7607 8429
2531 8430
5122 8431
2588 8432
4924 8433
6021 8434
5590 8435
504 8436
3134 8437
5177 8438
3489 8439
3125 8440
1133 8441
3783 8442
3244 8443
1138 8444
4581 8445
5545 8446
5757 8447
2130 8448
2791 8449
590 8450
7221 8451
1266 8452
6581 8453
1819 8454
6226 8455
7212 8456
3167 8457
71 8458
4210 8459
1595 8460
3789 8461
3670 8462
6891 8463
2479 8464
303 8465
3168 8466
6352 8467
5435 8468
2116 8469
4647 8470
582 8471
3725 8472
1930 8473
614 8474
7201 8475
4098 8476
3663 8477
4359 8478
5387 8479
299 8480
5036 8481
5836 8482
1933 8483
2903 8484
5104 8485
1673 8486
6481 8487
3650 8488
5605 8489
3244 8490
1314 8491
1982 8492
5575 8493
1926 8494
1523 8495
5952 8496
4495 8497
7783 8498
1657 8499
6764 8500
7687 8501
4202 8502
6601 8503
7212 8504
3366 8505
5661 8506
7041 8507
710 8508
5545 8509
724 8510
5065 8511
4389 8512
6991 8513
7351 8514
3769 8515
3062 8516
10 8517
3738 8518
8135 8519
844 8520
1555 8521
5042 8522
1857 8523
2324 8524
3692 8525
1173 8526
6918 8527
6309 8528
369 8529
2284 8530
404 8531
6643 8532
3086 8533
3853 8534
3613 8535
7314 8536
254 8537
1955 8538
2472 8539
4610 8540
2844 8541
7899 8542
2245 8543
328 8544
376 8545
2855 8546
1901 8547
1135 8548
1724 8549
6422 8550
3757 8551
2472 8552
2389 8553
1930 8554
2262 8555
1819 8556
7094 8557
168 8558
3463 8559
1879 8560
4460 8561
4909 8562
60 8563
7416 8564
7200 8565
7630 8566
5619 8567
2254 8568
6692 8569
4258 8570
6454 8571
1913 8572
4059 8573
5340 8574
5128 8575
5531 8576
2125 8577
727 8578
5627 8579
6562 8580
1022 8581
1798 8582
4242 8583
2391 8584
7667 8585
3407 8586
2357 8587
6237 8588
3835 8589
360 8590
3059 8591
8078 8592
1432 8593
1496 8594
4849 8595
4794 8596
6747 8597
5585 8598
2127 8599
1402 8600
512 8601
6886 8602
2843 8603
6500 8604
6775 8605
7178 8606
6137 8607
839 8608
7579 8609
736 8610
1076 8611
5474 8612
3065 8613
4915 8614
6522 8615
6032 8616
5151 8617
5835 8618
8282 8619
7903 8620
5336 8621
4446 8622
3153 8623
2049 8624
987 8625
1784 8626
3817 8627
5518 8628
2484 8629
3819 8630
2739 8631
500 8632
1004 8633
3926 8634
4501 8635
783 8636
4394 8637
4160 8638
830 8639
628 8640
1381 8641
4084 8642
4495 8643
744 8644
5250 8645
4534 8646
4060 8647
7309 8648
1984 8649
3952 8650
5786 8651
5717 8652
5681 8653
3756 8654
2680 8655
3738 8656
1860 8657
2175 8658
5625 8659
4001 8660
3737 8661
4675 8662
6637 8663
3621 8664
4994 8665
4979 8666
995 8667
246 8668
4012 8669
4048 8670
286 8671
7786 8672
3249 8673
5686 8674
4929 8675
7616 8676
1534 8677
3113 8678
3509 8679
7924 8680
8290 8681
4957 8682
1817 8683
3827 8684
4274 8685
3146 8686
2222 8687
6175 8688
5573 8689
6297 8690
7285 8691
3388 8692
2551 8693
1743 8694
648 8695
5076 8696
4777 8697
8005 8698
6731 8699
2817 8700
600 8701
7291 8702
8292 8703
369 8704
5134 8705
5705 8706
5870 8707
3042 8708
6523 8709
1880 8710
2662 8711
3382 8712
878 8713
6221 8714
2712 8715
816 8716
5645 8717
2023 8718
8671 8719
8569 8720
2680 8721
6241 8722
3187 8723
6206 8724
2183 8725
4884 8726
4174 8727
3227 8728
4551 8729
7893 8730
1679 8731
2811 8732
3526 8733
8524 8734
3865 8735
1584 8736
3105 8737
5345 8738
2289 8739
5734 8740
4304 8741
1070 8742
759 8743
3771 8744
3414 8745
85 8746
893 8747
4326 8748
2910 8749
530 8750
1695 8751
3392 8752
6916 8753
6412 8754
3949 8755
1958 8756
286 8757
8260 8758
3169 8759
4704 8760
5624 8761
5220 8762
7526 8763
1825 8764
2856 8765
6673 8766
4609 8767
3473 8768
2511 8769
7653 8770
4809 8771
2627 8772
3204 8773
3996 8774
979 8775
1475 8776
5294 8777
4237 8778
4275 8779
1287 8780
2394 8781
7550 8782
4092 8783
8716 8784
14 8785
1606 8786
792 8787
5247 8788
5006 8789
2026 8790
4805 8791
588 8792
3557 8793
4007 8794
2829 8795
6959 8796
8098 8797
3269 8798
8070 8799
6554 8800
7847 8801
1232 8802
2999 8803
7770 8804
4996 8805
3188 8806
1401 8807
5837 8808
3921 8809
91 8810
5704 8811
5356 8812
8330 8813
1589 8814
1348 8815
5284 8816
2245 8817
5249 8818
912 8819
7670 8820
2698 8821
4767 8822
4549 8823
8007 8824
1227 8825
7480 8826
1771 8827
8073 8828
4701 8829
3841 8830
4243 8831
4692 8832
6569 8833
5052 8834
1520 8835
6864 8836
8737 8837
6471 8838
6180 8839
4395 8840
1626 8841
1633 8842
5191 8843
7245 8844
2394 8845
3367 8846
7931 8847
4193 8848
6496 8849
3394 8850
1148 8851
4875 8852
945 8853
2949 8854
4350 8855
4113 8856
7470 8857
4531 8858
5589 8859
4595 8860
4381 8861
6711 8862
4844 8863
8390 8864
2944 8865
7647 8866
381 8867
390 8868
2896 8869
4412 8870
1103 8871
4107 8872
6571 8873
6597 8874
6201 8875
6701 8876
8750 8877
6554 8878
1823 8879
5404 8880
3793 8881
8170 8882
4792 8883
1306 8884
8530 8885
2969 8886
173 8887
4954 8888
3333 8889
1165 8890
3275 8891
4000 8892
820 8893
1987 8894
6038 8895
4218 8896
8854 8897
1800 8898
2146 8899
4155 8900
2637 8901
3732 8902
6204 8903
4006 8904
7665 8905
3937 8906
1836 8907
2166 8908
4633 8909
8030 8910
2863 8911
891 8912
228 8913
8560 8914
2879 8915
7907 8916
2285 8917
1022 8918
3702 8919
3169 8920
6313 8921
6703 8922
8212 8923
4746 8924
1662 8925
3554 8926
6240 8927
502 8928
4563 8929
4394 8930
2027 8931
2918 8932
8318 8933
1169 8934
4423 8935
5980 8936
6375 8937
5336 8938
1998 8939
190 8940
5054 8941
6433 8942
5261 8943
6454 8944
419 8945
5221 8946
4735 8947
7717 8948
5683 8949
2721 8950
7978 8951
7463 8952
5286 8953
530 8954
1277 8955
3995 8956
2539 8957
6373 8958
1937 8959
6339 8960
7066 8961
2846 8962
5410 8963
4698 8964
1258 8965
6331 8966
4684 8967
6900 8968
5447 8969
8093 8970
2787 8971
6718 8972
6794 8973
1763 8974
8261 8975
6263 8976
1026 8977
1643 8978
2221 8979
773 8980
152 8981
3860 8982
7730 8983
92 8984
4840 8985
3506 8986
5202 8987
1284 8988
1319 8989
685 8990
558 8991
1673 8992
1464 8993
4879 8994
5697 8995
1440 8996
1400 8997
3559 8998
8445 8999
7144 9000
5670 9001
3321 9002
94 9003
2782 9004
25 9005
4586 9006
3680 9007
5748 9008
5352 9009
7088 9010
5297 9011
799 9012
8153 9013
1115 9014
5254 9015
2720 9016
7798 9017
908 9018
4312 9019
1120 9020
1738 9021
5276 9022
2748 9023
2352 9024
3957 9025
6375 9026
5281 9027
2580 9028
7398 9029
2506 9030
4331 9031
2286 9032
8603 9033
114 9034
2526 9035
7301 9036
4615 9037
2632 9038
3028 9039
5110 9040
3668 9041
6781 9042
371 9043
6607 9044
7177 9045
8325 9046
2265 9047
7779 9048
5531 9049
4531 9050
6939 9051
6881 9052
588 9053
3786 9054
1068 9055
2048 9056
4728 9057
272 9058
7417 9059
7310 9060
2289 9061
4787 9062
5946 9063
5287 9064
5425 9065
6952 9066
3412 9067
5985 9068
3937 9069
9010 9070
5223 9071
7909 9072
7095 9073
4549 9074
6761 9075
3597 9076
1454 9077
3303 9078
7122 9079
5388 9080
463 9081
4679 9082
1300 9083
1173 9084
3973 9085
6573 9086
8798 9087
6336 9088
3815 9089
243 9090
3439 9091
8445 9092
4450 9093
8360 9094
2640 9095
2003 9096
5284 9097
8686 9098
2814 9099
980 9100
2153 9101
2939 9102
4339 9103
4377 9104
1419 9105
5505 9106
101 9107
9100 9108
5672 9109
3237 9110
7492 9111
1740 9112
4111 9113
8250 9114
5173 9115
3290 9116
1296 9117
5405 9118
7167 9119
25 9120
2154 9121
7765 9122
8288 9123
451 9124
2378 9125
3148 9126
745 9127
6122 9128
1568 9129
5481 9130
1135 9131
2931 9132
4430 9133
2564 9134
5169 9135
4698 9136
988 9137
7523 9138
5438 9139
7326 9140
7828 9141
1082 9142
5995 9143
6628 9144
8820 9145
4959 9146
3382 9147
2734 9148
933 9149
1242 9150
1013 9151
5748 9152
110 9153
2808 9154
2366 9155
966 9156
2236 9157
6707 9158
6524 9159
1507 9160
3646 9161
5380 9162
8122 9163
238 9164
804 9165
8457 9166
5210 9167
4303 9168
4700 9169
7523 9170
7734 9171
7533 9172
4281 9173
1145 9174
5183 9175
1657 9176
337 9177
6795 9178
6655 9179
3565 9180
3036 9181
1074 9182
8008 9183
22 9184
2324 9185
2607 9186
4463 9187
3967 9188
1496 9189
6362 9190
2591 9191
679 9192
4967 9193
7782 9194
6086 9195
8573 9196
3604 9197
8826 9198
2719 9199
5026 9200
1509 9201
4385 9202
1548 9203
4202 9204
3647 9205
8040 9206
4752 9207
5174 9208
4494 9209
568 9210
9133 9211
7189 9212
4008 9213
225 9214
513 9215
1610 9216
6285 9217
8641 9218
4575 9219
5946 9220
6930 9221
8230 9222
6639 9223
3415 9224
6412 9225
3925 9226
4625 9227
3099 9228
6648 9229
8832 9230
5825 9231
4729 9232
5054 9233
5907 9234
6232 9235
6424 9236
4621 9237
5672 9238
4779 9239
3466 9240
4794 9241
1559 9242
3582 9243
172 9244
1707 9245
8789 9246
4355 9247
1207 9248
9015 9249
5836 9250
2953 9251
6075 9252
3380 9253
3983 9254
6816 9255
3608 9256
3126 9257
6599 9258
3181 9259
1730 9260
3154 9261
3440 9262
3684 9263
7853 9264
1524 9265
659 9266
1914 9267
1653 9268
462 9269
1684 9270
4116 9271
3052 9272
1779 9273
4557 9274
2127 9275
6368 9276
4118 9277
7868 9278
2172 9279
1476 9280
6271 9281
2691 9282
2947 9283
5721 9284
1073 9285
6970 9286
2289 9287
2989 9288
3545 9289
5291 9290
2136 9291
7416 9292
4490 9293
1057 9294
2270 9295
5237 9296
2570 9297
556 9298
1791 9299
4159 9300
209 9301
7474 9302
1545 9303
8749 9304
2635 9305
4702 9306
1746 9307
5019 9308
793 9309
5272 9310
950 9311
2394 9312
5134 9313
1121 9314
8779 9315
1221 9316
9265 9317
7531 9318
8078 9319
109 9320
8739 9321
1998 9322
974 9323
1818 9324
969 9325
85 9326
5804 9327
3051 9328
1466 9329
5369 9330
5317 9331
1548 9332
8310 9333
303 9334
1818 9335
5341 9336
2217 9337
9093 9338
4561 9339
2454 9340
2906 9341
3699 9342
369 9343
7521 9344
4231 9345
8320 9346
5358 9347
3735 9348
3153 9349
3747 9350
4701 9351
2455 9352
1646 9353
8380 9354
8655 9355
3244 9356
988 9357
3170 9358
1041 9359
997 9360
1998 9361
2561 9362
6610 9363
454 9364
8539 9365
8921 9366
7094 9367
7884 9368
56 9369
7343 9370
7880 9371
1260 9372
1674 9373
408 9374
3035 9375
4001 9376
3066 9377
1209 9378
944 9379
1139 9380
7987 9381
2761 9382
7161 9383
636 9384
8476 9385
5816 9386
6059 9387
2813 9388
2118 9389
2316 9390
903 9391
1932 9392
9016 9393
4706 9394
4604 9395
3089 9396
2064 9397
199 9398
7917 9399
6321 9400
1877 9401
4670 9402
8799 9403
4391 9404
5636 9405
6022 9406
8791 9407
5217 9408
2474 9409
9404 9410
8351 9411
573 9412
5702 9413
6201 9414
4850 9415
2372 9416
220 9417
359 9418
6379 9419
1423 9420
5255 9421
3093 9422
1590 9423
1864 9424
4852 9425
2393 9426
2647 9427
2799 9428
7636 9429
5724 9430
6398 9431
7374 9432
499 9433
7815 9434
3933 9435
1569 9436
7961 9437
2378 9438
5427 9439
8682 9440
8509 9441
7884 9442
2650 9443
5416 9444
5024 9445
5430 9446
2848 9447
4031 9448
5487 9449
4211 9450
8941 9451
304 9452
5006 9453
5735 9454
1337 9455
4449 9456
6012 9457
1954 9458
8747 9459
2862 9460
696 9461
5178 9462
1987 9463
1537 9464
3183 9465
1983 9466
9314 9467
659 9468
652 9469
3182 9470
1971 9471
517 9472
735 9473
1588 9474
1301 9475
4238 9476
4041 9477
5803 9478
4951 9479
637 9480
6061 9481
7992 9482
8281 9483
6405 9484
189 9485
4814 9486
1440 9487
6638 9488
1058 9489
7038 9490
2164 9491
2444 9492
6204 9493
4922 9494
5701 9495
6579 9496
5308 9497
2460 9498
7033 9499
2233 9500
1905 9501
2556 9502
5054 9503
2968 9504
1785 9505
6528 9506
2971 9507
1757 9508
8741 9509
1430 9510
6072 9511
7261 9512
4732 9513
9021 9514
2858 9515
7030 9516
5762 9517
3742 9518
8459 9519
3513 9520
4147 9521
7960 9522
556 9523
627 9524
1489 9525
7230 9526
7672 9527
8652 9528
1962 9529
5789 9530
7743 9531
5655 9532
1536 9533
9009 9534
3524 9535
7243 9536
1323 9537
1771 9538
4895 9539
6606 9540
82 9541
5496 9542
4752 9543
1744 9544
4933 9545
4771 9546
5258 9547
302 9548
3942 9549
275 9550
62 9551
2104 9552
6680 9553
2224 9554
1551 9555
1231 9556
660 9557
2635 9558
4773 9559
7596 9560
3528 9561
3000 9562
2883 9563
2285 9564
1919 9565
9508 9566
162 9567
7720 9568
1605 9569
2279 9570
5980 9571
4777 9572
843 9573
6712 9574
1087 9575
4782 9576
5579 9577
1347 9578
481 9579
9011 9580
7068 9581
1328 9582
5941 9583
3620 9584
9106 9585
2249 9586
3468 9587
6386 9588
1390 9589
5396 9590
295 9591
4602 9592
9320 9593
8618 9594
8184 9595
2434 9596
2125 9597
6609 9598
7620 9599
2741 9600
9231 9601
1379 9602
7785 9603
941 9604
7653 9605
1446 9606
7092 9607
3599 9608
2158 9609
3274 9610
6286 9611
2283 9612
3750 9613
8158 9614
3444 9615
6229 9616
6081 9617
3595 9618
8387 9619
5679 9620
4849 9621
4854 9622
9348 9623
543 9624
7392 9625
938 9626
8746 9627
2279 9628
7835 9629
5445 9630
2105 9631
1276 9632
8429 9633
5172 9634
4996 9635
776 9636
3190 9637
6580 9638
2676 9639
1387 9640
2644 9641
7086 9642
5525 9643
9343 9644
264 9645
6394 9646
9505 9647
2275 9648
9464 9649
8401 9650
4234 9651
533 9652
6373 9653
5445 9654
3306 9655
6595 9656
7308 9657
8958 9658
2140 9659
4944 9660
2426 9661
1097 9662
8189 9663
643 9664
7432 9665
6353 9666
7812 9667
1772 9668
5117 9669
6459 9670
6701 9671
1657 9672
8834 9673
1107 9674
7297 9675
5307 9676
4928 9677
538 9678
8840 9679
5733 9680
960 9681
2456 9682
3670 9683
7433 9684
5309 9685
3923 9686
335 9687
1358 9688
532 9689
4927 9690
1141 9691
7313 9692
5684 9693
7839 9694
1122 9695
8243 9696
7882 9697
6460 9698
4466 9699
894 9700
8149 9701
2470 9702
1921 9703
2347 9704
9678 9705
6890 9706
2797 9707
8603 9708
6681 9709
4894 9710
7618 9711
20 9712
6037 9713
2794 9714
3559 9715
3407 9716
8950 9717
2612 9718
9677 9719
5992 9720
2599 9721
129 9722
2852 9723
7410 9724
8591 9725
5012 9726
8873 9727
2547 9728
663 9729
129 9730
2270 9731
98 9732
2862 9733
7480 9734
628 9735
7759 9736
1073 9737
920 9738
6553 9739
6334 9740
8320 9741
2423 9742
1173 9743
3208 9744
6377 9745
4832 9746
6202 9747
1907 9748
6649 9749
1420 9750
8308 9751
9593 9752
3415 9753
8769 9754
7981 9755
2122 9756
149 9757
4527 9758
7583 9759
1581 9760
2970 9761
5538 9762
1957 9763
6331 9764
2891 9765
5004 9766
2158 9767
2430 9768
3197 9769
137 9770
4844 9771
754 9772
4566 9773
4986 9774
920 9775
1625 9776
165 9777
9329 9778
3682 9779
6012 9780
482 9781
6343 9782
2098 9783
752 9784
1121 9785
9466 9786
4030 9787
2310 9788
6219 9789
2238 9790
5002 9791
71 9792
509 9793
7661 9794
2947 9795
8563 9796
6048 9797
1412 9798
5107 9799
7560 9800
4610 9801
7556 9802
5282 9803
9685 9804
3812 9805
5118 9806
1428 9807
623 9808
2885 9809
6069 9810
509 9811
7632 9812
1189 9813
7628 9814
8710 9815
8414 9816
999 9817
4288 9818
2910 9819
2006 9820
4664 9821
6844 9822
1841 9823
4170 9824
6501 9825
8612 9826
4848 9827
7424 9828
5796 9829
9702 9830
4685 9831
7996 9832
1564 9833
3834 9834
5285 9835
2920 9836
5670 9837
2207 9838
3185 9839
625 9840
8654 9841
8841 9842
6781 9843
3289 9844
404 9845
2220 9846
3337 9847
1739 9848
9482 9849
1826 9850
3517 9851
106 9852
3941 9853
1598 9854
8031 9855
5182 9856
2169 9857
530 9858
2795 9859
8883 9860
5660 9861
835 9862
1473 9863
9532 9864
904 9865
2623 9866
1616 9867
8131 9868
4386 9869
2257 9870
5974 9871
505 9872
5802 9873
8280 9874
6162 9875
4688 9876
768 9877
338 9878
2732 9879
7255 9880
4511 9881
7469 9882
709 9883
7138 9884
6906 9885
2498 9886
3511 9887
9707 9888
5957 9889
5508 9890
1361 9891
1000 9892
3842 9893
8040 9894
5455 9895
3342 9896
706 9897
8100 9898
6958 9899
2289 9900
4846 9901
5162 9902
8784 9903
1405 9904
9854 9905
5162 9906
1181 9907
9101 9908
9235 9909
2628 9910
6534 9911
3945 9912
7478 9913
7441 9914
8471 9915
9257 9916
1056 9917
5850 9918
9768 9919
6040 9920
4301 9921
3133 9922
1382 9923
9427 9924
2648 9925
2525 9926
2774 9927
2571 9928
3396 9929
7976 9930
6842 9931
632 9932
6635 9933
7352 9934
3967 9935
5398 9936
1380 9937
145 9938
3967 9939
5447 9940
4128 9941
9780 9942
7697 9943
2355 9944
2035 9945
1213 9946
401 9947
537 9948
1244 9949
8961 9950
2706 9951
1263 9952
1017 9953
2433 9954
5733 9955
15 9956
5915 9957
1579 9958
6335 9959
8570 9960
5603 9961
6303 9962
9671 9963
14 9964
7074 9965
2355 9966
8881 9967
4636 9968
7698 9969
1798 9970
2075 9971
1496 9972
995 9973
2901 9974
8310 9975
4987 9976
4802 9977
7844 9978
3031 9979
1112 9980
9915 9981
4686 9982
8931 9983
4630 9984
8116 9985
3488 9986
4647 9987
5534 9988
8233 9989
3033 9990
7025 9991
5333 9992
9141 9993
8228 9994
9160 9995
9116 9996
896 9997
7135 9998
7660 9999
7766 10000
