43 7
7 21117676
11 43985745
19 26550408
24 61374250
37 30793027
39 17775808
45 16550892
49 37672778
50 17632291
55 39230902
56 60251874
58 26803315
62 14718367
66 66943616
68 34193731
70 6100828
86 3161927
87 7358429
95 42107192
124 53155547
136 28330676
138 4263273
140 25610037
142 66848575
143 35508263
150 65167967
151 57765948
152 770479
154 48366823
166 45748809
171 36035469
173 17906336
186 43014219
187 7486140
202 29176603
206 30448883
207 64009504
213 58777496
218 17675740
221 33593766
223 11989125
236 61245418
246 58419513
