41 9
0 48280130
5 49791427
24 45005118
26 24442490
27 4695863
41 44576237
46 22159350
55 21066523
56 56909343
60 48301891
66 20154287
68 20755743
70 27406785
75 27004633
79 19841085
85 8542140
94 28215676
98 63106738
114 45454038
116 60586255
126 41306507
127 20196405
135 36771444
152 27243
155 19254454
164 28849306
195 38922120
199 43936551
200 31204830
203 29672842
207 14341259
208 31754988
215 60477222
219 53420318
221 11387797
225 5690533
231 34591399
232 42475942
247 22494104
249 54923469
251 50408028
