44 10
4 8470547
6 44926623
7 37847358
11 14627353
18 46940300
31 51465661
32 11260139
40 40751690
42 50192441
49 7686171
55 54982372
57 64741316
75 7254385
77 1723250
83 20935097
86 45456007
88 64301891
94 26619029
99 47983825
107 5100038
108 46346349
114 42093525
120 6838481
134 51840315
138 57062214
142 40292942
143 8123868
150 66024677
152 52521770
163 23300451
167 28747962
171 24868591
175 33954454
188 22899637
190 57014056
205 55185694
221 7082594
223 64477363
227 42653395
235 55613607
240 47466680
249 29225048
251 49244170
252 64791846
