256 1
0 67108864
1 67108864
2 67108864
3 67108864
4 67108864
5 67108864
6 67108864
7 67108864
8 67108864
9 67108864
10 67108864
11 67108864
12 67108864
13 67108864
14 67108864
15 67108864
16 67108864
17 67108864
18 67108864
19 67108864
20 67108864
21 67108864
22 67108864
23 67108864
24 67108864
25 67108864
26 67108864
27 67108864
28 67108864
29 67108864
30 67108864
31 67108864
32 67108864
33 67108864
34 67108864
35 67108864
36 67108864
37 67108864
38 67108864
39 67108864
40 67108864
41 67108864
42 67108864
43 67108864
44 67108864
45 67108864
46 67108864
47 67108864
48 67108864
49 67108864
50 67108864
51 67108864
52 67108864
53 67108864
54 67108864
55 67108864
56 67108864
57 67108864
58 67108864
59 67108864
60 67108864
61 67108864
62 67108864
63 67108864
64 67108864
65 67108864
66 67108864
67 67108864
68 67108864
69 67108864
70 67108864
71 67108864
72 67108864
73 67108864
74 67108864
75 67108864
76 67108864
77 67108864
78 67108864
79 67108864
80 67108864
81 67108864
82 67108864
83 67108864
84 67108864
85 67108864
86 67108864
87 67108864
88 67108864
89 67108864
90 67108864
91 67108864
92 67108864
93 67108864
94 67108864
95 67108864
96 67108864
97 67108864
98 67108864
99 67108864
100 67108864
101 67108864
102 67108864
103 67108864
104 67108864
105 67108864
106 67108864
107 67108864
108 67108864
109 67108864
110 67108864
111 67108864
112 67108864
113 67108864
114 67108864
115 67108864
116 67108864
117 67108864
118 67108864
119 67108864
120 67108864
121 67108864
122 67108864
123 67108864
124 67108864
125 67108864
126 67108864
127 67108864
128 67108864
129 67108864
130 67108864
131 67108864
132 67108864
133 67108864
134 67108864
135 67108864
136 67108864
137 67108864
138 67108864
139 67108864
140 67108864
141 67108864
142 67108864
143 67108864
144 67108864
145 67108864
146 67108864
147 67108864
148 67108864
149 67108864
150 67108864
151 67108864
152 67108864
153 67108864
154 67108864
155 67108864
156 67108864
157 67108864
158 67108864
159 67108864
160 67108864
161 67108864
162 67108864
163 67108864
164 67108864
165 67108864
166 67108864
167 67108864
168 67108864
169 67108864
170 67108864
171 67108864
172 67108864
173 67108864
174 67108864
175 67108864
176 67108864
177 67108864
178 67108864
179 67108864
180 67108864
181 67108864
182 67108864
183 67108864
184 67108864
185 67108864
186 67108864
187 67108864
188 67108864
189 67108864
190 67108864
191 67108864
192 67108864
193 67108864
194 67108864
195 67108864
196 67108864
197 67108864
198 67108864
199 67108864
200 67108864
201 67108864
202 67108864
203 67108864
204 67108864
205 67108864
206 67108864
207 67108864
208 67108864
209 67108864
210 67108864
211 67108864
212 67108864
213 67108864
214 67108864
215 67108864
216 67108864
217 67108864
218 67108864
219 67108864
220 67108864
221 67108864
222 67108864
223 67108864
224 67108864
225 67108864
226 67108864
227 67108864
228 67108864
229 67108864
230 67108864
231 67108864
232 67108864
233 67108864
234 67108864
235 67108864
236 67108864
237 67108864
238 67108864
239 67108864
240 67108864
241 67108864
242 67108864
243 67108864
244 67108864
245 67108864
246 67108864
247 67108864
248 67108864
249 67108864
250 67108864
251 67108864
252 67108864
253 67108864
254 67108864
255 67108864
