64 2
3 40911638
11 49666553
15 63591702
23 13944411
24 14161662
28 44320583
29 10539924
31 11664430
40 5037519
41 179565
44 30232792
45 39849995
47 19546081
51 15534108
52 47443003
59 47176697
62 30469527
66 46129622
67 62002621
78 52870244
82 41946933
84 44371243
87 62657430
89 28530594
96 36544963
102 43462031
103 60962461
107 55474279
108 4792234
115 11134890
116 20643480
119 50261702
120 38198839
122 19368329
123 8345233
125 46216398
126 46958333
130 63261932
132 33586120
134 33138037
148 5398362
155 2675012
156 28992953
158 21630636
168 16801906
172 6128844
175 64552762
184 56100233
187 38600959
192 63806188
193 67080170
202 45116054
203 18086579
215 2699902
218 50752343
221 31574776
222 43722062
227 61476605
228 12179531
231 39280807
232 42599682
245 32999160
246 6123175
248 23351272
