64 3
20 32859208
25 9972070
27 36143531
35 23160876
44 37038551
47 36468975
50 30557660
53 21594113
55 12660247
57 46808328
58 38372691
72 15674111
77 52045909
79 2929121
82 49976317
83 47327042
85 54452730
98 25909307
100 44539404
104 55079436
107 65821592
108 33240943
112 2484345
113 33708189
114 39606339
122 58364601
125 58665923
127 29548450
130 35295980
136 30663925
137 48482385
146 27513200
153 43941631
158 10359007
159 31506981
161 65042155
171 22720460
175 46486619
176 43609800
177 57161002
178 57199659
179 57669478
185 25501999
189 21250771
192 48232310
199 50962593
201 58544634
203 2409148
205 4591639
214 42356499
215 61802506
217 66936121
218 50114643
220 29123333
222 6606407
229 42530097
237 58557802
239 29774764
240 46573630
243 60627763
245 3086402
250 53428284
252 19687579
254 25155160
