64 5
2 8869094
10 36199042
17 65195563
19 35624900
33 61303074
35 55732075
37 17244971
43 55343997
46 32336261
54 54122527
57 50100750
58 22730796
59 7728909
60 64618676
61 9446044
62 64860732
66 57723059
73 48601361
81 65762811
87 64912374
88 53994963
99 24546749
105 53061769
106 934066
110 36008759
113 30520174
114 45152749
124 45120028
127 39229164
128 55191491
129 63101921
130 7270984
133 15691523
135 1679376
138 59339996
140 37675412
144 61421785
145 14855702
146 4242424
148 55287997
150 61027972
154 20279640
162 27400272
169 9380277
171 63502537
182 20425562
193 33059479
194 6522445
196 59542965
201 9104261
207 30443518
217 44995569
218 49871290
220 63483247
223 28127121
225 49812831
226 10369857
234 27842430
239 6645230
244 32839524
247 27388194
250 63855529
254 2195553
255 24865845
