64 12
0 5421758
3 40822150
5 4407861
8 18456012
11 42485060
12 36799578
14 21822826
16 66748339
22 35605067
25 30448327
29 40629505
30 6655754
32 47095620
33 57229952
37 43682278
38 51604216
47 48374748
48 14429954
50 30303338
51 15333945
56 22745316
58 30433797
70 27916593
75 6381103
79 28639648
89 44634634
92 25118917
94 10243425
95 61940478
99 4505241
100 55819267
104 6256567
105 6480330
107 49579761
111 54476915
112 37337409
133 39357006
134 37687427
137 22122168
144 8202803
146 23729566
155 44650247
158 50350724
159 58256678
161 48389564
163 64988132
173 40292840
175 23598577
176 38783456
179 14276660
188 44072828
192 15048819
194 7262413
201 56732050
206 24666605
208 51177598
213 38527200
218 54171710
226 56717403
237 65400716
240 54923697
243 41176206
245 43130811
252 1761865
