64 31
1 28030968
3 7729155
7 1399660
8 21794824
9 53775820
12 41481685
14 55836314
19 61724704
25 5914297
29 56672387
34 16328693
36 39518484
44 35162532
45 26559454
52 20822174
53 22784351
61 22351857
62 11283196
64 34257954
68 7652199
77 34222304
78 60795446
81 23446178
85 48813586
88 54958711
95 54696208
98 15855735
100 9827706
101 13238687
102 40426312
107 51017185
110 43990466
111 11888076
112 51864958
129 33159633
133 50630003
136 50994493
140 30125522
143 62018943
144 37882403
146 42634149
149 41910948
151 57998626
155 42091848
162 10130580
168 4582614
169 29676081
171 20321936
172 18433038
177 3769648
181 34046803
184 20831119
212 30327427
214 3817827
216 55814217
224 5149331
229 57998838
230 57397767
232 41272515
242 34028746
244 31052054
249 37199542
250 53137993
254 60121273
