64 47
15 56043943
19 59302907
21 2533192
25 22599875
27 51426033
31 8794553
36 25281243
38 10888227
42 55790623
43 51747499
44 54294005
60 11109146
65 29371766
66 27572255
67 45389948
73 15940382
74 29809671
77 19121190
79 50233436
80 30127046
81 35836882
85 20768039
86 54265830
89 31475105
96 56043512
106 24685389
108 63560830
120 66064637
124 30982819
125 18909381
129 25627026
133 35397228
140 64845159
141 54820644
142 53771597
148 9287769
149 16777432
150 43028797
152 58660996
154 37214600
156 6884681
164 56766870
165 57120787
166 19130256
168 51211904
172 18306715
174 60754072
176 9888401
184 29358287
189 63512719
196 14900719
202 30274687
203 23460258
204 1789807
207 3574010
212 33689128
222 15822799
223 66741467
231 25159964
236 1891635
242 62466670
247 56316168
250 43618124
251 53108656
