128 3
1 63674470
3 24965396
4 51209733
6 38515239
7 35531452
8 26711613
9 43591284
10 16751155
11 7613408
12 49370305
15 33490274
19 25970284
22 37693218
26 17567536
27 17467751
33 29948882
34 66864931
35 19164740
37 61503859
40 32963888
46 8230059
48 57232204
50 30336072
51 60309329
52 29870907
53 5891537
54 45763498
55 56741969
56 21447173
59 23315317
63 4357988
64 36384505
66 59816257
68 57133941
69 47768701
72 62231691
73 42795325
74 53264063
78 34142021
83 8144497
84 13487565
86 9319870
87 53041039
88 1763892
91 37179750
92 24757210
94 53932826
95 37020400
96 41067160
98 5785824
100 20756149
101 67081688
104 48242527
106 35278839
107 51617760
108 55253372
110 4949327
111 65255300
112 43106614
113 30197278
116 45641342
119 23119996
120 58918909
124 52362559
128 42935844
129 12211340
130 64844921
131 29032522
132 61116866
133 3718694
135 8332312
136 10268695
137 11049950
138 21653397
139 47602474
140 23221216
144 63143003
148 60057462
149 56769651
150 16817838
151 42617960
153 36966342
154 8400037
155 20322216
156 35801105
157 33727113
159 11316964
160 63190176
161 10347803
163 44206815
164 48360847
166 40610185
169 56541232
171 37823767
174 55380669
175 1904113
176 3050890
177 43047232
178 38706463
180 43696594
183 51469748
188 27956666
194 42881974
195 33422769
197 42088265
199 19439536
203 64199707
206 32409879
209 54001708
210 45968958
211 19960450
212 4897137
216 4020696
217 29501426
218 32497544
223 13691753
225 40712282
226 20977057
227 48208518
228 49271312
231 57765792
232 65456250
238 8775568
240 24866532
244 37691776
246 21415505
248 31304445
252 17949721
