128 5
3 13910178
4 47310962
5 21276245
9 23407785
11 62659572
16 53378750
17 18351425
20 8178833
23 45407351
24 25480846
25 65777461
27 54920382
28 64062717
29 53996855
30 19491948
31 19302546
33 47925211
37 23244062
38 29687359
39 17209664
41 32150466
43 13560555
45 36143353
48 62614177
49 46719266
50 9212233
55 41317387
57 39381529
60 16271084
62 44951797
63 35637592
64 42811736
66 3522619
67 27736186
70 48141085
74 6747455
76 51725235
77 347721
81 36933536
82 62350825
83 27307097
88 62748942
89 58948401
90 32041028
94 13385264
97 64687177
98 21553200
99 43345476
100 60930618
101 6003608
102 38529438
103 35913462
104 48527606
105 62858819
108 61285810
109 11748399
111 59206458
115 11796981
119 61715648
120 66919067
121 26641855
122 33244651
123 62854749
125 64567544
126 62145473
127 58837239
129 621910
130 38115276
132 7200828
133 65967604
134 19096610
136 66377342
139 36460279
141 33145902
143 62985730
145 57113653
147 31408343
150 12939354
151 7559597
153 10904806
155 30797229
156 17264754
158 12495609
163 49433591
164 53067520
165 38103153
166 50820386
169 11777265
171 57455020
178 60199521
180 55498348
182 34579900
187 5820874
188 44913001
191 12400457
192 9436304
194 21716541
195 16646159
197 17501004
199 15805564
200 50583753
202 64024194
205 20263243
206 48511826
207 767440
210 43867949
211 46490914
212 4169094
214 7933936
217 20589426
224 27207049
225 33723578
226 60070377
229 47214914
230 20869377
235 7879638
237 61480470
238 19799639
240 41246816
241 14705472
242 8963650
244 10280110
245 50179636
247 40650453
248 27906927
253 36858504
254 31596738
255 36072202
