128 14
0 64947032
2 37398882
4 8998813
5 16297960
6 13645698
8 43399696
9 61889547
10 56850160
13 6205154
14 48626057
15 12783006
17 18016153
19 45209358
20 40461414
21 58627677
22 12627425
27 51116582
33 48607302
35 37503821
36 32171601
39 58349403
43 22344857
44 64224509
45 1029028
46 62891728
47 64563932
49 7872957
50 67080142
51 32139836
55 16280153
57 40560701
62 13724645
63 61413098
64 37049415
67 52043856
69 25545778
71 35812654
72 24109501
75 17553104
76 34414536
77 33371715
79 6617487
82 65855167
87 31506969
88 56353406
89 61359682
92 24877587
93 27778384
95 37750396
100 14849454
101 9792708
102 17500255
103 62730565
104 38865624
105 28023191
106 10228157
108 22136885
110 25490616
112 55926026
113 33507556
117 43929997
118 45959279
119 17268907
120 55136102
123 64861272
125 43063386
128 32923313
129 11289969
131 53349904
132 11359230
134 48339423
136 32770354
137 61532077
138 36382189
139 43071104
140 3941442
142 2269874
143 56820900
146 63430501
147 44843187
154 51293912
157 27675174
158 56542219
159 15531233
162 47457347
163 613474
164 33939162
167 25045075
172 41462221
175 44745153
180 41373914
181 32427282
182 32739354
184 443748
186 37020173
189 795306
190 35528617
191 18437539
195 65597529
197 1150421
200 54570058
202 45233586
204 54100999
207 61053858
211 7181751
213 6463516
216 9992342
218 12880343
220 35329864
224 54708112
225 17939860
227 26635269
228 25035068
229 27248039
231 37916655
233 66453414
235 15157024
240 45905257
241 56899399
242 43871462
243 57594113
245 50974944
246 6274713
247 25451978
249 37091166
251 3765810
253 634191
254 11501358
