128 24
0 7642883
4 37839368
6 39743684
7 36616549
10 45748961
11 36916530
12 63955057
14 30978943
16 47537709
17 29424214
18 19550907
19 46495389
20 54959849
23 53395627
24 27457028
28 33507672
30 42502463
31 16241766
32 44202124
34 47998702
37 52954046
38 4963717
39 66484793
40 32160897
43 26897575
45 33998199
46 61766474
48 46419797
49 36483413
50 53064383
51 24127616
52 60096090
55 36031151
57 42827560
58 5703042
61 51603633
63 44130900
64 23824239
65 43419425
67 2972701
68 66008830
70 45464370
73 26817893
74 50511687
76 64808156
77 28887383
81 707850
83 17363639
84 34270903
88 34815929
92 38957924
93 38603395
95 29915693
97 26248570
98 51831010
102 39499604
106 33585691
107 23150370
110 1648372
111 7016189
116 27915639
119 64540465
123 7789282
124 63127709
132 9507661
133 20930607
134 30556856
135 13882632
138 32408616
139 31954727
140 29404819
141 46758992
143 21401653
144 20150382
146 54370658
148 7723242
149 56987506
150 43484526
155 45442052
159 11029617
160 66028443
163 16368721
165 11707359
166 10746526
167 37570828
168 64321338
170 15559563
172 27182274
176 12378350
179 42981810
181 29000053
187 1959061
188 41212019
191 13242219
193 39742082
196 26094328
197 47294007
200 13809963
203 50487710
204 54272938
205 4198583
207 6828465
208 58517543
209 12546663
214 21876478
215 30705690
217 17606239
219 57890559
220 35414356
221 42889852
224 40062035
225 41024214
227 39393220
231 23348828
232 56741740
234 41430509
235 54609050
236 47378077
237 19961185
244 41237358
246 5687609
247 8989083
249 7909562
250 20493706
251 12283910
252 46535739
253 34280877
254 28067552
