128 37
0 57556025
2 29614199
6 45361
7 64292424
8 13577345
9 46210619
11 8852538
13 43620574
14 10668797
16 62594153
17 18389135
19 43928655
21 16803341
22 24954013
25 60653010
27 11108201
30 26598033
31 20502379
32 46938716
33 15713128
34 43988870
37 47224377
38 72901
39 31997957
42 8905333
43 15179412
44 45632869
46 623237
47 46680732
49 54835259
50 66313954
52 28341009
53 8870125
57 4753208
59 25707388
60 49040701
61 6873772
62 21028662
66 59122171
67 9202592
68 51906055
69 50543565
71 8935293
73 66635086
77 9586708
79 35601808
81 568731
87 43622119
89 29534573
91 48481593
93 42149738
95 10158546
98 27629384
101 46074676
102 57711109
103 5817536
109 6742100
110 50495773
113 39565636
114 25771946
115 64642527
116 21105984
117 9383846
120 18586985
121 5653836
122 37137820
124 40265847
128 40774883
130 52275769
138 46337066
139 56901076
140 44184837
141 20243345
144 34745556
147 34193481
149 50186938
151 19833492
154 3662073
156 60257892
157 64066921
161 33211353
162 7566100
166 33526417
167 39857953
170 35452707
171 65612132
172 66228566
174 62674606
175 8857222
178 57768250
179 38143363
180 24522416
188 45831466
189 51185672
192 64052256
196 51698458
197 1120007
199 4532035
201 17594957
202 2672736
207 4057997
209 52968356
210 33998063
213 42182666
217 33624827
221 27879170
222 47097715
224 5531637
227 36008256
228 41342219
229 18620545
230 20797500
231 34313078
235 13636353
236 54227995
237 35996536
240 26221548
244 42566767
245 56004124
246 45704874
248 4436909
249 46887345
250 48986678
251 56805514
252 3886003
253 5785643
254 29157701
255 30425270
