128 103
0 64735541
1 13934232
7 20690181
9 17784381
10 8047263
11 10577389
12 46040362
13 55457872
14 46766690
15 2706488
17 56097961
20 21997861
21 6121195
23 16657681
27 23873493
30 34457696
32 45445008
34 17459498
35 66483183
36 2085884
37 27138303
38 30346707
39 50202695
40 16767327
41 31007198
43 53948598
44 9381353
45 802416
50 55725344
52 65938972
53 8772152
55 55275788
57 24980587
60 42298553
61 43264080
63 39079089
64 17369160
65 54542535
67 1462986
69 4326646
72 60565487
76 29758173
78 8643055
79 60738755
80 55657151
81 22249937
83 2865302
84 30936846
86 11273565
87 38512717
88 55142374
90 26507914
91 1978524
98 45849643
101 11596896
102 14409354
105 12559499
106 18780722
109 59285568
111 2325285
112 41552235
113 16494338
114 19804173
116 27648329
117 36956091
122 4092237
129 18775449
134 9209754
136 13385387
140 59368026
141 35286785
143 42329211
146 53832589
149 53341229
150 66397753
151 52473479
153 24099606
156 36541972
159 32526290
160 61248718
161 33715041
162 26063827
163 12067240
167 21399512
168 14698197
173 60113757
176 52246820
177 3931991
178 66540541
182 35529600
183 51461907
184 67082407
185 65362683
187 6719902
188 44081426
189 17886325
190 54779970
191 61556242
192 3751967
193 66866739
195 14724463
200 56807995
201 53511984
205 23810536
207 56319252
211 56721815
213 11817896
217 39763312
220 54103853
223 46816927
226 61336160
227 1892911
228 47013840
229 63589591
230 37822992
231 37789598
232 12632148
234 66303975
235 59164944
237 33032777
242 20740201
246 32912632
247 6057071
248 15611090
249 14684020
252 35329362
253 45869
254 61598971
