256 5
0 2051062
1 24995822
2 39865591
3 11917440
4 58416976
5 39384867
6 23471990
7 10973213
8 60028337
9 50261931
10 46227978
11 19130683
12 25941984
13 10932531
14 38403589
15 64754525
16 57519759
17 43444930
18 45479359
19 18057894
20 27481563
21 1345691
22 52365293
23 51510934
24 597134
25 61170766
26 43444370
27 40341954
28 567992
29 16937636
30 54028378
31 20499054
32 64895912
33 43133573
34 28441193
35 25264840
36 23401479
37 16911348
38 31319574
39 45445865
40 55318563
41 26652456
42 6866050
43 34327105
44 44449922
45 56591828
46 25114135
47 43442395
48 40872661
49 20030381
50 7254773
51 4284033
52 66327782
53 42989586
54 57813723
55 17525273
56 47720696
57 59886192
58 20051533
59 10061585
60 51370117
61 60376976
62 54051481
63 53845720
64 40267554
65 44327440
66 45684746
67 48404497
68 43983188
69 66939019
70 17409803
71 28089468
72 26056689
73 2370219
74 47517704
75 38389118
76 12744991
77 48757937
78 14922542
79 35878755
80 52673550
81 60835964
82 45088331
83 34045324
84 56735126
85 56414308
86 58820570
87 12155822
88 6550031
89 8586186
90 17357832
91 54247039
92 51198575
93 12285510
94 45614725
95 22523914
96 5992810
97 23842666
98 49943083
99 20608144
100 52887854
101 22234317
102 17485835
103 19733437
104 57123998
105 31577175
106 58142675
107 39163030
108 63370967
109 4779208
110 59688373
111 33586469
112 58216789
113 25613388
114 20022316
115 3628038
116 57327061
117 9218427
118 13441677
119 27460400
120 38212028
121 60842301
122 30707100
123 21232135
124 48027698
125 52273858
126 32720997
127 42347893
128 11866476
129 42580506
130 316318
131 18356145
132 51082817
133 11314941
134 51303636
135 32854963
136 51242260
137 5908355
138 41237038
139 42512630
140 27071279
141 64782055
142 25723930
143 2531704
144 13382464
145 25038412
146 944700
147 21623358
148 55917030
149 12789387
150 45415800
151 42056248
152 16698238
153 46541658
154 23108923
155 8652400
156 25739637
157 39505022
158 11208536
159 55287224
160 20012015
161 19517123
162 48843973
163 40021708
164 22671734
165 59590930
166 66805023
167 23000412
168 60490842
169 24108919
170 12645058
171 63624864
172 61619722
173 27071156
174 15328892
175 48799474
176 8805071
177 49263049
178 39573617
179 11340375
180 24601536
181 43657026
182 2507418
183 58823882
184 17165721
185 35885354
186 3260616
187 66751861
188 44424050
189 43860181
190 1324848
191 46288323
192 27969335
193 25518399
194 36727500
195 31836200
196 10276186
197 46653548
198 42299479
199 20207584
200 44403559
201 44458480
202 18117860
203 40643433
204 9204889
205 55744161
206 7040676
207 48235585
208 7901034
209 7651253
210 7131237
211 13330952
212 13404955
213 17649223
214 35107741
215 13534059
216 47206842
217 19820684
218 2644473
219 33309801
220 13938108
221 62620915
222 22186434
223 183745
224 45072537
225 60859690
226 56051482
227 44897302
228 10008918
229 6045346
230 34339965
231 48557533
232 6797489
233 17172629
234 15512905
235 66348248
236 19865713
237 31157127
238 6698063
239 11724040
240 2647077
241 19499634
242 53794204
243 20985419
244 49562594
245 6375240
246 50882210
247 3079565
248 57176667
249 44517003
250 11442886
251 23993258
252 29374524
253 41728764
254 58953496
255 6237858
