256 15
0 12339247
1 4575246
2 33899396
3 27912674
4 36039873
5 6170362
6 14844352
7 14317932
8 22272326
9 24212733
10 14659615
11 50509869
12 35601179
13 66882780
14 55276793
15 65842735
16 590807
17 44891701
18 29908223
19 60699730
20 41184784
21 41683443
22 64350477
23 45805247
24 21537719
25 61467185
26 63417050
27 25895696
28 36254713
29 18980333
30 61158719
31 55170806
32 25163009
33 53876120
34 29900818
35 2942836
36 60282659
37 12919288
38 34486890
39 63633419
40 11233676
41 64174610
42 36102880
43 491948
44 4393740
45 44985429
46 51914228
47 58045870
48 28468215
49 6974411
50 36088075
51 47160276
52 65513279
53 52023244
54 43389985
55 63065630
56 50122995
57 10318296
58 30818084
59 22261043
60 5873429
61 3641869
62 53298853
63 37452398
64 38585067
65 15277040
66 17357571
67 26040428
68 42293165
69 29059819
70 1133534
71 45184314
72 35892128
73 43045152
74 41496724
75 50731657
76 39299489
77 47035397
78 4871396
79 62280231
80 7122636
81 52807422
82 20223304
83 5805268
84 51356685
85 29371950
86 26515602
87 44340382
88 31808775
89 35800416
90 9152405
91 26239067
92 53518287
93 36622950
94 64433520
95 9668746
96 45452099
97 61348838
98 53352696
99 48944144
100 25040365
101 63717525
102 37146380
103 37250101
104 8270172
105 337547
106 40040832
107 36047664
108 63550712
109 20447478
110 50217334
111 60635971
112 23075494
113 27692775
114 43347730
115 34396830
116 10801465
117 14816830
118 56019015
119 13041012
120 12170729
121 53664278
122 57193606
123 57135663
124 62570283
125 66727220
126 30954984
127 36887368
128 19505371
129 4520639
130 6590252
131 48693471
132 32694795
133 22203031
134 8604373
135 43988048
136 6713911
137 41575001
138 60405937
139 21326254
140 30242340
141 41362041
142 20513535
143 39202981
144 37953553
145 24460741
146 21228759
147 28743223
148 324263
149 16520534
150 14866339
151 49648226
152 29267791
153 56378832
154 9013112
155 49188972
156 58913921
157 31061229
158 24074742
159 20499866
160 37022070
161 11795736
162 40710094
163 56491772
164 57627298
165 9395353
166 36146045
167 17665379
168 59480991
169 5131304
170 5060006
171 1250258
172 34036161
173 2093410
174 39050010
175 27188114
176 39596667
177 60821004
178 37016847
179 36471609
180 67023514
181 31682360
182 52022607
183 24549673
184 14985856
185 51817764
186 49206020
187 19528624
188 31185566
189 34253170
190 26627802
191 33699876
192 44471601
193 56907098
194 54125987
195 41207257
196 11129573
197 34503129
198 29945348
199 12022230
200 63666974
201 44252478
202 64943635
203 49386743
204 32447365
205 24078362
206 14684703
207 32725111
208 4218542
209 24792376
210 2872826
211 13876374
212 60916467
213 24243169
214 31519304
215 30510606
216 3116366
217 65806267
218 21748045
219 47226941
220 34988744
221 55676679
222 56027330
223 17670843
224 36530715
225 11666864
226 43867408
227 24514652
228 43844674
229 56067381
230 34672661
231 25254997
232 60884009
233 34653124
234 23682585
235 58231665
236 32672727
237 32353861
238 40547913
239 33677710
240 9326006
241 11113619
242 5173304
243 43183011
244 14194673
245 12543028
246 24308371
247 48137370
248 7941007
249 15458281
250 54436874
251 48335540
252 32314036
253 32132707
254 14140103
255 10821054
