256 30
0 14143354
1 38990802
2 21839654
3 41122842
4 17428224
5 36813467
6 15914140
7 31631452
8 41143374
9 24556755
10 33471890
11 14128596
12 47024029
13 24985277
14 57332854
15 18765621
16 12072162
17 8800601
18 38647507
19 15338855
20 6702145
21 18115978
22 15824618
23 29005710
24 25560652
25 9787408
26 64367328
27 10036001
28 54067489
29 11851914
30 33527443
31 66811020
32 57001593
33 34695751
34 48355986
35 52702802
36 20134954
37 37724473
38 38106730
39 26736300
40 46341569
41 4028974
42 54614407
43 31980020
44 42269338
45 30189246
46 22458421
47 24223752
48 37604455
49 62535031
50 17294950
51 1331127
52 8136111
53 58208121
54 64633659
55 13351853
56 38647623
57 43562441
58 11713103
59 52365658
60 23830965
61 45177207
62 32715152
63 49427435
64 59702224
65 25573242
66 19228272
67 42393488
68 9720608
69 11245804
70 54204980
71 22641747
72 42364042
73 38361949
74 56968767
75 4787821
76 10871602
77 15315447
78 21265339
79 19552594
80 17949769
81 43261347
82 18203152
83 29856626
84 57901963
85 24371580
86 39387520
87 64795356
88 27782336
89 12340394
90 1550289
91 48839981
92 44427582
93 63111682
94 47022975
95 5373054
96 11201172
97 6912839
98 4281036
99 58967954
100 36804766
101 1769320
102 26643060
103 51338038
104 5586894
105 17612874
106 10420287
107 43945077
108 59422975
109 20761514
110 16602500
111 19070681
112 42042408
113 8809858
114 56271976
115 1917388
116 44530029
117 57738374
118 21823891
119 31954204
120 65429904
121 36277989
122 18281423
123 29853039
124 65064880
125 46816679
126 11880728
127 40103197
128 42348883
129 42671248
130 37848359
131 35128793
132 42918015
133 20781020
134 23298071
135 36216515
136 54003025
137 29652744
138 24547304
139 17435356
140 20372434
141 6198
142 54719212
143 56904726
144 23077727
145 31487342
146 558152
147 61880305
148 63549243
149 32015430
150 612879
151 28886025
152 19657704
153 15516603
154 484391
155 25074817
156 27631127
157 37618167
158 26491364
159 10956831
160 49467142
161 26153886
162 25391180
163 17648308
164 28336006
165 16076722
166 51307297
167 61066007
168 54195437
169 45945433
170 19104341
171 49856980
172 54278230
173 27709511
174 57276210
175 12241139
176 19434412
177 42741147
178 41455120
179 18262613
180 41792299
181 12602337
182 1301604
183 3330752
184 35901280
185 12478061
186 6863458
187 18065380
188 47995988
189 48795330
190 15623649
191 10112212
192 33123564
193 22945384
194 20909558
195 53651011
196 66972194
197 31117338
198 53111614
199 22162612
200 56609434
201 63863751
202 3760670
203 52053186
204 4790546
205 31551017
206 12897807
207 56474746
208 54844768
209 55583055
210 8184702
211 51549384
212 16707582
213 51756056
214 29726606
215 49500774
216 2248838
217 30926089
218 51740664
219 34973055
220 65908680
221 31730786
222 45730820
223 20945305
224 21680404
225 42222499
226 2831049
227 62909254
228 34958770
229 16999531
230 42850353
231 13336118
232 59560431
233 57959085
234 14615522
235 7578501
236 42473802
237 21777732
238 11231364
239 18528761
240 8029549
241 52958543
242 599273
243 2818128
244 52578134
245 31894876
246 40011130
247 24924143
248 6004895
249 10582965
250 6133855
251 41516554
252 62468205
253 66905733
254 41951921
255 4011442
