256 53
0 44528634
1 2918029
2 11429959
3 19059827
4 52961544
5 41470915
6 3562491
7 43940057
8 559298
9 26081535
10 18207332
11 57182319
12 44298587
13 58001002
14 1280325
15 58210930
16 43581245
17 15513464
18 25548426
19 65539318
20 6684292
21 21169892
22 58168135
23 35672432
24 12510260
25 33598108
26 30734938
27 62166295
28 1442067
29 16602206
30 35528464
31 22385480
32 26400615
33 10536445
34 23272006
35 23616488
36 41958541
37 15851434
38 65648862
39 33638417
40 54485208
41 41996215
42 58967034
43 59753873
44 54684238
45 1977423
46 37241350
47 18803491
48 10180964
49 60208417
50 44085945
51 5891824
52 25649486
53 64465157
54 41100716
55 41978246
56 15262434
57 16130341
58 10250823
59 65131648
60 61051309
61 22097925
62 36388692
63 13875246
64 9299714
65 36329641
66 53694142
67 57887279
68 20736532
69 47320902
70 35151991
71 9076642
72 66819343
73 65483280
74 9741013
75 62614580
76 61546353
77 21306811
78 37402475
79 63659574
80 7944837
81 21313614
82 59031516
83 48793482
84 51367475
85 59064652
86 27785765
87 27598639
88 29729528
89 62664145
90 60004055
91 62629350
92 18374150
93 52285046
94 7165310
95 12398128
96 51166985
97 41069390
98 17908847
99 38053618
100 15496199
101 15581507
102 46129150
103 24109621
104 46180380
105 31984234
106 33710433
107 40581520
108 47782795
109 25095991
110 57185439
111 32980356
112 9228323
113 12969448
114 2162889
115 51307334
116 1007590
117 18109911
118 27718916
119 49819384
120 66319894
121 50853527
122 4438334
123 62216843
124 66144352
125 58192043
126 32879512
127 21803377
128 30705321
129 16561384
130 27170149
131 2806914
132 49347281
133 25526479
134 20998196
135 41037398
136 49826175
137 39849633
138 35247625
139 58772801
140 52809299
141 34940170
142 30307007
143 55499709
144 2846484
145 66829448
146 34809546
147 26549018
148 49336430
149 37426678
150 34636676
151 42322108
152 3308162
153 19540717
154 26712005
155 20438283
156 55540706
157 30960485
158 28350958
159 41146745
160 3660565
161 34693246
162 9545540
163 55693211
164 30312946
165 48496006
166 7594817
167 52259763
168 62937542
169 46715430
170 9080278
171 27753496
172 30258438
173 12004339
174 39615401
175 47824085
176 13551428
177 30513274
178 16782739
179 46420371
180 60878643
181 53451286
182 48209312
183 8290913
184 7661480
185 30158618
186 24356719
187 35152785
188 25775668
189 53087581
190 34337355
191 63736905
192 25412693
193 25542105
194 51557078
195 61220248
196 37949498
197 44260332
198 10072352
199 58305426
200 12003546
201 47784699
202 28157651
203 20771422
204 51581915
205 29947884
206 42040540
207 7888914
208 8829583
209 13613148
210 41779317
211 16985991
212 30778988
213 57405665
214 36473746
215 385913
216 59237191
217 15963747
218 39517882
219 31924492
220 27524793
221 5328774
222 40272171
223 16422423
224 36731474
225 41591795
226 37416457
227 55381759
228 3282886
229 9949304
230 43840670
231 2464309
232 57299514
233 44761381
234 56238197
235 20028074
236 61765972
237 3290440
238 27981506
239 11962048
240 45103230
241 41009540
242 46406694
243 39927693
244 52835318
245 11906406
246 30557205
247 38853771
248 62510553
249 6249600
250 20085313
251 24734276
252 25430190
253 4541034
254 28677218
255 36941490
