256 83
0 45735818
1 21246514
2 38270602
3 61284101
4 20438014
5 63306026
6 29174038
7 65939848
8 23103208
9 5991977
10 544874
11 66197637
12 27125230
13 8560118
14 19742399
15 24778129
16 36835058
17 3565314
18 47201297
19 55079821
20 24108500
21 57797365
22 58094778
23 15786768
24 47125313
25 26458900
26 21349163
27 25688577
28 25606397
29 36582303
30 44458788
31 31868082
32 12631690
33 25809738
34 62040940
35 56368942
36 10352703
37 66938142
38 44967374
39 9011208
40 4814793
41 1054133
42 48408257
43 32661974
44 29308798
45 66452382
46 5681668
47 43100192
48 27907588
49 30603565
50 52944091
51 40562578
52 28568524
53 12065998
54 34186257
55 37047451
56 30202061
57 23844265
58 12468226
59 40572225
60 38784797
61 56828047
62 15888022
63 33670451
64 27570859
65 36652598
66 24626942
67 65648136
68 38127873
69 47303867
70 7594333
71 32315127
72 46338488
73 9535330
74 49076255
75 66006876
76 66012868
77 52269069
78 31201349
79 5250236
80 59721217
81 5935535
82 31705689
83 49773713
84 64452095
85 5239989
86 42526060
87 53559467
88 20971502
89 3541622
90 23054994
91 52246072
92 31465254
93 34404239
94 31489653
95 49245461
96 28253913
97 64463520
98 53567854
99 19408451
100 2370704
101 61932390
102 50293080
103 48786246
104 37829688
105 4121677
106 31753266
107 11346716
108 3464152
109 66462259
110 54284077
111 41897206
112 19247873
113 5537164
114 33929981
115 57139524
116 18646118
117 8894526
118 18855708
119 57569902
120 953148
121 7485954
122 11718137
123 39713021
124 10142540
125 29974387
126 54213272
127 17532365
128 47028206
129 32542331
130 53644948
131 57848810
132 23008140
133 5664087
134 9735500
135 62675777
136 10344852
137 33282526
138 66678400
139 51698508
140 15968383
141 29540316
142 42786912
143 14150357
144 49282140
145 23157640
146 43101413
147 50699669
148 7784251
149 11247473
150 26759311
151 20224406
152 50073316
153 50494579
154 35736869
155 25488000
156 47352539
157 31849168
158 9740841
159 58403351
160 796116
161 62224851
162 30119843
163 45532922
164 64542804
165 45827054
166 2752646
167 61586620
168 42776811
169 64168399
170 28976660
171 61608757
172 57603275
173 22479283
174 17923960
175 6595244
176 43912235
177 26249885
178 51885287
179 50270641
180 49278942
181 39508619
182 13081242
183 22642974
184 46323795
185 12074003
186 36749657
187 45150969
188 55813738
189 802717
190 6556453
191 6973100
192 29926675
193 14724781
194 19011742
195 12957349
196 1590512
197 6170076
198 62982036
199 44064051
200 56066714
201 63786235
202 42821018
203 47518116
204 8051528
205 57474771
206 8717929
207 44049898
208 60391080
209 37988235
210 64905379
211 60129652
212 46684526
213 17001074
214 31336859
215 62826115
216 42867835
217 61921040
218 18547787
219 28654371
220 60625577
221 51665807
222 21703284
223 10869357
224 4965859
225 52150698
226 25689207
227 22324082
228 4030468
229 64129613
230 17761358
231 29566477
232 32998891
233 62316372
234 40956667
235 11975052
236 33021407
237 9655127
238 51587076
239 14655670
240 43173694
241 61244169
242 48009703
243 6931482
244 4893546
245 38342285
246 16817237
247 29922639
248 60163929
249 9989442
250 42972173
251 62605439
252 44600943
253 17880250
254 46979910
255 60707856
