256 202
0 42506910
1 57739303
2 4744503
3 59957371
4 22340953
5 2195412
6 28581817
7 18105259
8 63491394
9 36402204
10 53316567
11 52861105
12 5433070
13 59112659
14 49376071
15 3678350
16 63439501
17 45275195
18 59591189
19 7446839
20 24534388
21 41549343
22 24533065
23 11761997
24 37499793
25 4496691
26 47602810
27 13738030
28 65850682
29 16014370
30 7620727
31 32111153
32 63025151
33 38931153
34 64364362
35 14079036
36 49997226
37 15128837
38 23670080
39 17942082
40 45649244
41 18598909
42 4252634
43 23167764
44 32630136
45 35345071
46 8234891
47 47635569
48 45520499
49 35759325
50 19613529
51 41671335
52 53680640
53 63442393
54 54277373
55 63141112
56 4404194
57 59854612
58 30727413
59 5380145
60 60260127
61 19352364
62 64198147
63 7339356
64 18518204
65 46780389
66 33308058
67 58719796
68 34942756
69 42095794
70 19674269
71 65067051
72 36335085
73 8860207
74 23266660
75 29786944
76 43264041
77 19563362
78 4224471
79 58505085
80 15591273
81 63582207
82 43263208
83 27628165
84 23004414
85 43355764
86 21898053
87 39819532
88 46765724
89 56499481
90 29880645
91 20406621
92 8855300
93 52972266
94 11525084
95 17448806
96 32497006
97 65144189
98 51657031
99 3175521
100 23697543
101 30596712
102 11164437
103 62017425
104 47768907
105 19142575
106 65310756
107 56326596
108 46496999
109 44718392
110 10300191
111 15965557
112 2761628
113 21248401
114 8487494
115 17475632
116 12381357
117 37747880
118 2327946
119 21269736
120 23075183
121 25025898
122 36229834
123 10911741
124 20237334
125 61769279
126 27149719
127 33515302
128 9756548
129 30738594
130 21489462
131 288186
132 49559560
133 65471478
134 22231868
135 47342040
136 31803607
137 19449973
138 63351407
139 65812977
140 38502207
141 9870605
142 37932045
143 60859740
144 29669201
145 46247872
146 49099565
147 60409687
148 9356539
149 36974300
150 20675047
151 26952928
152 56430295
153 29928721
154 6206304
155 3693245
156 43037764
157 39153422
158 14907822
159 62791421
160 18651377
161 1513215
162 36132238
163 29894186
164 45067480
165 5863767
166 34345480
167 13049322
168 21324366
169 40606086
170 63310648
171 60964843
172 24230654
173 9928484
174 57297822
175 24805448
176 25020276
177 19102563
178 23579038
179 65600501
180 58673397
181 5878645
182 48845412
183 29811124
184 66612069
185 53934422
186 19369902
187 54067786
188 65119803
189 28442898
190 60158321
191 9366229
192 39404988
193 5776596
194 13944135
195 31850748
196 58218673
197 66212179
198 4436955
199 64430905
200 50741956
201 5935664
202 27478439
203 61365050
204 27817565
205 37300036
206 47663870
207 50683550
208 9189019
209 12482680
210 25620120
211 37169381
212 2834203
213 55448586
214 56008065
215 20395349
216 37532717
217 31101727
218 1801203
219 164194
220 17627957
221 64157859
222 55985105
223 31711702
224 43876646
225 59907179
226 27994918
227 33009945
228 46160375
229 16424913
230 8009756
231 18603721
232 66728555
233 4477828
234 50034059
235 38994664
236 37955069
237 58273709
238 42144102
239 31946552
240 46590000
241 8025126
242 34395029
243 38605293
244 56725786
245 10928493
246 3926567
247 21453437
248 58942874
249 9093077
250 10959472
251 18298598
252 28153109
253 61210305
254 23889704
255 19451921
