256 255
0 25349541
1 26192643
2 38422419
3 54245878
4 6714691
5 45305953
6 22546395
7 33740225
8 51331832
9 22786106
10 41260401
11 24382953
12 29258870
13 33349865
14 56863629
15 52824717
16 56396980
17 35959213
18 19284106
19 3189776
20 66855709
21 26979599
22 15158952
23 49854372
24 6171186
25 56652423
26 6357466
27 22604820
28 4514399
29 53766661
30 31894721
31 14075357
32 53395286
33 43723896
34 20256611
35 53964031
36 29052131
37 36235269
38 13426940
39 26997961
40 41940616
41 30415657
42 51233740
43 12119918
44 1248448
45 47199788
46 57895476
47 38711299
48 14291021
49 64566584
50 49808737
51 31359658
52 62891940
53 35750190
54 41233183
55 51614714
56 29106758
57 37991432
58 42061050
59 35048919
60 24446060
61 9914912
62 10098049
63 45990150
64 20151160
65 29218447
66 21384453
67 55714744
68 4323659
69 13660549
70 27678272
71 55278290
72 43355189
73 17209843
74 40348015
75 27237203
76 7620788
77 12879266
78 16481039
79 55514387
80 31149231
81 37569221
82 29268385
83 43414204
84 2483279
85 10694368
86 9155705
87 17340719
88 53924535
89 44202644
90 11810169
91 57211718
92 64678644
93 32604303
94 1336054
95 57685706
96 5632417
97 40372676
98 58194914
99 60436558
100 27313768
101 24389660
102 44119421
103 6060353
104 63294540
105 48602552
106 9432833
107 7511654
108 49290146
109 62608239
110 35027979
111 55632013
112 63731577
113 62515640
114 16898553
115 59362144
116 15977068
117 8205860
118 54135865
119 22098004
120 39213469
121 26169147
122 50222545
123 15833537
124 28378259
125 9682327
126 11754404
127 65090463
128 29492696
129 17066182
130 39559397
131 32907408
132 25146026
133 63666911
134 21239281
135 28439483
136 45817802
137 64646999
138 59017786
139 62879147
140 24360385
141 48027884
142 55120897
143 1414267
144 64881196
145 40655539
146 56470295
147 44441063
148 63139260
149 46350915
150 52935654
151 16084373
152 37092942
153 20754658
154 64322747
155 24350794
156 54509195
157 8190890
158 58180227
159 57555726
160 26069849
161 61054913
162 26372144
163 65631990
164 17148576
165 6056597
166 55210981
167 15801484
168 14118799
169 59743447
170 61464392
171 42369363
172 59020048
173 51455111
174 27265581
175 2273762
176 58146113
177 55243868
178 63115580
179 31614401
180 27713365
181 56449525
182 48142961
183 58838450
184 55045463
185 55324606
186 46874347
187 33979535
188 23612680
189 40407317
190 54588233
191 49511949
192 30417882
193 1835488
194 3496293
195 43056545
196 42289077
197 53084408
198 9132995
199 26887962
200 42164250
201 21053514
202 5518500
203 10591285
204 34652729
205 65073089
206 55742058
207 51214983
208 56838553
209 46020131
210 53193324
211 21434513
212 32102564
213 49336566
214 17493931
215 46135121
216 55483503
217 53655461
218 13332097
219 27816385
220 12206382
221 58813539
222 63401580
223 59347149
224 15065077
225 63626533
226 61949022
227 43426595
228 42052251
229 60857324
230 65372595
231 13305420
232 47060840
233 11325021
234 26912998
235 28783218
236 17458894
237 5976801
238 24690704
239 63568436
240 7875261
241 48223318
242 29203009
243 61739420
244 30447820
245 45205205
246 7953230
247 47886451
248 12787203
249 57843595
250 52487316
251 19324801
252 33163064
253 8737530
254 57467853
255 40270875
