256 256
0 31641105
1 57699963
2 39273871
3 13511593
4 38213832
5 55957957
6 3417330
7 528435
8 42306091
9 47854849
10 65732256
11 56949674
12 49464489
13 39986116
14 37198747
15 19513549
16 32715338
17 32621684
18 39663975
19 41036755
20 45544633
21 54807087
22 32742516
23 47935213
24 35454205
25 28320246
26 21196345
27 4262123
28 59919975
29 27993621
30 31765174
31 33204715
32 63012840
33 23270946
34 46809402
35 1396330
36 19328077
37 12898411
38 23075208
39 15576177
40 14743975
41 61006666
42 22760173
43 40406256
44 56537013
45 44087715
46 8801903
47 19689341
48 47740252
49 64411314
50 55907103
51 45171466
52 49297141
53 53416822
54 53670654
55 56675536
56 41731136
57 18955383
58 50281606
59 44765401
60 8663524
61 13387160
62 40651128
63 6771535
64 27916238
65 66690591
66 20377734
67 14054807
68 3157428
69 1216724
70 59116609
71 23960809
72 10643833
73 55562696
74 60026025
75 2145471
76 4272526
77 28898451
78 41443947
79 8099237
80 15038804
81 17302151
82 22838772
83 23839819
84 3132398
85 58902366
86 17951033
87 10145409
88 46314215
89 34587066
90 44928438
91 47406032
92 62185228
93 29382053
94 30677854
95 56478617
96 7444443
97 7106283
98 40974830
99 52489618
100 63577831
101 55271547
102 2816522
103 7074019
104 42273627
105 58443062
106 61135221
107 10538276
108 19604042
109 29629766
110 33950148
111 49160726
112 6663524
113 43425675
114 22455131
115 9245754
116 56948253
117 29468070
118 27900500
119 51608943
120 16462883
121 54300817
122 22905603
123 33891502
124 5719948
125 24993781
126 50656805
127 24202370
128 44627077
129 10174457
130 50567011
131 28301299
132 15313036
133 53805786
134 27743437
135 27468284
136 30786397
137 57202957
138 53325197
139 24278267
140 1997357
141 9769998
142 667647
143 54106312
144 63326800
145 5689370
146 21126178
147 65897209
148 11027643
149 4125070
150 50948539
151 44303673
152 43048039
153 60566497
154 3879552
155 42386466
156 47873418
157 44316119
158 34881736
159 19845731
160 26977953
161 45692457
162 37152167
163 20422773
164 49841586
165 61017450
166 530310
167 18775768
168 35419504
169 61770394
170 46996007
171 29943241
172 13766281
173 36535763
174 52904708
175 43757469
176 46806485
177 59570854
178 52449812
179 27145919
180 13240294
181 20235431
182 2481027
183 22447441
184 48660549
185 49664064
186 8456096
187 66566891
188 19054077
189 6229016
190 37029722
191 34986258
192 50804519
193 10739254
194 1871749
195 53458834
196 39762244
197 16196039
198 51952850
199 48755211
200 66233409
201 7411631
202 4022891
203 25030189
204 42076556
205 23788304
206 3203299
207 43685349
208 8371818
209 19995832
210 49449751
211 30410192
212 65964696
213 54048645
214 66370672
215 37956588
216 60018068
217 42127211
218 35788396
219 39966612
220 23510728
221 19094854
222 52666316
223 47973072
224 45126269
225 47939283
226 34874239
227 16618392
228 22001438
229 39082126
230 55220041
231 24244254
232 6575853
233 47757381
234 55595509
235 5499382
236 4173747
237 59626850
238 31960803
239 29941566
240 24782916
241 35316416
242 39476082
243 34825810
244 26493404
245 17696186
246 33475734
247 28415383
248 29533266
249 62480742
250 32852545
251 65315211
252 55285077
253 9686909
254 8531146
255 47724507
