10 100 9
6 4
6 2
6 7
3 5
5 2
8 9
2 3
2 6
4 6
3 8
4 2
6 5
8 5
8 5
1 8
4 8
7 2
6 4
3 6
10 6
8 1
8 10
10 2
2 1
2 1
3 6
5 9
8 1
5 2
5 7
8 1
5 1
8 2
1 3
3 10
5 8
6 2
8 4
7 8
5 7
7 6
10 1
2 9
5 10
4 1
6 8
8 1
3 1
4 3
10 1
8 7
4 7
10 9
5 8
1 10
1 7
3 10
6 3
9 8
4 2
1 6
1 10
7 5
2 9
8 9
2 8
7 5
1 10
8 1
7 2
2 3
2 5
7 5
1 2
6 4
7 8
1 5
3 6
2 5
1 2
5 1
10 2
4 2
9 2
5 9
6 2
1 5
2 7
1 3
4 3
7 2
9 4
2 1
1 6
3 9
4 9
5 4
9 3
8 5
6 10