25 255 24
15 9
9 6
5 18
17 21
21 5
2 23
8 15
3 18
6 22
24 18
5 14
16 1
25 14
19 13
1 16
4 1
4 3
6 12
7 16
17 7
9 11
2 12
8 16
19 11
10 18
6 15
17 1
6 21
22 10
2 18
22 11
11 2
6 5
16 21
16 24
7 4
20 17
14 11
12 24
22 8
12 9
8 9
9 22
21 8
25 17
20 21
11 12
17 11
16 5
11 12
9 2
24 1
7 18
16 13
10 6
4 13
7 25
21 16
23 18
1 12
1 7
1 19
19 5
15 8
13 4
8 12
23 13
10 1
16 17
20 13
5 11
7 21
18 20
12 22
12 1
8 14
10 9
14 24
16 13
24 9
6 16
2 22
25 24
21 6
11 15
12 4
20 22
3 6
6 21
23 20
5 2
13 8
8 25
9 3
13 23
8 2
12 20
16 8
23 10
8 2
12 25
8 22
13 3
15 4
12 16
19 17
12 21
11 21
9 12
13 4
24 23
5 25
8 4
23 13
9 20
25 2
15 10
14 6
5 14
13 21
18 12
4 12
1 21
7 23
6 25
8 24
22 15
6 19
13 3
5 14
1 4
9 16
25 24
11 12
4 12
7 21
12 20
11 23
11 8
19 23
8 14
3 18
14 25
14 6
13 17
17 8
16 23
23 25
18 21
17 3
8 7
6 9
13 5
10 24
20 25
15 18
1 16
16 3
16 9
17 24
25 9
5 19
17 8
5 21
12 18
10 20
7 15
5 10
13 20
11 13
15 11
18 3
2 14
2 9
17 16
21 15
6 15
25 15
7 3
10 1
13 25
12 10
20 4
14 11
20 10
9 24
10 25
20 10
9 3
21 24
19 8
4 15
3 14
24 14
10 9
4 13
18 12
13 16
7 8
5 22
25 6
7 6
9 4
24 4
6 24
1 15
5 9
9 7
24 16
11 12
10 24
14 2
5 25
7 2
3 6
9 1
24 3
12 1
22 11
22 1
9 25
2 18
4 3
19 2
16 1
16 1
25 2
25 18
5 15
25 11
24 5
4 7
20 9
5 14
9 7
11 8
7 17
4 24
17 25
6 7
3 20
7 22
19 9
7 19
6 19
1 4
6 3
16 19
1 8
7 2
2 13
20 22
9 12
9 25
5 21