42 1337 14
7 38
5 31
28 16
5 23
9 20
34 6
36 17
21 22
18 40
12 22
5 34
5 27
2 28
8 25
23 26
8 31
25 10
32 11
9 24
20 9
23 18
16 41
33 25
41 12
8 21
16 27
10 36
16 14
11 15
41 17
39 8
13 27
13 2
6 40
7 26
19 36
23 18
19 8
27 11
34 2
10 23
7 24
23 32
31 16
8 33
15 41
30 32
16 21
35 39
35 19
29 16
19 18
29 18
38 27
22 4
35 27
12 33
35 16
41 26
39 26
15 36
30 6
3 16
4 41
3 28
34 12
12 17
16 20
12 36
42 13
1 14
31 22
26 41
29 19
40 32
26 32
16 14
23 2
14 9
19 2
37 2
40 37
6 21
14 35
24 23
20 34
21 33
8 20
23 32
29 14
3 40
41 14
23 5
24 8
32 5
13 23
33 3
7 40
25 35
6 7
24 32
32 18
16 20
4 19
23 37
26 17
19 24
24 18
42 3
33 20
4 40
42 21
5 12
26 29
32 27
1 9
11 6
40 35
25 36
12 4
30 31
5 20
31 32
29 36
3 31
14 15
18 4
42 1
31 3
38 12
5 12
2 19
25 15
39 35
29 21
39 1
42 34
23 8
40 9
33 10
7 23
20 36
23 1
4 25
41 5
24 20
9 17
33 28
38 26
3 37
29 25
29 17
27 19
26 42
40 4
10 12
41 37
16 26
18 32
37 15
1 4
21 15
2 24
1 10
24 13
18 22
21 40
39 25
5 19
28 3
8 31
7 5
26 6
24 36
32 12
11 26
26 32
36 33
40 17
11 34
42 37
37 31
41 22
24 16
10 11
12 29
10 30
8 17
10 18
34 24
10 31
17 12
4 12
10 26
17 11
5 15
31 18
25 3
14 23
15 7
27 19
32 7
3 29
8 7
24 32
17 26
7 14
27 10
4 21
7 33
25 20
39 10
18 36
16 39
18 30
27 31
6 28
25 33
24 35
24 14
3 11
26 38
21 13
12 38
17 12
27 28
7 2
18 17
31 23
32 2
20 33
8 10
10 39
42 24
12 36
9 20
20 16
11 37
24 35
38 1
16 21
35 25
29 28
1 23
12 6
26 35
7 23
19 12
39 41
36 42
28 10
13 38
30 19
16 38
38 29
5 8
25 33
13 4
27 25
42 1
32 8
3 22
28 32
31 36
38 36
5 31
5 30
32 20
35 41
39 18
20 28
37 10
40 30
37 25
17 12
32 15
15 20
11 7
38 11
13 15
7 17
23 3
31 36
26 4
5 42
3 33
28 25
16 30
35 33
17 9
21 9
2 22
21 5
19 13
30 29
34 7
12 6
36 12
7 32
29 31
11 18
10 25
23 6
21 25
24 39
22 19
25 1
8 17
34 9
25 40
25 18
24 38
1 18
36 24
26 13
37 16
14 21
16 42
27 28
2 10
3 42
31 17
4 7
1 11
8 22
31 3
29 17
39 38
34 37
22 38
3 26
4 27
17 41
18 26
2 31
40 11
33 26
31 6
40 38
11 13
40 35
38 33
33 12
38 18
20 6
25 32
6 31
26 34
29 9
15 2
11 4
10 21
15 39
9 39
36 17
24 37
33 11
34 22
42 36
23 30
30 7
23 26
32 30
34 30
15 24
8 36
42 39
38 14
32 27
9 19
15 3
7 20
2 19
19 33
16 29
1 12
11 31
27 23
9 10
23 31
4 21
37 27
4 16
8 35
6 12
24 23
4 40
3 17
4 18
38 15
36 11
14 16
13 23
35 11
23 27
17 25
4 19
8 11
1 10
40 15
10 3
41 31
11 28
8 6
30 28
19 14
12 7
21 13
12 32
42 41
40 25
3 22
42 21
5 28
16 32
8 30
21 32
12 17
25 24
19 4
17 35
1 23
32 3
11 14
17 41
28 11
40 39
27 26
38 23
35 20
16 5
38 1
9 12
18 24
25 3
7 27
28 6
22 1
39 2
27 34
41 7
40 37
13 29
7 12
16 32
8 38
14 9
37 17
1 35
6 10
29 28
41 25
36 34
30 24
42 36
18 36
36 28
34 29
25 39
31 15
16 29
40 24
32 6
32 26
19 41
30 18
36 11
5 7
11 9
36 20
41 27
33 38
28 30
22 14
42 11
27 4
19 26
24 41
13 31
17 18
19 37
36 12
32 26
42 15
14 22
37 18
12 20
30 42
35 40
33 23
29 7
23 38
6 24
22 19
28 11
23 17
6 12
25 16
5 13
17 2
34 9
37 1
22 8
4 11
13 16
33 38
2 5
6 17
22 4
30 34
3 14
27 17
18 12
1 29
42 7
9 37
10 24
37 26
6 5
2 10
4 11
18 33
25 10
22 19
9 26
13 17
40 35
32 20
33 39
40 16
28 16
39 37
42 34
11 20
39 16
5 23
26 12
27 41
40 1
40 1
1 36
27 21
21 17
6 19
21 7
32 10
15 28
28 16
26 11
36 1
2 23
24 30
42 32
41 20
40 23
36 22
33 37
32 37
29 32
11 4
33 38
36 12
8 36
25 28
41 20
24 18
28 29
18 30
39 25
33 42
9 5
19 42
1 9
22 14
26 31
22 11
40 34
3 15
2 5
39 25
38 41
24 33
29 23
21 36
38 23
41 5
17 8
23 30
39 25
39 2
7 41
9 31
17 40
38 14
22 41
11 26
12 9
22 30
38 12
35 31
7 20
2 28
4 3
25 35
19 23
21 10
19 29
26 27
42 23
21 5
22 10
15 7
1 13
37 34
6 7
32 6
30 37
34 6
6 21
15 17
40 6
19 23
31 33
34 7
5 19
27 34
26 29
37 15
33 15
27 15
15 28
35 6
4 34
5 42
34 25
16 10
7 2
32 36
25 20
36 26
6 21
40 30
1 14
16 19
34 8
40 33
2 17
6 41
2 25
35 33
14 33
13 11
16 11
32 4
18 31
29 21
24 38
39 19
39 24
41 11
38 7
27 1
42 37
17 13
4 21
9 37
18 28
17 36
7 17
13 21
7 8
19 42
41 23
26 32
41 21
18 34
17 24
34 38
13 40
6 19
38 5
34 9
36 41
26 3
21 29
40 31
11 3
9 25
20 36
30 27
17 36
30 29
39 29
11 24
8 13
32 25
14 13
18 31
41 31
40 4
34 23
9 33
14 21
38 17
22 33
5 22
20 30
4 1
2 29
9 10
19 15
11 41
20 8
41 36
13 3
23 19
33 25
32 40
6 34
36 39
33 11
30 39
22 36
25 31
27 36
15 34
36 28
11 3
22 14
17 3
32 29
38 17
37 7
18 22
5 4
13 25
42 16
18 11
20 6
19 2
31 15
31 35
9 24
20 28
40 29
10 24
13 6
40 4
9 37
1 20
41 6
28 1
14 2
12 31
25 33
19 14
25 28
22 19
7 13
22 2
4 12
11 1
35 33
13 36
19 30
38 9
31 4
13 2
13 40
5 27
1 12
11 27
42 6
2 7
8 17
17 25
33 24
4 7
24 21
38 33
3 7
29 24
3 25
28 14
25 40
42 24
32 23
37 27
37 4
5 11
15 39
8 4
10 30
29 35
33 11
20 24
11 22
12 14
1 14
11 16
30 34
22 25
29 20
1 27
17 33
16 20
9 29
27 36
35 1
40 20
38 24
24 16
14 40
39 24
19 16
26 32
4 6
25 42
9 35
11 8
12 18
29 12
26 8
20 18
42 27
13 40
21 35
3 5
36 8
38 21
20 16
37 35
35 2
23 37
39 31
6 33
7 42
19 22
42 40
6 11
9 13
8 25
28 34
10 2
8 26
36 30
42 1
33 8
11 12
14 24
36 25
1 14
29 10
27 38
8 39
35 32
21 34
6 31
18 22
11 15
42 6
7 41
29 12
40 22
41 24
23 3
14 8
1 26
38 39
15 29
30 12
42 8
41 22
5 27
27 39
42 28
36 22
13 24
29 20
9 15
21 36
17 36
32 21
5 10
33 5
2 41
2 13
30 36
35 36
40 35
25 29
2 42
36 9
40 21
28 2
15 6
12 35
10 9
15 7
35 2
9 38
35 20
41 1
22 10
36 35
13 28
17 3
7 42
6 17
16 42
38 2
8 21
6 40
29 6
9 24
19 32
18 2
8 38
8 31
25 27
2 34
36 22
27 8
20 41
19 2
26 23
12 38
16 18
13 15
13 1
34 7
38 36
5 13
38 37
20 9
2 24
32 10
1 2
31 39
15 18
33 20
24 13
27 16
16 40
42 40
36 7
8 5
1 9
37 1
29 7
8 17
24 17
23 10
31 27
7 10
14 4
17 9
1 28
7 37
15 17
8 30
23 29
39 30
8 24
17 20
17 4
11 19
15 37
18 10
40 33
21 3
11 15
39 36
1 2
17 19
39 24
39 7
39 4
35 38
4 10
31 15
12 8
19 5
30 3
7 36
6 19
27 11
39 38
19 17
12 7
23 37
25 9
21 13
29 10
29 3
24 33
18 37
20 23
42 29
1 14
14 2
13 31
33 37
23 29
41 4
17 6
2 36
7 41
32 41
14 8
17 6
6 35
21 37
19 32
24 8
4 42
3 20
3 23
16 10
42 34
41 7
23 3
30 17
33 36
28 4
27 42
16 41
31 20
19 32
39 9
23 30
3 1
19 4
9 35
38 15
25 30
19 16
22 32
37 34
22 12
19 39
3 1
32 18
26 42
14 34
19 2
18 29
26 15
15 5
16 5
22 14
25 19
26 40
30 37
13 33
21 27
8 18
8 16
33 36
15 28
1 42
39 28
30 15
40 26
21 7
20 10
1 6
26 14
4 20
32 35
14 38
18 33
40 9
35 29
34 15
18 9
36 34
16 23
1 30
4 37
16 2
5 16
15 36
35 38
5 1
22 2
1 3
3 42
33 11
18 9
15 11
7 40
1 16
24 16
9 36
12 16
34 5
17 19
27 19
10 2
13 35
18 8
17 39
8 19
35 33
11 30
21 12
22 41
13 18
4 1
27 13
14 1
17 20
38 36
33 8
21 27
12 4
17 36
12 36
5 15
36 13
20 9
6 14
17 2
20 23
27 23
6 36
11 8
27 42
26 4
31 10
20 2
19 4
10 22
5 17
20 31
40 24
13 28
17 20
26 39
14 17
39 5
38 27
9 4
12 24
40 4
31 29
26 31
39 23
25 34
37 42
24 4
38 4
18 8
18 24
6 24
24 28
7 36
6 24
26 19
37 30
10 35
3 22
34 21
13 17
22 35
42 39
22 27
27 32
1 34
33 15
29 3
33 8
22 28
14 18
22 19
37 10
42 4
12 23
35 16
34 22
12 8
9 41
29 22
4 32
13 2
10 32
4 18
39 26
17 26
11 8
28 30
27 6
6 13
9 17
35 15
31 10
30 10
33 3
12 5
5 34
6 16
26 19
37 40
15 24
41 8
24 40
30 2
40 20
9 17
16 13
27 26
23 28
38 41
7 8
26 15
16 17
15 42
6 10
21 34
15 37
1 24
30 35
38 36
22 15
33 37
42 33
4 2
36 12
11 41
16 35
37 35
41 22
6 14
26 34
5 32
5 8
19 31
40 29
27 20
21 22
39 20
3 8
4 22
38 39
41 12
13 19
6 40
37 11
29 1
12 37
38 31
10 27
31 37
10 42
24 11
40 26
1 23
18 4
36 38
40 19
35 12
2 6
18 15
3 17
28 8
34 13
34 28
33 10
8 34
17 1
11 19
9 12
18 12
17 40
5 21
27 14
1 10
41 30
28 35
6 12
29 28
32 2
41 22
33 6
16 34
24 10
6 18
30 31
42 32
36 23
41 40
19 25
35 32
3 14
27 39
28 35
25 6
14 34
41 42
22 31
16 19
12 39
10 25
28 41
4 37
13 6
20 14
25 6
4 3
24 7
33 27
40 7
9 15
31 38
18 21
21 17
3 1
26 33
10 25
36 33
27 3
17 27
6 9
17 13
42 14
28 24
30 19
11 40
15 1
16 23
28 39
31 24
36 26
38 6
10 33
37 4
