50 1000 49
17 40
3 18
22 17
26 21
28 37
26 10
19 23
25 3
39 9
38 13
10 35
5 31
18 23
27 22
16 12
18 43
3 34
22 47
9 40
26 41
7 42
45 50
8 15
22 9
34 38
11 26
17 46
49 32
1 27
49 20
47 10
31 7
6 27
6 21
22 9
9 23
30 45
25 20
32 12
2 45
15 18
36 21
27 49
26 33
18 25
43 41
49 36
11 21
8 29
8 31
43 40
4 50
17 42
7 13
8 20
19 44
49 20
20 3
19 20
31 25
16 33
23 5
26 7
11 38
16 22
4 18
16 13
49 36
25 9
38 9
3 20
31 24
22 5
48 47
44 43
44 33
15 48
44 50
14 23
28 42
47 15
49 4
22 36
23 45
14 32
44 35
22 36
20 8
17 30
49 11
49 14
26 50
27 8
4 46
14 29
1 3
37 17
5 49
22 30
17 16
36 43
28 42
25 48
15 46
5 37
48 21
16 27
21 14
34 13
8 15
40 25
10 45
43 2
26 16
6 48
33 46
31 45
47 5
21 34
27 17
2 22
3 13
12 28
11 40
46 1
49 50
29 2
28 7
12 46
46 50
35 29
41 17
30 34
24 19
15 30
30 4
17 37
23 4
9 36
7 44
44 29
20 1
31 17
30 45
3 29
26 2
27 26
48 30
36 27
26 25
35 46
8 5
32 24
33 35
37 50
15 31
34 37
50 38
30 31
35 47
45 4
28 37
32 42
26 31
9 2
25 21
18 15
7 17
37 45
20 45
17 24
50 47
26 30
4 5
48 38
36 24
13 9
37 10
19 9
15 25
1 23
5 15
14 23
19 41
1 33
11 45
40 23
35 41
23 38
45 40
33 15
16 50
2 20
19 23
14 4
31 34
43 38
32 26
22 42
29 25
11 42
28 20
30 45
31 49
27 34
20 39
30 27
28 36
16 38
39 43
7 28
2 26
3 49
7 39
40 37
44 49
41 35
14 18
26 35
22 30
37 4
50 42
26 33
9 46
31 23
49 17
27 37
12 38
49 34
18 37
36 6
5 36
39 19
27 14
46 4
21 5
22 9
40 33
42 23
35 8
13 36
30 18
24 27
20 13
44 30
7 20
12 30
25 30
28 10
9 50
26 34
3 39
44 39
6 46
13 22
43 14
8 6
19 37
36 43
16 8
2 11
12 17
19 26
32 31
34 29
23 41
26 50
25 20
14 21
6 27
35 14
35 37
1 31
16 50
34 41
29 21
15 27
4 43
41 39
18 46
50 46
47 18
46 26
20 32
6 32
50 10
28 14
7 18
27 17
16 1
7 16
40 1
4 27
6 41
13 34
40 8
20 35
6 5
39 28
16 2
2 28
7 22
40 11
3 49
34 47
47 15
21 25
33 16
44 8
2 23
19 45
33 30
36 47
28 15
35 41
17 44
20 14
26 49
33 40
31 33
31 30
26 17
29 43
40 1
3 44
49 33
44 12
2 45
37 26
27 38
9 20
10 40
8 24
33 24
32 3
39 20
40 11
30 33
4 1
33 18
46 23
50 28
26 34
18 36
16 21
32 20
10 48
36 18
6 23
26 22
50 4
4 46
23 39
41 33
42 22
12 13
31 35
18 50
8 40
6 23
43 50
25 34
42 15
31 7
1 9
25 18
26 7
29 50
3 45
5 9
10 2
39 41
15 17
22 4
32 22
21 39
5 35
43 6
15 18
40 20
3 14
49 45
31 32
36 32
49 9
31 49
6 35
7 4
46 8
9 22
18 14
48 18
16 41
6 42
43 34
17 44
37 41
28 47
28 10
2 23
22 15
29 30
49 40
46 8
5 40
25 32
35 30
1 21
3 21
49 15
36 43
44 17
31 5
4 44
10 1
43 40
10 15
18 20
15 47
49 8
45 28
14 31
20 26
14 8
30 20
20 24
49 34
15 48
32 21
36 40
13 43
18 40
10 13
34 27
31 40
7 17
23 16
13 34
14 29
27 49
5 40
49 28
14 47
2 13
33 41
8 21
41 15
14 11
12 24
39 4
45 31
20 9
1 14
34 39
43 6
32 50
18 48
5 26
7 4
35 13
2 16
29 42
15 45
22 32
12 1
41 2
21 47
27 12
33 27
17 23
20 31
2 27
30 12
42 16
43 22
48 15
49 20
17 31
1 31
13 15
33 15
18 34
43 12
40 7
48 36
43 10
45 17
21 14
46 24
14 26
43 31
1 44
9 45
3 30
28 1
20 34
47 29
26 12
13 15
15 29
29 25
19 25
39 18
29 6
21 46
7 25
11 27
35 49
20 19
42 15
6 49
9 2
36 31
32 6
7 36
32 16
42 11
17 30
31 47
1 8
29 40
34 31
24 11
34 3
41 39
7 24
14 26
21 20
12 32
24 38
6 9
21 39
28 18
38 36
39 25
4 7
15 25
38 40
19 10
19 49
47 3
35 41
10 48
6 41
38 39
50 2
2 40
29 44
30 28
45 41
11 35
32 12
31 37
30 19
38 7
34 1
13 42
19 7
39 36
26 2
17 4
46 36
38 28
42 6
50 1
9 40
23 45
30 49
7 39
9 27
13 6
42 10
12 19
44 32
46 26
43 23
34 33
41 21
29 41
18 26
23 24
17 32
50 21
45 2
28 15
19 29
13 39
26 21
28 14
23 44
37 29
45 18
35 41
14 10
8 43
41 44
45 8
5 34
38 6
45 48
30 11
19 3
46 42
34 41
30 7
5 11
30 24
34 8
7 11
8 42
6 38
36 24
11 36
32 24
37 40
11 42
3 24
28 15
36 2
10 23
14 24
38 8
5 25
42 46
10 5
20 3
35 33
34 35
8 15
31 42
15 41
48 43
14 40
4 14
26 46
12 5
37 31
12 35
29 9
44 30
34 31
23 12
4 45
21 15
10 45
3 33
7 27
40 19
20 8
20 19
48 4
25 40
12 36
32 5
15 47
21 44
6 47
11 33
40 5
3 39
12 19
6 5
26 1
20 46
42 36
46 27
7 42
8 9
45 43
26 16
5 35
32 31
3 21
49 1
9 14
47 41
35 45
8 17
45 1
3 12
10 15
3 2
26 15
31 8
43 20
33 19
47 24
20 13
13 25
12 13
40 7
49 31
47 2
7 20
8 42
36 44
18 30
4 34
5 26
48 33
21 10
42 34
30 28
11 10
41 48
23 43
29 41
22 14
33 30
18 45
17 28
12 43
36 29
5 33
39 34
17 18
32 47
40 28
39 47
49 32
37 16
28 2
9 40
11 2
22 6
19 22
42 45
11 34
6 27
39 28
15 17
39 34
10 8
33 46
26 50
7 41
13 35
47 17
20 47
39 10
13 21
26 8
43 22
21 30
50 1
41 28
17 20
40 27
50 9
14 38
24 13
43 21
14 22
2 9
9 21
49 25
19 39
10 13
21 50
50 37
32 29
7 31
3 34
18 41
49 11
11 48
38 48
8 48
38 24
38 8
18 21
10 33
26 22
13 48
43 37
26 10
9 2
19 46
31 34
22 29
42 36
5 27
13 37
45 15
7 33
27 3
36 11
16 23
45 21
13 23
15 46
50 4
26 1
12 32
12 39
42 24
1 43
43 9
47 14
33 6
3 19
37 17
2 38
4 3
21 17
4 28
16 40
9 36
19 27
5 6
22 21
28 33
33 15
33 21
27 24
36 21
19 4
20 43
32 44
26 48
49 5
35 36
32 26
49 22
22 36
17 2
19 17
31 21
29 36
22 10
49 39
13 21
50 43
50 33
20 19
13 10
48 1
35 26
20 45
33 19
48 24
45 6
27 16
40 48
7 2
27 47
15 34
38 4
16 9
35 2
14 4
40 49
49 20
19 16
29 28
9 36
22 12
9 22
1 38
23 18
13 21
28 5
45 13
23 8
22 19
14 27
35 49
28 36
41 4
42 17
45 1
18 48
6 7
7 12
18 42
16 25
3 12
43 11
24 46
47 1
33 46
49 34
41 5
27 41
48 26
44 8
41 29
5 1
46 27
31 41
17 30
49 27
14 18
33 8
43 16
15 1
36 44
45 40
3 1
49 23
16 15
28 1
6 8
22 27
16 49
15 10
24 43
25 44
11 47
25 6
41 21
15 48
5 39
37 5
23 10
29 48
27 49
14 34
11 24
33 42
33 44
17 10
16 11
19 4
22 8
19 5
26 10
2 46
12 32
39 38
29 10
37 20
11 16
14 46
43 25
9 41
20 27
10 41
47 43
24 16
37 48
2 18
37 27
36 27
41 10
37 5
39 8
21 13
6 21
46 11
38 30
47 41
16 22
14 7
43 20
11 33
44 3
37 34
22 43
15 24
45 50
17 8
45 40
1 19
28 32
32 29
16 3
17 43
27 16
7 31
21 5
11 33
38 10
4 37
46 31
31 16
19 29
41 35
7 33
49 50
29 3
16 13
4 6
27 29
38 1
41 24
2 40
22 1
2 34
4 1
29 45
24 23
32 31
34 5
19 22
25 49
10 46
50 30
50 37
24 41
