132 1231 63
59 64
84 2
93 1
94 53
46 112
50 30
107 100
119 62
38 37
125 9
62 130
1 8
49 65
1 117
90 74
6 111
5 112
121 64
34 85
31 85
89 100
127 64
50 100
124 5
121 86
111 125
130 127
131 89
1 78
38 95
75 128
131 32
24 123
74 42
91 65
25 45
36 94
26 1
103 39
49 99
112 26
8 98
4 21
44 87
4 115
18 107
88 54
50 6
2 113
8 81
49 97
98 90
59 48
132 7
53 59
16 1
116 89
120 52
111 11
15 101
124 89
108 126
91 106
16 129
33 103
26 119
28 77
99 65
84 46
59 47
70 129
103 50
129 64
110 109
46 42
3 40
115 129
90 4
10 39
126 91
32 4
88 40
48 11
11 67
46 55
18 96
49 26
18 90
104 81
71 99
67 30
35 125
63 102
27 132
83 126
58 124
54 49
98 34
108 129
12 118
15 68
94 54
131 93
94 128
48 105
15 89
94 75
116 109
68 112
85 13
2 96
120 33
35 64
70 113
67 30
26 113
102 36
100 46
13 83
124 33
116 72
82 32
114 37
25 49
8 51
13 49
108 18
123 4
132 79
36 61
53 132
16 45
93 43
56 24
79 64
17 99
31 101
24 123
43 100
112 116
98 58
65 24
126 12
101 48
126 79
20 86
121 1
15 116
42 104
49 1
108 3
93 69
62 130
79 125
53 118
33 61
114 130
66 100
4 69
106 40
14 92
26 41
41 91
128 25
95 70
132 39
4 38
37 105
98 108
131 87
129 11
88 81
93 51
90 5
128 112
115 77
94 102
112 116
114 83
57 13
57 1
85 101
70 7
110 63
62 98
15 127
100 51
14 91
16 125
21 32
31 105
74 45
97 42
23 65
83 19
75 113
91 81
29 17
74 66
29 107
79 116
11 64
7 49
74 2
82 30
60 131
50 126
36 27
25 7
129 46
53 25
27 113
115 107
121 16
75 18
130 93
113 68
115 105
88 122
1 39
45 38
110 1
58 31
58 13
55 63
32 28
111 48
11 54
102 26
2 97
27 64
101 26
80 53
125 130
93 24
59 38
121 25
31 115
3 99
62 12
12 53
107 38
121 126
111 127
123 110
11 23
54 40
126 34
52 75
65 4
78 99
59 21
16 108
118 93
4 112
43 8
44 34
113 36
125 123
3 96
36 113
115 116
93 12
41 80
46 45
115 121
81 52
31 113
27 76
118 89
64 110
62 104
87 3
32 121
97 26
46 57
130 40
2 117
112 71
100 117
101 3
39 45
98 27
104 57
75 98
61 6
25 111
51 62
71 107
123 3
112 43
100 11
76 123
69 54
23 74
103 37
76 58
65 107
107 4
82 13
75 1
81 64
108 53
48 71
53 4
117 79
119 55
39 60
131 70
38 27
49 44
116 17
20 58
118 35
106 100
32 123
43 20
14 132
47 37
72 3
106 12
23 121
111 127
60 104
3 36
59 34
125 99
30 100
116 16
109 6
48 22
2 74
44 55
17 95
94 110
110 35
76 22
97 88
30 126
130 113
70 78
116 129
117 100
87 69
69 42
93 69
43 24
67 117
45 90
8 89
131 64
92 14
53 101
27 41
13 7
23 130
33 91
11 128
16 126
52 112
88 58
85 126
96 131
65 10
61 5
99 23
123 58
105 119
6 48
38 128
65 8
67 77
117 72
23 58
72 20
29 104
94 92
21 1
48 28
76 68
65 11
32 43
37 15
3 85
43 48
81 40
63 89
57 23
60 47
35 107
71 99
35 10
117 100
34 57
3 124
37 110
21 25
85 57
59 3
73 49
37 98
120 100
14 49
75 26
18 66
49 71
130 46
88 85
29 18
63 13
118 103
35 53
68 30
39 90
10 118
91 112
29 16
108 122
89 47
120 52
76 3
94 12
109 53
13 50
66 77
19 62
5 108
76 45
106 76
122 106
4 1
108 94
44 23
34 96
31 118
25 6
2 35
46 41
77 38
19 90
101 75
8 76
9 100
9 52
50 31
118 29
105 65
31 89
67 16
72 79
35 28
11 104
56 109
117 46
121 120
10 114
119 5
127 8
123 76
86 23
51 131
119 122
71 70
62 100
112 76
10 61
19 48
79 81
101 13
48 100
119 21
42 79
106 120
28 127
11 88
2 60
15 66
90 25
115 78
31 74
116 60
50 58
33 118
74 107
114 73
59 80
72 131
50 101
90 72
11 54
40 25
80 128
5 23
15 89
38 74
13 37
126 36
35 89
100 30
52 27
35 44
75 70
112 49
67 109
74 38
45 32
96 60
106 24
130 131
94 59
98 70
118 126
79 40
95 86
31 84
34 6
85 6
90 96
125 57
46 66
30 92
89 22
70 77
19 31
36 76
95 38
84 98
90 66
41 59
112 64
89 132
114 117
76 59
132 35
90 111
80 43
15 20
110 131
72 26
54 105
26 113
104 79
121 123
98 9
58 132
27 87
93 129
12 22
15 94
109 105
126 130
107 79
121 1
131 39
105 37
35 67
67 53
22 132
87 7
98 6
125 85
57 81
31 117
122 30
86 26
29 13
118 84
16 101
14 83
91 81
11 30
40 117
103 107
131 86
18 63
104 32
99 40
45 120
17 92
70 83
91 37
76 63
91 92
99 97
31 6
47 35
118 49
34 57
56 34
79 86
95 47
83 91
83 130
22 6
53 87
107 25
68 44
15 122
94 77
124 22
113 21
101 28
128 34
66 52
10 63
69 75
51 25
118 36
24 117
4 76
118 71
80 91
103 55
38 28
49 122
30 69
104 7
41 106
64 115
104 97
127 6
41 22
55 81
117 94
12 90
43 25
36 2
57 39
77 62
33 42
132 108
64 109
90 33
63 112
116 21
21 116
52 1
2 64
86 117
37 124
117 83
42 119
41 65
44 12
59 84
39 47
92 127
36 31
70 114
90 23
4 10
56 45
99 8
7 83
68 100
16 50
74 97
20 18
120 51
76 107
95 49
65 37
125 64
92 113
11 61
130 14
20 47
23 24
85 71
87 27
62 15
104 36
83 64
96 38
107 60
97 37
72 14
108 64
66 14
98 128
60 96
65 80
69 100
69 45
27 70
66 82
82 79
109 74
1 43
28 113
28 117
132 50
3 43
89 6
7 60
76 77
49 95
20 113
14 98
125 87
93 86
102 59
4 39
65 7
18 28
38 26
8 120
12 54
83 120
93 65
103 33
86 127
21 76
62 12
99 100
16 49
62 9
75 59
19 13
53 6
88 71
47 85
71 126
83 94
78 98
71 48
49 8
77 120
122 49
88 65
5 58
20 1
34 72
37 22
37 43
23 48
132 101
95 47
43 37
107 64
132 3
43 70
4 121
85 117
63 23
65 3
11 113
41 36
115 71
42 25
46 45
16 22
86 72
32 12
44 32
93 53
108 56
44 107
68 112
69 128
21 31
13 57
27 77
74 123
87 73
82 101
111 75
114 118
4 2
63 113
19 37
5 8
57 2
73 68
121 111
3 122
29 48
82 113
86 7
22 120
74 112
115 41
18 76
118 16
110 123
51 41
2 42
73 63
91 13
87 32
82 46
103 49
44 96
98 72
49 96
90 81
73 62
37 126
36 56
93 117
83 56
6 91
111 113
49 100
17 122
130 60
2 107
94 37
93 32
70 111
23 78
9 4
97 70
35 111
71 99
45 30
47 23
1 102
129 68
1 61
4 82
79 16
20 123
78 3
33 11
82 7
27 19
102 95
123 112
68 103
118 111
46 25
126 46
49 32
8 116
10 31
119 72
24 97
26 36
36 43
98 123
20 2
52 13
34 11
132 128
13 11
25 59
4 96
16 101
75 11
112 84
14 37
51 42
102 93
6 106
5 126
37 76
85 100
100 23
27 51
52 126
37 23
91 118
96 13
2 62
112 27
87 59
34 101
52 112
83 118
106 4
59 100
98 63
119 132
30 43
98 94
9 82
118 33
57 130
32 103
81 76
111 51
11 117
78 130
99 19
78 12
74 81
113 20
81 130
112 67
109 33
121 124
92 18
49 25
11 75
11 116
131 83
25 123
96 47
24 83
128 35
39 108
21 5
59 56
4 29
83 46
122 13
46 64
38 110
40 129
5 73
2 89
73 123
75 53
43 100
50 94
106 81
112 117
62 69
121 23
23 64
111 62
96 63
16 19
76 58
94 86
33 16
131 13
3 21
56 61
129 130
3 92
116 50
30 16
49 108
46 125
8 55
84 47
89 36
78 93
82 105
129 23
43 96
119 13
9 67
26 94
110 9
113 13
30 131
57 62
74 132
41 34
40 86
75 31
45 11
58 44
44 43
90 120
116 93
3 84
16 5
77 104
115 102
47 65
6 100
31 119
96 14
61 101
98 41
31 47
132 59
55 109
42 75
108 61
87 30
93 43
94 85
25 33
117 88
91 18
57 37
87 102
102 52
27 64
38 91
49 109
45 114
127 57
36 116
13 126
53 85
66 3
60 6
2 128
110 30
47 51
26 93
131 34
38 71
19 24
89 105
47 108
49 97
44 2
114 108
8 69
61 91
128 120
37 100
83 32
30 75
65 37
83 58
102 24
131 7
72 102
115 87
57 36
46 96
125 65
106 86
100 51
57 125
78 129
105 70
79 3
93 31
3 118
12 73
19 55
75 40
59 70
111 79
9 38
64 49
45 81
113 20
101 114
9 117
68 44
24 74
9 17
76 13
84 75
8 46
51 98
48 113
10 104
11 80
73 37
99 61
109 102
125 97
44 39
86 130
22 42
69 118
93 54
62 12
31 97
16 57
124 25
21 61
66 72
115 4
126 15
83 48
39 101
7 4
57 13
111 98
10 118
5 109
51 104
105 126
102 39
43 26
50 38
31 59
17 76
7 32
17 9
114 121
36 127
96 112
61 47
33 12
94 51
95 108
2 34
35 46
32 15
80 83
121 88
123 71
73 103
71 22
63 92
15 20
25 47
125 113
120 75
29 94
109 28
38 16
17 45
100 32
35 23
126 13
52 119
101 83
33 16
40 48
60 76
42 79
115 121
12 99
17 14
64 33
32 33
13 72
88 109
87 90
56 64
76 113
30 112
31 61
47 97
47 43
16 46
123 77
114 15
120 46
128 89
15 12
11 61
92 120
83 77
86 100
4 76
81 95
24 19
114 115
42 92
95 120
20 120
11 9
111 55
39 66
80 77
113 120
4 3
107 91
33 24
125 27
85 1
67 19
38 119
122 50
41 83
129 116
128 70
24 127
6 101
94 123
115 38
8 101
123 99
34 71
39 104
14 73
1 21
97 69
42 63
9 83
67 27
57 28
131 115
68 10
74 89
105 95
13 83
14 18
129 83
99 129
125 67
86 103
84 103
45 7
67 31
122 19
12 99
46 100
15 102
111 122
130 15
36 22
17 21
98 58
127 65
115 54
121 129
102 90
52 33
19 71
67 101
130 65
60 49
71 56
104 93
83 95
131 98
130 84
25 4
61 65
59 86
95 91
43 52
97 67
93 103
100 14
29 71
90 91
112 47
123 120
128 24
95 33
132 68
72 129
28 45
27 42
