123 1313 28
5 91
86 14
48 3
17 37
107 46
112 105
90 24
17 36
92 58
102 91
114 74
36 64
44 82
89 51
34 108
6 86
81 35
110 18
75 42
11 22
60 29
91 123
23 105
16 102
29 75
71 29
95 46
105 114
84 35
18 113
32 16
4 9
15 1
86 84
69 11
72 116
1 68
88 122
56 48
95 81
40 63
7 123
23 84
77 6
118 9
113 44
10 113
6 113
28 11
56 84
29 40
34 53
88 11
7 45
81 21
25 102
92 27
115 99
38 98
25 37
42 65
90 50
34 32
40 60
106 18
7 14
31 117
65 6
112 91
45 75
97 77
41 98
84 10
100 96
92 83
118 22
116 99
41 89
120 56
49 47
64 80
107 62
36 65
99 96
103 33
22 51
103 40
23 114
16 55
5 6
19 87
61 1
98 31
48 62
97 13
33 40
93 15
91 73
56 35
118 34
21 112
55 96
28 89
68 66
37 24
107 4
85 32
63 74
8 108
39 12
11 14
44 78
14 73
98 113
3 2
81 55
64 70
102 21
114 109
34 109
6 79
54 66
4 74
72 111
119 32
17 5
35 30
89 93
72 65
15 49
102 64
76 69
38 106
119 22
24 85
94 46
90 63
8 36
44 52
118 33
88 89
44 26
36 113
58 98
19 104
84 123
18 54
30 114
19 7
109 67
71 120
65 14
21 32
51 109
111 10
95 111
22 21
116 82
93 117
72 58
77 111
21 107
39 104
36 97
44 65
104 122
84 41
84 114
99 33
37 33
13 28
100 67
120 5
36 112
85 102
24 20
68 97
98 62
41 27
115 9
23 47
65 79
59 46
96 92
122 100
44 116
59 54
100 89
51 119
121 109
80 72
3 84
96 63
30 55
48 122
105 82
69 58
33 95
6 36
82 81
16 45
80 36
107 13
39 28
20 37
98 81
11 99
58 83
2 119
86 3
110 113
87 90
58 81
109 95
118 5
21 23
83 63
19 1
70 5
4 69
85 43
70 91
55 106
53 11
54 23
53 96
123 18
70 67
66 58
21 13
39 14
8 75
60 117
43 88
36 104
34 22
105 70
115 20
121 5
97 13
78 15
44 13
23 46
21 12
43 64
98 85
36 103
84 15
118 13
57 24
4 58
122 33
108 30
11 83
2 105
86 112
72 73
7 85
120 82
68 20
21 78
80 64
105 10
40 52
65 102
93 83
63 93
45 91
48 105
28 33
117 3
29 87
90 59
95 32
109 39
66 86
91 35
115 43
25 35
11 108
50 79
59 107
49 92
6 20
80 47
57 50
9 62
92 105
119 15
8 25
82 67
18 93
41 37
80 110
104 37
36 65
27 39
30 74
26 109
35 85
62 17
79 115
70 122
21 57
23 80
9 29
35 90
2 119
26 52
76 22
25 62
18 21
98 81
120 28
25 94
27 39
68 12
77 83
50 122
29 26
33 120
3 92
12 101
65 26
32 40
48 38
88 113
37 88
13 99
7 107
20 98
39 73
58 11
80 14
50 70
32 20
6 3
14 9
115 59
66 62
88 65
70 54
19 25
20 93
45 67
72 116
115 25
102 64
52 121
73 114
120 66
13 34
51 68
73 111
64 15
6 21
71 7
110 73
79 112
35 90
28 11
110 53
69 48
9 2
28 61
14 45
103 12
25 110
39 43
30 123
17 26
80 44
48 59
63 53
66 12
10 110
87 66
103 33
104 39
107 57
95 32
86 94
51 93
114 98
83 7
61 11
57 29
101 9
4 31
115 34
100 24
83 9
46 3
20 16
62 91
120 46
98 100
1 75
106 116
30 85
65 18
71 35
119 93
29 67
121 25
4 20
83 107
49 108
12 58
34 12
58 118
11 45
72 123
65 67
93 1
28 81
39 23
82 9
68 105
77 37
23 34
38 96
87 120
48 92
25 79
6 27
28 64
92 114
83 31
52 25
82 5
111 16
80 27
12 90
108 27
58 7
23 122
70 35
1 56
83 98
116 7
100 59
45 24
116 36
114 97
122 99
90 81
109 57
11 122
52 6
4 35
12 89
65 6
74 109
97 98
97 2
66 14
106 69
62 70
35 101
85 1
2 17
42 62
39 91
24 72
45 95
123 44
57 5
11 99
2 81
57 118
6 108
25 30
78 122
93 55
87 97
42 70
22 121
43 72
33 99
77 116
43 72
110 30
62 70
119 2
70 2
73 119
28 64
40 22
9 54
120 100
52 40
112 116
10 23
7 118
65 8
113 11
107 120
37 36
100 105
28 81
27 48
1 104
83 49
35 79
57 52
38 77
32 83
44 86
104 96
107 16
12 3
36 6
109 80
61 103
110 41
28 13
88 26
38 9
86 14
92 73
29 50
105 109
94 67
90 70
65 61
116 19
114 13
60 1
40 60
79 106
75 52
83 112
87 123
20 113
7 74
47 55
88 111
113 43
49 40
4 11
109 123
18 113
65 99
54 105
73 14
90 8
4 11
58 122
91 23
60 65
79 49
45 17
112 74
92 120
62 30
57 95
111 81
118 12
101 87
18 116
55 108
73 93
41 82
23 33
20 98
7 35
51 83
8 108
122 93
89 40
96 79
43 117
11 23
50 7
62 116
53 7
3 38
9 15
17 58
104 92
100 101
97 95
63 47
5 34
105 60
73 16
75 99
100 27
50 33
1 43
82 11
2 8
81 61
87 24
64 50
28 105
20 97
113 114
11 48
59 95
79 117
41 27
69 58
19 76
10 92
9 8
99 90
40 82
108 77
24 107
82 74
20 84
52 48
53 4
91 75
47 51
60 49
102 54
22 7
5 78
111 70
51 49
114 113
95 28
34 16
61 103
122 120
27 10
45 110
67 39
30 82
108 115
9 28
84 49
117 30
99 54
31 18
69 85
65 115
88 64
4 31
117 102
52 42
71 98
122 32
92 77
2 111
121 25
60 94
2 8
90 26
15 82
47 79
5 63
7 47
82 34
74 31
97 103
12 35
99 16
28 70
98 7
1 123
55 80
94 109
60 41
83 60
82 63
96 115
47 79
59 48
80 82
97 2
102 42
10 100
60 113
34 7
75 93
74 113
27 12
79 80
70 34
55 67
118 27
13 61
58 111
48 36
108 91
79 120
74 52
74 14
43 64
98 100
93 113
83 80
89 97
105 36
95 53
14 42
42 68
53 73
102 60
32 106
11 53
103 26
113 60
58 5
98 90
56 50
19 63
53 121
70 85
2 75
63 71
42 95
29 10
89 22
88 34
52 12
99 91
97 7
68 18
100 28
78 40
17 95
18 36
54 67
100 89
69 84
73 43
53 104
3 83
66 36
73 77
13 25
59 21
36 1
68 38
22 120
5 82
29 86
109 10
46 13
29 42
115 38
105 104
56 3
122 114
44 81
32 85
113 103
47 80
114 65
86 12
118 37
55 6
51 101
96 118
111 78
34 54
87 120
114 103
76 94
97 28
97 116
82 34
60 6
45 28
73 20
98 1
56 96
74 100
80 64
59 4
53 107
92 27
107 33
121 42
62 89
8 97
83 28
88 56
92 18
61 92
60 101
13 108
81 114
51 98
36 115
70 1
102 67
13 40
39 60
56 104
36 71
115 46
29 102
17 116
93 58
31 76
48 49
88 109
113 114
109 112
52 76
21 97
66 19
34 15
119 78
80 51
85 99
29 88
55 52
115 14
37 4
78 60
3 44
67 121
46 120
29 14
68 123
72 30
61 47
63 81
111 40
77 116
50 68
22 4
100 96
116 26
62 15
76 56
4 14
91 81
123 29
23 98
39 35
16 12
110 87
79 122
95 87
89 72
102 70
94 122
40 13
7 25
114 55
13 43
3 112
118 69
76 20
105 51
43 118
121 20
84 91
38 3
37 97
75 41
44 113
50 13
98 54
4 78
80 5
50 119
115 36
40 108
92 7
64 77
97 92
110 103
57 13
75 94
26 103
36 61
121 72
122 114
79 30
19 79
11 56
63 72
57 43
105 8
84 61
1 46
64 83
115 86
87 52
47 4
39 54
35 26
33 93
14 8
1 114
9 18
93 21
52 123
8 64
122 57
40 68
106 102
87 18
12 54
38 49
75 99
29 81
16 4
3 56
98 48
92 117
104 94
108 79
118 117
84 103
45 43
121 48
63 106
101 40
26 31
26 2
75 71
44 1
60 38
45 74
114 53
58 36
16 18
94 42
107 15
39 98
7 35
63 43
34 4
28 115
122 2
107 102
94 93
6 93
69 21
114 21
55 45
43 75
111 31
15 31
41 9
41 31
28 34
56 12
110 102
116 96
20 89
8 19
61 5
16 40
16 55
113 25
59 26
45 76
32 79
73 90
19 23
13 88
97 61
62 23
77 74
109 34
113 45
123 3
9 92
13 39
34 88
22 68
38 19
6 37
87 24
119 73
76 86
89 115
31 62
4 63
38 83
38 83
117 83
22 117
3 14
64 76
98 42
8 53
108 50
105 120
118 6
85 105
83 18
69 29
96 107
76 31
107 36
44 49
117 88
19 64
104 121
81 50
65 58
62 32
33 25
101 102
100 8
18 63
78 93
26 85
101 84
17 123
50 66
75 65
19 33
26 15
52 25
90 33
92 20
18 81
119 102
84 72
75 103
116 117
64 103
80 75
122 71
109 9
104 31
87 45
123 10
4 37
50 60
79 13
21 63
98 53
77 17
106 1
93 30
47 54
109 3
51 100
10 107
60 61
103 37
110 114
2 34
30 93
11 120
24 55
26 58
37 62
29 90
20 56
77 66
33 91
122 82
89 87
92 3
109 107
67 94
67 107
41 93
50 13
84 79
13 122
35 29
121 19
24 58
36 52
107 61
65 112
101 45
55 102
57 98
79 16
48 61
50 64
80 116
97 90
89 62
24 41
31 102
69 104
70 115
74 67
25 10
38 27
112 22
105 100
89 109
100 62
55 76
24 105
95 80
111 105
37 103
69 11
65 13
11 78
72 113
19 83
54 93
119 103
59 87
2 59
83 17
5 71
100 65
95 33
102 77
68 94
10 60
44 57
44 48
24 30
26 9
43 105
83 116
33 84
58 82
98 33
82 68
82 111
31 32
15 63
12 96
18 121
70 63
116 57
29 101
119 31
77 90
122 43
121 20
21 6
26 85
35 33
65 88
107 34
116 58
30 56
8 86
32 22
120 106
18 72
83 31
68 26
87 92
13 32
11 106
50 55
58 107
81 47
123 43
72 44
44 95
76 77
82 56
79 40
121 20
14 19
118 87
29 2
39 58
65 12
29 114
91 56
52 81
22 13
93 70
35 106
117 84
62 117
82 109
18 113
49 47
57 64
110 117
109 71
123 16
110 31
10 123
8 88
70 66
79 1
94 41
1 32
99 101
37 20
77 116
32 61
118 1
69 81
69 41
65 85
118 32
70 87
65 69
93 88
14 105
118 15
30 114
18 96
23 7
44 45
45 10
115 2
96 123
88 14
58 85
61 67
1 5
5 44
31 104
54 120
55 99
58 48
33 83
100 101
108 60
4 68
6 119
83 6
5 82
86 37
96 106
104 66
34 78
99 55
11 108
23 39
50 60
45 20
94 70
9 94
45 96
15 105
33 74
3 121
29 1
38 110
18 74
39 77
72 34
117 102
44 19
31 33
75 40
36 17
82 36
31 98
2 95
64 113
88 24
33 76
15 11
115 78
38 21
10 82
3 38
17 48
92 87
58 100
69 11
90 8
35 9
30 24
15 90
29 9
102 5
116 89
112 89
87 119
77 51
121 43
104 83
102 16
37 27
17 113
52 46
64 88
113 101
64 38
5 99
37 100
23 40
71 62
68 42
61 96
123 36
117 35
67 20
48 121
20 103
119 53
52 9
42 83
8 63
105 110
80 104
78 1
107 115
83 46
35 103
13 48
36 55
26 16
73 54
55 24
110 46
35 52
39 5
