100 100 28
62 37
64 96
99 60
83 28
3 79
33 97
63 33
15 46
97 66
29 93
17 84
9 18
4 86
61 91
42 21
43 75
55 71
29 49
38 40
7 52
17 36
85 74
21 91
69 75
66 2
1 78
90 66
73 24
11 88
53 16
58 43
64 56
69 10
97 100
30 13
96 6
46 71
77 63
84 3
43 2
7 23
45 100
90 59
62 48
36 57
5 63
38 78
24 36
64 25
55 60
43 38
38 3
42 89
60 56
15 91
30 95
26 14
74 57
76 19
60 66
24 69
2 23
74 97
82 83
49 91
93 37
89 41
96 4
57 100
7 69
41 12
51 40
96 10
96 59
13 38
95 87
71 10
50 28
70 5
32 16
1 69
79 45
19 43
14 30
48 96
28 17
95 92
47 52
38 42
39 92
39 82
95 18
30 53
54 75
17 35
36 46
87 51
100 46
90 73
50 10
