50 150 47
15 5
43 21
25 31
33 41
17 49
38 23
48 26
36 37
38 49
35 49
40 16
17 9
50 16
3 50
48 34
31 4
14 18
27 31
50 14
2 46
14 48
19 39
17 30
21 1
23 48
8 23
42 25
6 27
26 9
48 38
42 11
20 34
31 11
49 33
20 21
21 35
49 37
44 41
14 10
45 2
20 18
43 2
6 8
42 39
3 19
1 37
34 31
49 22
2 4
10 50
38 37
20 42
9 24
24 4
35 39
39 22
24 35
46 36
41 24
39 3
24 1
48 40
8 35
6 42
8 44
19 14
2 21
25 6
31 17
1 25
30 49
16 33
6 11
40 25
46 26
33 30
22 18
40 16
6 42
6 46
26 13
45 8
11 18
44 25
37 31
44 13
21 31
13 48
20 16
45 1
27 45
38 35
45 50
45 32
11 26
33 29
47 8
48 10
17 41
25 3
19 22
29 26
21 8
16 22
20 6
22 20
37 23
9 41
20 28
32 9
17 24
6 17
34 9
2 45
7 29
17 50
22 47
40 37
21 29
14 24
16 41
20 39
50 48
45 20
47 6
22 50
44 30
9 38
16 1
16 11
27 38
6 40
9 14
5 29
10 24
33 35
13 17
15 24
37 23
17 2
4 22
22 17
50 30
7 33
22 38
30 26
43 44
1 35
22 50
21 39
