0
0
0
0
0
0
0
0
0
0
0
0
0
0
0
0
0
0
0
0
0
0
0
0
0
0
0
0
0
0
0
0
0
0
0
0
0
0
0
0
0
0
0
0
0
0
0
0
0
0
0
0
0
0
0
0
0
0
0
0
0
0
0
0
0
0
0
0
0
0
0
0
0
0
0
0
0
0
0
0
0
0
0
0
0
0
0
0
0
0
1
0
0
0
0
0
0
0
0
0
0
0
0
0
0
0
0
0
0
0
10
0
0
0
0
0
0
0
0
0
9
0
0
0
0
0
0
0
0
0
8
0
0
0
0
0
0
0
0
0
7
0
0
0
0
0
0
0
0
0
6
0
0
0
0
0
0
0
0
0
5
0
0
0
0
0
0
0
0
0
4
0
0
0
0
0
0
0
0
0
3
0
0
0
0
0
0
0
0
0
2
0
0
0
0
0
0
0
0
0
1
0
0
0
0
0
0
0
0
0
0
0
0
0
0
0
0
0
0
0
10
0
0
0
0
0
0
0
0
0
9
0
0
0
0
0
0
0
0
0
8
0
0
0
0
0
0
0
0
0
7
0
0
0
0
0
0
0
0
0
6
0
0
0
0
0
0
0
0
0
5
0
0
0
0
0
0
0
0
0
4
0
0
0
0
0
0
0
0
0
3
0
0
0
0
0
0
0
0
0
2
0
0
0
0
0
0
0
0
0
1
0
0
0
0
0
0
0
0
0
0
0
0
0
0
0
0
0
0
0
10
0
0
0
0
0
0
0
0
0
9
0
0
0
0
0
0
0
0
0
8
0
0
0
0
0
0
0
0
0
7
0
0
0
0
0
0
0
0
0
6
0
0
0
0
0
0
0
0
0
5
0
0
0
0
0
0
0
0
0
4
0
0
0
0
0
0
0
0
0
3
0
0
0
0
0
0
0
0
0
2
0
0
0
0
0
0
0
0
0
1
0
0
0
0
0
0
0
0
0
0
0
0
0
0
0
0
0
0
0
10
0
0
0
0
0
0
0
0
0
9
0
0
0
0
0
0
0
0
0
8
0
0
0
0
0
0
0
0
0
7
0
0
0
0
0
0
0
0
0
6
0
0
0
0
0
0
0
0
0
5
0
0
0
0
0
0
0
0
0
4
0
0
0
0
0
0
0
0
0
3
0
0
0
0
0
0
0
0
0
2
0
0
0
0
0
0
0
0
0
1
0
0
0
0
0
0
0
0
0
0
0
0
0
0
0
0
0
0
0
10
0
0
0
0
0
0
0
0
0
9
0
0
0
0
0
0
0
0
0
8
0
0
0
0
0
0
0
0
0
7
0
0
0
0
0
0
0
0
0
6
0
0
0
0
0
0
0
0
0
5
0
0
0
0
0
0
0
0
0
4
0
0
0
0
0
0
0
0
0
3
0
0
0
0
0
0
0
0
0
2
0
0
0
0
0
0
0
0
0
1
0
0
0
0
0
0
0
0
0
0
0
0
0
0
0
0
0
0
0
10
0
0
0
0
0
0
0
0
0
9
0
0
0
0
0
0
0
0
0
8
0
0
0
0
0
0
0
0
0
7
0
0
0
0
0
0
0
0
0
6
0
0
0
0
0
0
0
0
0
5
0
0
0
0
0
0
0
0
0
4
0
0
0
0
0
0
0
0
0
3
0
0
0
0
0
0
0
0
0
2
0
0
0
0
0
0
0
0
0
1
0
0
0
0
0
0
0
0
0
0
0
0
0
0
0
0
0
0
0
10
0
0
0
0
0
0
0
0
0
9
0
0
0
0
0
0
0
0
0
8
0
0
0
0
0
0
0
0
0
7
0
0
0
0
0
0
0
0
0
6
0
0
0
0
0
0
0
0
0
5
0
0
0
0
0
0
0
0
0
4
0
0
0
0
0
0
0
0
0
3
0
0
0
0
0
0
0
0
0
2
0
0
0
0
0
0
0
0
0
1
0
0
0
0
0
0
0
0
0
0
0
0
0
0
0
0
0
0
0
10
0
0
0
0
0
0
0
0
0
9
0
0
0
0
0
0
0
0
0
8
0
0
0
0
0
0
0
0
0
7
0
0
0
0
0
0
0
0
0
6
0
0
0
0
0
0
0
0
0
5
0
0
0
0
0
0
0
0
0
4
0
0
0
0
0
0
0
0
0
3
0
0
0
0
0
0
0
0
0
2
0
0
0
0
0
0
0
0
0
1
0
0
0
0
0
0
0
0
0
0
0
0
0
0
0
0
0
0
0
11
0
0
0
0
0
0
0
0
0
10
0
0
0
0
0
0
0
0
0
9
8
0
0
0
0
0
0
0
0
8
7
0
0
0
0
0
0
0
0
7
6
0
0
0
0
0
0
0
0
6
5
0
0
0
0
0
0
0
0
5
4
0
0
0
0
0
0
0
0
4
3
0
0
0
0
0
0
0
0
3
2
0
0
0
0
0
0
0
0
2
1
0
0
0
0
0
0
0
0
1
0
0
0
0
0
0
0
0
0
0
0
0
0
0
0
0
0
0
0
110
0
0
0
0
0
0
0
0
0
109
0
0
0
0
0
0
0
0
0
108
0
0
0
0
0
0
0
0
0
107
0
0
0
0
0
0
0
0
0
106
0
0
0
0
0
0
0
0
0
105
0
0
0
0
0
0
0
0
0
104
0
0
0
0
0
0
0
0
0
103
0
0
0
0
0
0
0
0
0
102
1
0
0
0
0
0
0
0
0
101
0
0
0
0
0
0
0
0
0
100
0
0
0
0
0
0
0
0
0
99
8
0
0
0
0
0
0
0
0
98
7
0
0
0
0
0
0
0
0
97
6
0
0
0
0
0
0
0
0
96
5
0
0
0
0
0
0
0
0
95
4
0
0
0
0
0
0
0
0
94
3
0
0
0
0
0
0
0
0
93
2
0
0
0
0
0
0
0
0
92
1
0
0
0
0
0
0
0
0
91
0
0
0
0
0
0
0
0
0
90
1
0
0
0
0
0
0
0
0
89
0
0
0
0
0
0
0
0
0
88
7
0
0
0
0
0
0
0
0
87
6
0
0
0
0
0
0
0
0
86
5
0
0
0
0
0
0
0
0
85
4
0
0
0
0
0
0
0
0
84
3
0
0
0
0
0
0
0
0
83
2
0
0
0
0
0
0
0
0
82
1
0
0
0
0
0
0
0
0
81
0
0
0
0
0
0
0
0
0
80
2
0
0
0
0
0
0
0
0
79
1
0
0
0
0
0
0
0
0
78
0
0
0
0
0
0
0
0
0
77
6
0
0
0
0
0
0
0
0
76
5
0
0
0
0
0
0
0
0
75
4
0
0
0
0
0
0
0
0
74
3
0
0
0
0
0
0
0
0
73
2
0
0
0
0
0
0
0
0
72
1
0
0
0
0
0
0
0
0
71
0
0
0
0
0
0
0
0
0
70
3
0
0
0
0
0
0
0
0
69
2
0
0
0
0
0
0
0
0
68
1
0
0
0
0
0
0
0
0
67
0
0
0
0
0
0
0
0
0
66
5
0
0
0
0
0
0
0
0
65
4
0
0
0
0
0
0
0
0
64
3
0
0
0
0
0
0
0
0
63
2
0
0
0
0
0
0
0
0
62
1
0
0
0
0
0
0
0
0
61
0
0
0
0
0
0
0
0
0
60
4
0
0
0
0
0
0
0
0
59
3
0
0
0
0
0
0
0
0
58
2
0
0
0
0
0
0
0
0
57
1
0
0
0
0
0
0
0
0
56
0
0
0
0
0
0
0
0
0
55
4
0
0
0
0
0
0
0
0
54
3
0
0
0
0
0
0
0
0
53
2
0
0
0
0
0
0
0
0
52
1
0
0
0
0
0
0
0
0
51
0
0
0
0
0
0
0
0
0
50
5
0
0
0
0
0
0
0
0
49
4
0
0
0
0
0
0
0
0
48
3
0
0
0
0
0
0
0
0
47
2
0
0
0
0
0
0
0
0
46
1
0
0
0
0
0
0
0
0
45
0
0
0
0
0
0
0
0
0
44
3
0
0
0
0
0
0
0
0
43
2
0
0
0
0
0
0
0
0
42
1
0
0
0
0
0
0
0
0
41
0
0
0
0
0
0
0
0
0
40
6
0
0
0
0
0
0
0
0
39
5
0
0
0
0
0
0
0
0
38
4
0
0
0
0
0
0
0
0
37
3
0
0
0
0
0
0
0
0
36
2
0
0
0
0
0
0
0
0
35
1
0
0
0
0
0
0
0
0
34
0
0
0
0
0
0
0
0
0
33
2
0
0
0
0
0
0
0
0
32
1
0
0
0
0
0
0
0
0
31
0
0
0
0
0
0
0
0
0
30
7
0
0
0
0
0
0
0
0
29
6
0
0
0
0
0
0
0
0
28
5
0
0
0
0
0
0
0
0
27
4
0
0
0
0
0
0
0
0
26
3
0
0
0
0
0
0
0
0
25
2
0
0
0
0
0
0
0
0
24
1
0
0
0
0
0
0
0
0
23
0
0
0
0
0
0
0
0
0
22
0
0
0
0
0
0
0
0
0
21
1
0
0
0
0
0
0
0
0
20
0
0
0
0
0
0
0
0
0
19
8
0
0
0
0
0
0
0
0
18
7
0
0
0
0
0
0
0
0
17
6
0
0
0
0
0
0
0
0
16
5
0
0
0
0
0
0
0
0
15
4
0
0
0
0
0
0
0
0
14
3
0
0
0
0
0
0
0
0
13
2
0
0
0
0
0
0
0
0
12
1
0
0
0
0
0
0
0
0
11
0
0
0
0
0
0
0
0
0
10
0
0
0
0
0
0
0
0
0
9
7
0
0
0
0
0
0
0
0
8
6
0
0
0
0
0
0
0
0
7
5
0
0
0
0
0
0
0
0
6
4
0
0
0
0
0
0
0
0
5
3
0
0
0
0
0
0
0
0
4
2
0
0
0
0
0
0
0
0
3
1
0
0
0
0
0
0
0
0
2
0
0
0
0
0
0
0
0
0
1
0
0
0
0
0
0
0
0
0
0
0
0
0
0
0
0
0
0
0
110
0
0
0
0
0
0
0
0
0
109
0
0
0
0
0
0
0
0
0
108
0
0
0
0
0
0
0
0
0
107
0
0
0
0
0
0
0
0
0
106
0
0
0
0
0
0
0
0
0
105
0
0
0
0
0
0
0
0
0
104
0
0
0
0
0
0
0
0
0
103
2
0
0
0
0
0
0
0
0
102
1
0
0
0
0
0
0
0
0
101
0
0
0
0
0
0
0
0
0
100
0
0
0
0
0
0
0
0
0
99
8
0
0
0
0
0
0
0
0
98
7
0
0
0
0
0
0
0
0
97
6
0
0
0
0
0
0
0
0
96
5
0
0
0
0
0
0
0
0
95
4
0
0
0
0
0
0
0
0
94
3
0
0
0
0
0
0
0
0
93
2
0
0
0
0
0
0
0
0
92
1
0
0
0
0
0
0
0
0
91
0
0
0
0
0
0
0
0
0
90
1
0
0
0
0
0
0
0
0
89
0
0
0
0
0
0
0
0
0
88
7
0
0
0
0
0
0
0
0
87
6
0
0
0
0
0
0
0
0
86
5
0
0
0
0
0
0
0
0
85
4
0
0
0
0
0
0
0
0
84
3
0
0
0
0
0
0
0
0
83
2
0
0
0
0
0
0
0
0
82
1
0
0
0
0
0
0
0
0
81
0
0
0
0
0
0
0
0
0
80
2
0
0
0
0
0
0
0
0
79
1
0
0
0
0
0
0
0
0
78
0
0
0
0
0
0
0
0
0
77
6
0
0
0
0
0
0
0
0
76
5
0
0
0
0
0
0
0
0
75
4
0
0
0
0
0
0
0
0
74
3
0
0
0
0
0
0
0
0
73
2
0
0
0
0
0
0
0
0
72
1
0
0
0
0
0
0
0
0
71
0
0
0
0
0
0
0
0
0
70
3
0
0
0
0
0
0
0
0
69
2
0
0
0
0
0
0
0
0
68
1
0
0
0
0
0
0
0
0
67
0
0
0
0
0
0
0
0
0
66
5
0
0
0
0
0
0
0
0
65
4
0
0
0
0
0
0
0
0
64
3
0
0
0
0
0
0
0
0
63
2
0
0
0
0
0
0
0
0
62
1
0
0
0
0
0
0
0
0
61
0
0
0
0
0
0
0
0
0
60
4
0
0
0
0
0
0
0
0
59
3
0
0
0
0
0
0
0
0
58
2
0
0
0
0
0
0
0
0
57
1
0
0
0
0
0
0
0
0
56
0
0
0
0
0
0
0
0
0
55
4
0
0
0
0
0
0
0
0
54
3
0
0
0
0
0
0
0
0
53
2
0
0
0
0
0
0
0
0
52
1
0
0
0
0
0
0
0
0
51
0
0
0
0
0
0
0
0
0
50
5
0
0
0
0
0
0
0
0
49
4
0
0
0
0
0
0
0
0
48
3
0
0
0
0
0
0
0
0
47
2
0
0
0
0
0
0
0
0
46
1
0
0
0
0
0
0
0
0
45
0
0
0
0
0
0
0
0
0
44
3
0
0
0
0
0
0
0
0
43
2
0
0
0
0
0
0
0
0
42
1
0
0
0
0
0
0
0
0
41
0
0
0
0
0
0
0
0
0
40
6
0
0
0
0
0
0
0
0
39
5
0
0
0
0
0
0
0
0
38
4
0
0
0
0
0
0
0
0
37
3
0
0
0
0
0
0
0
0
36
2
0
0
0
0
0
0
0
0
35
1
0
0
0
0
0
0
0
0
34
0
0
0
0
0
0
0
0
0
33
0
0
0
0
0
0
0
0
0
32
2
0
0
0
0
0
0
0
0
31
1
0
0
0
0
0
0
0
0
30
0
0
0
0
0
0
0
0
0
29
7
0
0
0
0
0
0
0
0
28
6
0
0
0
0
0
0
0
0
27
5
0
0
0
0
0
0
0
0
26
4
0
0
0
0
0
0
0
0
25
3
0
0
0
0
0
0
0
0
24
2
0
0
0
0
0
0
0
0
23
1
0
0
0
0
0
0
0
0
22
0
0
0
0
0
0
0
0
0
21
1
0
0
0
0
0
0
0
0
20
0
0
0
0
0
0
0
0
0
19
8
0
0
0
0
0
0
0
0
18
7
0
0
0
0
0
0
0
0
17
6
0
0
0
0
0
0
0
0
16
5
0
0
0
0
0
0
0
0
15
4
0
0
0
0
0
0
0
0
14
3
0
0
0
0
0
0
0
0
13
2
0
0
0
0
0
0
0
0
12
1
0
0
0
0
0
0
0
0
11
0
0
0
0
0
0
0
0
0
10
0
0
0
0
0
0
0
0
0
9
6
0
0
0
0
0
0
0
0
8
5
0
0
0
0
0
0
0
0
7
4
0
0
0
0
0
0
0
0
6
3
0
0
0
0
0
0
0
0
5
2
0
0
0
0
0
0
0
0
4
1
0
0
0
0
0
0
0
0
3
0
0
0
0
0
0
0
0
0
2
0
0
0
0
0
0
0
0
0
1
0
0
0
0
0
0
0
0
0
0
0
0
0
0
0
0
0
0
0
110
0
0
0
0
0
0
0
0
0
109
0
0
0
0
0
0
0
0
0
108
0
0
0
0
0
0
0
0
0
107
0
0
0
0
0
0
0
0
0
106
0
0
0
0
0
0
0
0
0
105
0
0
0
0
0
0
0
0
0
104
3
0
0
0
0
0
0
0
0
103
2
0
0
0
0
0
0
0
0
102
1
0
0
0
0
0
0
0
0
101
0
0
0
0
0
0
0
0
0
100
0
0
0
0
0
0
0
0
0
99
8
0
0
0
0
0
0
0
0
98
7
0
0
0
0
0
0
0
0
97
6
0
0
0
0
0
0
0
0
96
5
0
0
0
0
0
0
0
0
95
4
0
0
0
0
0
0
0
0
94
3
0
0
0
0
0
0
0
0
93
2
0
0
0
0
0
0
0
0
92
1
0
0
0
0
0
0
0
0
91
0
0
0
0
0
0
0
0
0
90
1
0
0
0
0
0
0
0
0
89
0
0
0
0
0
0
0
0
0
88
7
0
0
0
0
0
0
0
0
87
6
0
0
0
0
0
0
0
0
86
5
0
0
0
0
0
0
0
0
85
4
0
0
0
0
0
0
0
0
84
3
0
0
0
0
0
0
0
0
83
2
0
0
0
0
0
0
0
0
82
1
0
0
0
0
0
0
0
0
81
0
0
0
0
0
0
0
0
0
80
2
0
0
0
0
0
0
0
0
79
1
0
0
0
0
0
0
0
0
78
0
0
0
0
0
0
0
0
0
77
6
0
0
0
0
0
0
0
0
76
5
0
0
0
0
0
0
0
0
75
4
0
0
0
0
0
0
0
0
74
3
0
0
0
0
0
0
0
0
73
2
0
0
0
0
0
0
0
0
72
1
0
0
0
0
0
0
0
0
71
0
0
0
0
0
0
0
0
0
70
3
0
0
0
0
0
0
0
0
69
2
0
0
0
0
0
0
0
0
68
1
0
0
0
0
0
0
0
0
67
0
0
0
0
0
0
0
0
0
66
5
0
0
0
0
0
0
0
0
65
4
0
0
0
0
0
0
0
0
64
3
0
0
0
0
0
0
0
0
63
2
0
0
0
0
0
0
0
0
62
1
0
0
0
0
0
0
0
0
61
0
0
0
0
0
0
0
0
0
60
4
0
0
0
0
0
0
0
0
59
3
0
0
0
0
0
0
0
0
58
2
0
0
0
0
0
0
0
0
57
1
0
0
0
0
0
0
0
0
56
0
0
0
0
0
0
0
0
0
55
4
0
0
0
0
0
0
0
0
54
3
0
0
0
0
0
0
0
0
53
2
0
0
0
0
0
0
0
0
52
1
0
0
0
0
0
0
0
0
51
0
0
0
0
0
0
0
0
0
50
5
0
0
0
0
0
0
0
0
49
4
0
0
0
0
0
0
0
0
48
3
0
0
0
0
0
0
0
0
47
2
0
0
0
0
0
0
0
0
46
1
0
0
0
0
0
0
0
0
45
0
0
0
0
0
0
0
0
0
44
0
0
0
0
0
0
0
0
0
43
3
0
0
0
0
0
0
0
0
42
2
0
0
0
0
0
0
0
0
41
1
0
0
0
0
0
0
0
0
40
0
0
0
0
0
0
0
0
0
39
6
0
0
0
0
0
0
0
0
38
5
0
0
0
0
0
0
0
0
37
4
0
0
0
0
0
0
0
0
36
3
0
0
0
0
0
0
0
0
35
2
0
0
0
0
0
0
0
0
34
1
0
0
0
0
0
0
0
0
33
0
0
0
0
0
0
0
0
0
32
2
0
0
0
0
0
0
0
0
31
1
0
0
0
0
0
0
0
0
30
0
0
0
0
0
0
0
0
0
29
7
0
0
0
0
0
0
0
0
28
6
0
0
0
0
0
0
0
0
27
5
0
0
0
0
0
0
0
0
26
4
0
0
0
0
0
0
0
0
25
3
0
0
0
0
0
0
0
0
24
2
0
0
0
0
0
0
0
0
23
1
0
0
0
0
0
0
0
0
22
0
0
0
0
0
0
0
0
0
21
1
0
0
0
0
0
0
0
0
20
0
0
0
0
0
0
0
0
0
19
8
0
0
0
0
0
0
0
0
18
7
0
0
0
0
0
0
0
0
17
6
0
0
0
0
0
0
0
0
16
5
0
0
0
0
0
0
0
0
15
4
0
0
0
0
0
0
0
0
14
3
0
0
0
0
0
0
0
0
13
2
0
0
0
0
0
0
0
0
12
1
0
0
0
0
0
0
0
0
11
0
0
0
0
0
0
0
0
0
10
0
0
0
0
0
0
0
0
0
9
5
0
0
0
0
0
0
0
0
8
4
0
0
0
0
0
0
0
0
7
3
0
0
0
0
0
0
0
0
6
2
0
0
0
0
0
0
0
0
5
1
0
0
0
0
0
0
0
0
4
0
0
0
0
0
0
0
0
0
3
0
0
0
0
0
0
0
0
0
2
0
0
0
0
0
0
0
0
0
1
0
0
0
0
0
0
0
0
0
0
0
0
0
0
0
0
0
0
0
110
0
0
0
0
0
0
0
0
0
109
0
0
0
0
0
0
0
0
0
108
0
0
0
0
0
0
0
0
0
107
0
0
0
0
0
0
0
0
0
106
0
0
0
0
0
0
0
0
0
105
4
0
0
0
0
0
0
0
0
104
3
0
0
0
0
0
0
0
0
103
2
0
0
0
0
0
0
0
0
102
1
0
0
0
0
0
0
0
0
101
0
0
0
0
0
0
0
0
0
100
0
0
0
0
0
0
0
0
0
99
8
0
0
0
0
0
0
0
0
98
7
0
0
0
0
0
0
0
0
97
6
0
0
0
0
0
0
0
0
96
5
0
0
0
0
0
0
0
0
95
4
0
0
0
0
0
0
0
0
94
3
0
0
0
0
0
0
0
0
93
2
0
0
0
0
0
0
0
0
92
1
0
0
0
0
0
0
0
0
91
0
0
0
0
0
0
0
0
0
90
1
0
0
0
0
0
0
0
0
89
0
0
0
0
0
0
0
0
0
88
7
0
0
0
0
0
0
0
0
87
6
0
0
0
0
0
0
0
0
86
5
0
0
0
0
0
0
0
0
85
4
0
0
0
0
0
0
0
0
84
3
0
0
0
0
0
0
0
0
83
2
0
0
0
0
0
0
0
0
82
1
0
0
0
0
0
0
0
0
81
0
0
0
0
0
0
0
0
0
80
2
0
0
0
0
0
0
0
0
79
1
0
0
0
0
0
0
0
0
78
0
0
0
0
0
0
0
0
0
77
6
0
0
0
0
0
0
0
0
76
5
0
0
0
0
0
0
0
0
75
4
0
0
0
0
0
0
0
0
74
3
0
0
0
0
0
0
0
0
73
2
0
0
0
0
0
0
0
0
72
1
0
0
0
0
0
0
0
0
71
0
0
0
0
0
0
0
0
0
70
3
0
0
0
0
0
0
0
0
69
2
0
0
0
0
0
0
0
0
68
1
0
0
0
0
0
0
0
0
67
0
0
0
0
0
0
0
0
0
66
5
0
0
0
0
0
0
0
0
65
4
0
0
0
0
0
0
0
0
64
3
0
0
0
0
0
0
0
0
63
2
0
0
0
0
0
0
0
0
62
1
0
0
0
0
0
0
0
0
61
0
0
0
0
0
0
0
0
0
60
4
0
0
0
0
0
0
0
0
59
3
0
0
0
0
0
0
0
0
58
2
0
0
0
0
0
0
0
0
57
1
0
0
0
0
0
0
0
0
56
0
0
0
0
0
0
0
0
0
55
0
0
0
0
0
0
0
0
0
54
4
0
0
0
0
0
0
0
0
53
3
0
0
0
0
0
0
0
0
52
2
0
0
0
0
0
0
0
0
51
1
0
0
0
0
0
0
0
0
50
0
0
0
0
0
0
0
0
0
49
5
0
0
0
0
0
0
0
0
48
4
0
0
0
0
0
0
0
0
47
3
0
0
0
0
0
0
0
0
46
2
0
0
0
0
0
0
0
0
45
1
0
0
0
0
0
0
0
0
44
0
0
0
0
0
0
0
0
0
43
3
0
0
0
0
0
0
0
0
42
2
0
0
0
0
0
0
0
0
41
1
0
0
0
0
0
0
0
0
40
0
0
0
0
0
0
0
0
0
39
6
0
0
0
0
0
0
0
0
38
5
0
0
0
0
0
0
0
0
37
4
0
0
0
0
0
0
0
0
36
3
0
0
0
0
0
0
0
0
35
2
0
0
0
0
0
0
0
0
34
1
0
0
0
0
0
0
0
0
33
0
0
0
0
0
0
0
0
0
32
2
0
0
0
0
0
0
0
0
31
1
0
0
0
0
0
0
0
0
30
0
0
0
0
0
0
0
0
0
29
7
0
0
0
0
0
0
0
0
28
6
0
0
0
0
0
0
0
0
27
5
0
0
0
0
0
0
0
0
26
4
0
0
0
0
0
0
0
0
25
3
0
0
0
0
0
0
0
0
24
2
0
0
0
0
0
0
0
0
23
1
0
0
0
0
0
0
0
0
22
0
0
0
0
0
0
0
0
0
21
1
0
0
0
0
0
0
0
0
20
0
0
0
0
0
0
0
0
0
19
8
0
0
0
0
0
0
0
0
18
7
0
0
0
0
0
0
0
0
17
6
0
0
0
0
0
0
0
0
16
5
0
0
0
0
0
0
0
0
15
4
0
0
0
0
0
0
0
0
14
3
0
0
0
0
0
0
0
0
13
2
0
0
0
0
0
0
0
0
12
1
0
0
0
0
0
0
0
0
11
0
0
0
0
0
0
0
0
0
10
0
0
0
0
0
0
0
0
0
9
4
0
0
0
0
0
0
0
0
8
3
0
0
0
0
0
0
0
0
7
2
0
0
0
0
0
0
0
0
6
1
0
0
0
0
0
0
0
0
5
0
0
0
0
0
0
0
0
0
4
0
0
0
0
0
0
0
0
0
3
0
0
0
0
0
0
0
0
0
2
0
0
0
0
0
0
0
0
0
1
0
0
0
0
0
0
0
0
0
0
0
0
0
0
0
0
0
0
0
110
0
0
0
0
0
0
0
0
0
109
0
0
0
0
0
0
0
0
0
108
0
0
0
0
0
0
0
0
0
107
0
0
0
0
0
0
0
0
0
106
5
0
0
0
0
0
0
0
0
105
4
0
0
0
0
0
0
0
0
104
3
0
0
0
0
0
0
0
0
103
2
0
0
0
0
0
0
0
0
102
1
0
0
0
0
0
0
0
0
101
0
0
0
0
0
0
0
0
0
100
0
0
0
0
0
0
0
0
0
99
8
0
0
0
0
0
0
0
0
98
7
0
0
0
0
0
0
0
0
97
6
0
0
0
0
0
0
0
0
96
5
0
0
0
0
0
0
0
0
95
4
0
0
0
0
0
0
0
0
94
3
0
0
0
0
0
0
0
0
93
2
0
0
0
0
0
0
0
0
92
1
0
0
0
0
0
0
0
0
91
0
0
0
0
0
0
0
0
0
90
1
0
0
0
0
0
0
0
0
89
0
0
0
0
0
0
0
0
0
88
7
0
0
0
0
0
0
0
0
87
6
0
0
0
0
0
0
0
0
86
5
0
0
0
0
0
0
0
0
85
4
0
0
0
0
0
0
0
0
84
3
0
0
0
0
0
0
0
0
83
2
0
0
0
0
0
0
0
0
82
1
0
0
0
0
0
0
0
0
81
0
0
0
0
0
0
0
0
0
80
2
0
0
0
0
0
0
0
0
79
1
0
0
0
0
0
0
0
0
78
0
0
0
0
0
0
0
0
0
77
6
0
0
0
0
0
0
0
0
76
5
0
0
0
0
0
0
0
0
75
4
0
0
0
0
0
0
0
0
74
3
0
0
0
0
0
0
0
0
73
2
0
0
0
0
0
0
0
0
72
1
0
0
0
0
0
0
0
0
71
0
0
0
0
0
0
0
0
0
70
3
0
0
0
0
0
0
0
0
69
2
0
0
0
0
0
0
0
0
68
1
0
0
0
0
0
0
0
0
67
0
0
0
0
0
0
0
0
0
66
0
0
0
0
0
0
0
0
0
65
5
0
0
0
0
0
0
0
0
64
4
0
0
0
0
0
0
0
0
63
3
0
0
0
0
0
0
0
0
62
2
0
0
0
0
0
0
0
0
61
1
0
0
0
0
0
0
0
0
60
0
0
0
0
0
0
0
0
0
59
4
0
0
0
0
0
0
0
0
58
3
0
0
0
0
0
0
0
0
57
2
0
0
0
0
0
0
0
0
56
1
0
0
0
0
0
0
0
0
55
0
0
0
0
0
0
0
0
0
54
4
0
0
0
0
0
0
0
0
53
3
0
0
0
0
0
0
0
0
52
2
0
0
0
0
0
0
0
0
51
1
0
0
0
0
0
0
0
0
50
0
0
0
0
0
0
0
0
0
49
5
0
0
0
0
0
0
0
0
48
4
0
0
0
0
0
0
0
0
47
3
0
0
0
0
0
0
0
0
46
2
0
0
0
0
0
0
0
0
45
1
0
0
0
0
0
0
0
0
44
0
0
0
0
0
0
0
0
0
43
3
0
0
0
0
0
0
0
0
42
2
0
0
0
0
0
0
0
0
41
1
0
0
0
0
0
0
0
0
40
0
0
0
0
0
0
0
0
0
39
6
0
0
0
0
0
0
0
0
38
5
0
0
0
0
0
0
0
0
37
4
0
0
0
0
0
0
0
0
36
3
0
0
0
0
0
0
0
0
35
2
0
0
0
0
0
0
0
0
34
1
0
0
0
0
0
0
0
0
33
0
0
0
0
0
0
0
0
0
32
2
0
0
0
0
0
0
0
0
31
1
0
0
0
0
0
0
0
0
30
0
0
0
0
0
0
0
0
0
29
7
0
0
0
0
0
0
0
0
28
6
0
0
0
0
0
0
0
0
27
5
0
0
0
0
0
0
0
0
26
4
0
0
0
0
0
0
0
0
25
3
0
0
0
0
0
0
0
0
24
2
0
0
0
0
0
0
0
0
23
1
0
0
0
0
0
0
0
0
22
0
0
0
0
0
0
0
0
0
21
1
0
0
0
0
0
0
0
0
20
0
0
0
0
0
0
0
0
0
19
8
0
0
0
0
0
0
0
0
18
7
0
0
0
0
0
0
0
0
17
6
0
0
0
0
0
0
0
0
16
5
0
0
0
0
0
0
0
0
15
4
0
0
0
0
0
0
0
0
14
3
0
0
0
0
0
0
0
0
13
2
0
0
0
0
0
0
0
0
12
1
0
0
0
0
0
0
0
0
11
0
0
0
0
0
0
0
0
0
10
0
0
0
0
0
0
0
0
0
9
3
0
0
0
0
0
0
0
0
8
2
0
0
0
0
0
0
0
0
7
1
0
0
0
0
0
0
0
0
6
0
0
0
0
0
0
0
0
0
5
0
0
0
0
0
0
0
0
0
4
0
0
0
0
0
0
0
0
0
3
0
0
0
0
0
0
0
0
0
2
0
0
0
0
0
0
0
0
0
1
0
0
0
0
0
0
0
0
0
0
0
0
0
0
0
0
0
0
0
110
0
0
0
0
0
0
0
0
0
109
0
0
0
0
0
0
0
0
0
108
0
0
0
0
0
0
0
0
0
107
6
0
0
0
0
0
0
0
0
106
5
0
0
0
0
0
0
0
0
105
4
0
0
0
0
0
0
0
0
104
3
0
0
0
0
0
0
0
0
103
2
0
0
0
0
0
0
0
0
102
1
0
0
0
0
0
0
0
0
101
0
0
0
0
0
0
0
0
0
100
0
0
0
0
0
0
0
0
0
99
8
0
0
0
0
0
0
0
0
98
7
0
0
0
0
0
0
0
0
97
6
0
0
0
0
0
0
0
0
96
5
0
0
0
0
0
0
0
0
95
4
0
0
0
0
0
0
0
0
94
3
0
0
0
0
0
0
0
0
93
2
0
0
0
0
0
0
0
0
92
1
0
0
0
0
0
0
0
0
91
0
0
0
0
0
0
0
0
0
90
1
0
0
0
0
0
0
0
0
89
0
0
0
0
0
0
0
0
0
88
7
0
0
0
0
0
0
0
0
87
6
0
0
0
0
0
0
0
0
86
5
0
0
0
0
0
0
0
0
85
4
0
0
0
0
0
0
0
0
84
3
0
0
0
0
0
0
0
0
83
2
0
0
0
0
0
0
0
0
82
1
0
0
0
0
0
0
0
0
81
0
0
0
0
0
0
0
0
0
80
2
0
0
0
0
0
0
0
0
79
1
0
0
0
0
0
0
0
0
78
0
0
0
0
0
0
0
0
0
77
0
0
0
0
0
0
0
0
0
76
6
0
0
0
0
0
0
0
0
75
5
0
0
0
0
0
0
0
0
74
4
0
0
0
0
0
0
0
0
73
3
0
0
0
0
0
0
0
0
72
2
0
0
0
0
0
0
0
0
71
1
0
0
0
0
0
0
0
0
70
0
0
0
0
0
0
0
0
0
69
3
0
0
0
0
0
0
0
0
68
2
0
0
0
0
0
0
0
0
67
1
0
0
0
0
0
0
0
0
66
0
0
0
0
0
0
0
0
0
65
5
0
0
0
0
0
0
0
0
64
4
0
0
0
0
0
0
0
0
63
3
0
0
0
0
0
0
0
0
62
2
0
0
0
0
0
0
0
0
61
1
0
0
0
0
0
0
0
0
60
0
0
0
0
0
0
0
0
0
59
4
0
0
0
0
0
0
0
0
58
3
0
0
0
0
0
0
0
0
57
2
0
0
0
0
0
0
0
0
56
1
0
0
0
0
0
0
0
0
55
0
0
0
0
0
0
0
0
0
54
4
0
0
0
0
0
0
0
0
53
3
0
0
0
0
0
0
0
0
52
2
0
0
0
0
0
0
0
0
51
1
0
0
0
0
0
0
0
0
50
0
0
0
0
0
0
0
0
0
49
5
0
0
0
0
0
0
0
0
48
4
0
0
0
0
0
0
0
0
47
3
0
0
0
0
0
0
0
0
46
2
0
0
0
0
0
0
0
0
45
1
0
0
0
0
0
0
0
0
44
0
0
0
0
0
0
0
0
0
43
3
0
0
0
0
0
0
0
0
42
2
0
0
0
0
0
0
0
0
41
1
0
0
0
0
0
0
0
0
40
0
0
0
0
0
0
0
0
0
39
6
0
0
0
0
0
0
0
0
38
5
0
0
0
0
0
0
0
0
37
4
0
0
0
0
0
0
0
0
36
3
0
0
0
0
0
0
0
0
35
2
0
0
0
0
0
0
0
0
34
1
0
0
0
0
0
0
0
0
33
0
0
0
0
0
0
0
0
0
32
2
0
0
0
0
0
0
0
0
31
1
0
0
0
0
0
0
0
0
30
0
0
0
0
0
0
0
0
0
29
7
0
0
0
0
0
0
0
0
28
6
0
0
0
0
0
0
0
0
27
5
0
0
0
0
0
0
0
0
26
4
0
0
0
0
0
0
0
0
25
3
0
0
0
0
0
0
0
0
24
2
0
0
0
0
0
0
0
0
23
1
0
0
0
0
0
0
0
0
22
0
0
0
0
0
0
0
0
0
21
1
0
0
0
0
0
0
0
0
20
0
0
0
0
0
0
0
0
0
19
8
0
0
0
0
0
0
0
0
18
7
0
0
0
0
0
0
0
0
17
6
0
0
0
0
0
0
0
0
16
5
0
0
0
0
0
0
0
0
15
4
0
0
0
0
0
0
0
0
14
3
0
0
0
0
0
0
0
0
13
2
0
0
0
0
0
0
0
0
12
1
0
0
0
0
0
0
0
0
11
0
0
0
0
0
0
0
0
0
10
0
0
0
0
0
0
0
0
0
9
2
0
0
0
0
0
0
0
0
8
1
0
0
0
0
0
0
0
0
7
0
0
0
0
0
0
0
0
0
6
0
0
0
0
0
0
0
0
0
5
0
0
0
0
0
0
0
0
0
4
0
0
0
0
0
0
0
0
0
3
0
0
0
0
0
0
0
0
0
2
0
0
0
0
0
0
0
0
0
1
0
0
0
0
0
0
0
0
0
0
0
0
0
0
0
0
0
0
0
110
0
0
0
0
0
0
0
0
0
109
0
0
0
0
0
0
0
0
0
108
7
0
0
0
0
0
0
0
0
107
6
0
0
0
0
0
0
0
0
106
5
0
0
0
0
0
0
0
0
105
4
0
0
0
0
0
0
0
0
104
3
0
0
0
0
0
0
0
0
103
2
0
0
0
0
0
0
0
0
102
1
0
0
0
0
0
0
0
0
101
0
0
0
0
0
0
0
0
0
100
0
0
0
0
0
0
0
0
0
99
8
0
0
0
0
0
0
0
0
98
7
0
0
0
0
0
0
0
0
97
6
0
0
0
0
0
0
0
0
96
5
0
0
0
0
0
0
0
0
95
4
0
0
0
0
0
0
0
0
94
3
0
0
0
0
0
0
0
0
93
2
0
0
0
0
0
0
0
0
92
1
0
0
0
0
0
0
0
0
91
0
0
0
0
0
0
0
0
0
90
1
0
0
0
0
0
0
0
0
89
0
0
0
0
0
0
0
0
0
88
0
0
0
0
0
0
0
0
0
87
7
0
0
0
0
0
0
0
0
86
6
0
0
0
0
0
0
0
0
85
5
0
0
0
0
0
0
0
0
84
4
0
0
0
0
0
0
0
0
83
3
0
0
0
0
0
0
0
0
82
2
0
0
0
0
0
0
0
0
81
1
0
0
0
0
0
0
0
0
80
0
0
0
0
0
0
0
0
0
79
2
0
0
0
0
0
0
0
0
78
1
0
0
0
0
0
0
0
0
77
0
0
0
0
0
0
0
0
0
76
6
0
0
0
0
0
0
0
0
75
5
0
0
0
0
0
0
0
0
74
4
0
0
0
0
0
0
0
0
73
3
0
0
0
0
0
0
0
0
72
2
0
0
0
0
0
0
0
0
71
1
0
0
0
0
0
0
0
0
70
0
0
0
0
0
0
0
0
0
69
3
0
0
0
0
0
0
0
0
68
2
0
0
0
0
0
0
0
0
67
1
0
0
0
0
0
0
0
0
66
0
0
0
0
0
0
0
0
0
65
5
0
0
0
0
0
0
0
0
64
4
0
0
0
0
0
0
0
0
63
3
0
0
0
0
0
0
0
0
62
2
0
0
0
0
0
0
0
0
61
1
0
0
0
0
0
0
0
0
60
0
0
0
0
0
0
0
0
0
59
4
0
0
0
0
0
0
0
0
58
3
0
0
0
0
0
0
0
0
57
2
0
0
0
0
0
0
0
0
56
1
0
0
0
0
0
0
0
0
55
0
0
0
0
0
0
0
0
0
54
4
0
0
0
0
0
0
0
0
53
3
0
0
0
0
0
0
0
0
52
2
0
0
0
0
0
0
0
0
51
1
0
0
0
0
0
0
0
0
50
0
0
0
0
0
0
0
0
0
49
5
0
0
0
0
0
0
0
0
48
4
0
0
0
0
0
0
0
0
47
3
0
0
0
0
0
0
0
0
46
2
0
0
0
0
0
0
0
0
45
1
0
0
0
0
0
0
0
0
44
0
0
0
0
0
0
0
0
0
43
3
0
0
0
0
0
0
0
0
42
2
0
0
0
0
0
0
0
0
41
1
0
0
0
0
0
0
0
0
40
0
0
0
0
0
0
0
0
0
39
6
0
0
0
0
0
0
0
0
38
5
0
0
0
0
0
0
0
0
37
4
0
0
0
0
0
0
0
0
36
3
0
0
0
0
0
0
0
0
35
2
0
0
0
0
0
0
0
0
34
1
0
0
0
0
0
0
0
0
33
0
0
0
0
0
0
0
0
0
32
2
0
0
0
0
0
0
0
0
31
1
0
0
0
0
0
0
0
0
30
0
0
0
0
0
0
0
0
0
29
7
0
0
0
0
0
0
0
0
28
6
0
0
0
0
0
0
0
0
27
5
0
0
0
0
0
0
0
0
26
4
0
0
0
0
0
0
0
0
25
3
0
0
0
0
0
0
0
0
24
2
0
0
0
0
0
0
0
0
23
1
0
0
0
0
0
0
0
0
22
0
0
0
0
0
0
0
0
0
21
1
0
0
0
0
0
0
0
0
20
0
0
0
0
0
0
0
0
0
19
8
0
0
0
0
0
0
0
0
18
7
0
0
0
0
0
0
0
0
17
6
0
0
0
0
0
0
0
0
16
5
0
0
0
0
0
0
0
0
15
4
0
0
0
0
0
0
0
0
14
3
0
0
0
0
0
0
0
0
13
2
0
0
0
0
0
0
0
0
12
1
0
0
0
0
0
0
0
0
11
0
0
0
0
0
0
0
0
0
10
0
0
0
0
0
0
0
0
0
9
1
0
0
0
0
0
0
0
0
8
0
0
0
0
0
0
0
0
0
7
0
0
0
0
0
0
0
0
0
6
0
0
0
0
0
0
0
0
0
5
0
0
0
0
0
0
0
0
0
4
0
0
0
0
0
0
0
0
0
3
0
0
0
0
0
0
0
0
0
2
0
0
0
0
0
0
0
0
0
1
0
0
0
0
0
0
0
0
0
0
0
0
0
0
0
0
0
0
0
110
0
0
0
0
0
0
0
0
0
109
8
0
0
0
0
0
0
0
0
108
7
0
0
0
0
0
0
0
0
107
6
0
0
0
0
0
0
0
0
106
5
0
0
0
0
0
0
0
0
105
4
0
0
0
0
0
0
0
0
104
3
0
0
0
0
0
0
0
0
103
2
0
0
0
0
0
0
0
0
102
1
0
0
0
0
0
0
0
0
101
0
0
0
0
0
0
0
0
0
100
0
0
0
0
0
0
0
0
0
99
0
0
0
0
0
0
0
0
0
98
8
0
0
0
0
0
0
0
0
97
7
0
0
0
0
0
0
0
0
96
6
0
0
0
0
0
0
0
0
95
5
0
0
0
0
0
0
0
0
94
4
0
0
0
0
0
0
0
0
93
3
0
0
0
0
0
0
0
0
92
2
0
0
0
0
0
0
0
0
91
1
0
0
0
0
0
0
0
0
90
0
0
0
0
0
0
0
0
0
89
1
0
0
0
0
0
0
0
0
88
0
0
0
0
0
0
0
0
0
87
7
0
0
0
0
0
0
0
0
86
6
0
0
0
0
0
0
0
0
85
5
0
0
0
0
0
0
0
0
84
4
0
0
0
0
0
0
0
0
83
3
0
0
0
0
0
0
0
0
82
2
0
0
0
0
0
0
0
0
81
1
0
0
0
0
0
0
0
0
80
0
0
0
0
0
0
0
0
0
79
2
0
0
0
0
0
0
0
0
78
1
0
0
0
0
0
0
0
0
77
0
0
0
0
0
0
0
0
0
76
6
0
0
0
0
0
0
0
0
75
5
0
0
0
0
0
0
0
0
74
4
0
0
0
0
0
0
0
0
73
3
0
0
0
0
0
0
0
0
72
2
0
0
0
0
0
0
0
0
71
1
0
0
0
0
0
0
0
0
70
0
0
0
0
0
0
0
0
0
69
3
0
0
0
0
0
0
0
0
68
2
0
0
0
0
0
0
0
0
67
1
0
0
0
0
0
0
0
0
66
0
0
0
0
0
0
0
0
0
65
5
0
0
0
0
0
0
0
0
64
4
0
0
0
0
0
0
0
0
63
3
0
0
0
0
0
0
0
0
62
2
0
0
0
0
0
0
0
0
61
1
0
0
0
0
0
0
0
0
60
0
0
0
0
0
0
0
0
0
59
4
0
0
0
0
0
0
0
0
58
3
0
0
0
0
0
0
0
0
57
2
0
0
0
0
0
0
0
0
56
1
0
0
0
0
0
0
0
0
55
0
0
0
0
0
0
0
0
0
54
4
0
0
0
0
0
0
0
0
53
3
0
0
0
0
0
0
0
0
52
2
0
0
0
0
0
0
0
0
51
1
0
0
0
0
0
0
0
0
50
0
0
0
0
0
0
0
0
0
49
5
0
0
0
0
0
0
0
0
48
4
0
0
0
0
0
0
0
0
47
3
0
0
0
0
0
0
0
0
46
2
0
0
0
0
0
0
0
0
45
1
0
0
0
0
0
0
0
0
44
0
0
0
0
0
0
0
0
0
43
3
0
0
0
0
0
0
0
0
42
2
0
0
0
0
0
0
0
0
41
1
0
0
0
0
0
0
0
0
40
0
0
0
0
0
0
0
0
0
39
6
0
0
0
0
0
0
0
0
38
5
0
0
0
0
0
0
0
0
37
4
0
0
0
0
0
0
0
0
36
3
0
0
0
0
0
0
0
0
35
2
0
0
0
0
0
0
0
0
34
1
0
0
0
0
0
0
0
0
33
0
0
0
0
0
0
0
0
0
32
2
0
0
0
0
0
0
0
0
31
1
0
0
0
0
0
0
0
0
30
0
0
0
0
0
0
0
0
0
29
7
0
0
0
0
0
0
0
0
28
6
0
0
0
0
0
0
0
0
27
5
0
0
0
0
0
0
0
0
26
4
0
0
0
0
0
0
0
0
25
3
0
0
0
0
0
0
0
0
24
2
0
0
0
0
0
0
0
0
23
1
0
0
0
0
0
0
0
0
22
0
0
0
0
0
0
0
0
0
21
1
0
0
0
0
0
0
0
0
20
0
0
0
0
0
0
0
0
0
19
8
0
0
0
0
0
0
0
0
18
7
0
0
0
0
0
0
0
0
17
6
0
0
0
0
0
0
0
0
16
5
0
0
0
0
0
0
0
0
15
4
0
0
0
0
0
0
0
0
14
3
0
0
0
0
0
0
0
0
13
2
0
0
0
0
0
0
0
0
12
1
0
0
0
0
0
0
0
0
11
0
0
0
0
0
0
0
0
0
10
0
0
0
0
0
0
0
0
0
9
0
0
0
0
0
0
0
0
0
8
0
0
0
0
0
0
0
0
0
7
0
0
0
0
0
0
0
0
0
6
0
0
0
0
0
0
0
0
0
5
0
0
0
0
0
0
0
0
0
4
0
0
0
0
0
0
0
0
0
3
0
0
0
0
0
0
0
0
0
2
0
0
0
0
0
0
0
0
0
1
0
0
0
0
0
0
0
0
0
0
0
0
0
0
0
0
0
0
0
111
0
0
0
0
0
0
0
0
0
110
0
0
0
0
0
0
0
0
0
109
8
0
0
0
0
0
0
0
0
108
7
0
0
0
0
0
0
0
0
107
6
0
0
0
0
0
0
0
0
106
5
0
0
0
0
0
0
0
0
105
4
0
0
0
0
0
0
0
0
104
3
0
0
0
0
0
0
0
0
103
2
0
0
0
0
0
0
0
0
102
1
0
0
0
0
0
0
0
0
101
0
0
0
0
0
0
0
0
0
100
0
0
0
0
0
0
0
0
0
99
88
0
0
0
0
0
0
0
0
98
87
0
0
0
0
0
0
0
0
97
86
0
0
0
0
0
0
0
0
96
85
0
0
0
0
0
0
0
0
95
84
0
0
0
0
0
0
0
0
94
83
0
0
0
0
0
0
0
0
93
82
0
0
0
0
0
0
0
0
92
81
0
0
0
0
0
0
0
0
91
80
0
0
0
0
0
0
0
0
90
79
0
0
0
0
0
0
0
0
89
78
0
0
0
0
0
0
0
0
88
77
7
0
0
0
0
0
0
0
87
76
6
0
0
0
0
0
0
0
86
75
5
0
0
0
0
0
0
0
85
74
4
0
0
0
0
0
0
0
84
73
3
0
0
0
0
0
0
0
83
72
2
0
0
0
0
0
0
0
82
71
1
0
0
0
0
0
0
0
81
70
0
0
0
0
0
0
0
0
80
69
0
0
0
0
0
0
0
0
79
68
1
0
0
0
0
0
0
0
78
67
0
0
0
0
0
0
0
0
77
66
6
0
0
0
0
0
0
0
76
65
5
0
0
0
0
0
0
0
75
64
4
0
0
0
0
0
0
0
74
63
3
0
0
0
0
0
0
0
73
62
2
0
0
0
0
0
0
0
72
61
1
0
0
0
0
0
0
0
71
60
0
0
0
0
0
0
0
0
70
59
0
0
0
0
0
0
0
0
69
58
2
0
0
0
0
0
0
0
68
57
1
0
0
0
0
0
0
0
67
56
0
0
0
0
0
0
0
0
66
55
5
0
0
0
0
0
0
0
65
54
4
0
0
0
0
0
0
0
64
53
3
0
0
0
0
0
0
0
63
52
2
0
0
0
0
0
0
0
62
51
1
0
0
0
0
0
0
0
61
50
0
0
0
0
0
0
0
0
60
49
0
0
0
0
0
0
0
0
59
48
3
0
0
0
0
0
0
0
58
47
2
0
0
0
0
0
0
0
57
46
1
0
0
0
0
0
0
0
56
45
0
0
0
0
0
0
0
0
55
44
4
0
0
0
0
0
0
0
54
43
3
0
0
0
0
0
0
0
53
42
2
0
0
0
0
0
0
0
52
41
1
0
0
0
0
0
0
0
51
40
0
0
0
0
0
0
0
0
50
39
0
0
0
0
0
0
0
0
49
38
4
0
0
0
0
0
0
0
48
37
3
0
0
0
0
0
0
0
47
36
2
0
0
0
0
0
0
0
46
35
1
0
0
0
0
0
0
0
45
34
0
0
0
0
0
0
0
0
44
33
3
0
0
0
0
0
0
0
43
32
2
0
0
0
0
0
0
0
42
31
1
0
0
0
0
0
0
0
41
30
0
0
0
0
0
0
0
0
40
29
0
0
0
0
0
0
0
0
39
28
5
0
0
0
0
0
0
0
38
27
4
0
0
0
0
0
0
0
37
26
3
0
0
0
0
0
0
0
36
25
2
0
0
0
0
0
0
0
35
24
1
0
0
0
0
0
0
0
34
23
0
0
0
0
0
0
0
0
33
22
2
0
0
0
0
0
0
0
32
21
1
0
0
0
0
0
0
0
31
20
0
0
0
0
0
0
0
0
30
19
0
0
0
0
0
0
0
0
29
18
6
0
0
0
0
0
0
0
28
17
5
0
0
0
0
0
0
0
27
16
4
0
0
0
0
0
0
0
26
15
3
0
0
0
0
0
0
0
25
14
2
0
0
0
0
0
0
0
24
13
1
0
0
0
0
0
0
0
23
12
0
0
0
0
0
0
0
0
22
11
1
0
0
0
0
0
0
0
21
10
0
0
0
0
0
0
0
0
20
9
0
0
0
0
0
0
0
0
19
8
7
0
0
0
0
0
0
0
18
7
6
0
0
0
0
0
0
0
17
6
5
0
0
0
0
0
0
0
16
5
4
0
0
0
0
0
0
0
15
4
3
0
0
0
0
0
0
0
14
3
2
0
0
0
0
0
0
0
13
2
1
0
0
0
0
0
0
0
12
1
0
0
0
0
0
0
0
0
11
0
0
0
0
0
0
0
0
0
10
0
0
0
0
0
0
0
0
0
9
8
0
0
0
0
0
0
0
0
8
7
0
0
0
0
0
0
0
0
7
6
0
0
0
0
0
0
0
0
6
5
0
0
0
0
0
0
0
0
5
4
0
0
0
0
0
0
0
0
4
3
0
0
0
0
0
0
0
0
3
2
0
0
0
0
0
0
0
0
2
1
0
0
0
0
0
0
0
0
1
0
0
0
0
0
0
0
0
0
0
0
0
0
0
0
0
0
0
0
1110
0
0
0
0
0
0
0
0
0
1109
0
0
0
0
0
0
0
0
0
1108
0
0
0
0
0
0
0
0
0
1107
0
0
0
0
0
0
0
0
0
1106
0
0
0
0
0
0
0
0
0
1105
0
0
0
0
0
0
0
0
0
1104
0
0
0
0
0
0
0
0
0
1103
0
0
0
0
0
0
0
0
0
1102
1
0
0
0
0
0
0
0
0
1101
0
0
0
0
0
0
0
0
0
1100
0
0
0
0
0
0
0
0
0
1099
8
0
0
0
0
0
0
0
0
1098
7
0
0
0
0
0
0
0
0
1097
6
0
0
0
0
0
0
0
0
1096
5
0
0
0
0
0
0
0
0
1095
4
0
0
0
0
0
0
0
0
1094
3
0
0
0
0
0
0
0
0
1093
2
0
0
0
0
0
0
0
0
1092
1
0
0
0
0
0
0
0
0
1091
0
0
0
0
0
0
0
0
0
1090
1
0
0
0
0
0
0
0
0
1089
0
0
0
0
0
0
0
0
0
1088
7
0
0
0
0
0
0
0
0
1087
6
0
0
0
0
0
0
0
0
1086
5
0
0
0
0
0
0
0
0
1085
4
0
0
0
0
0
0
0
0
1084
3
0
0
0
0
0
0
0
0
1083
2
0
0
0
0
0
0
0
0
1082
1
0
0
0
0
0
0
0
0
1081
0
0
0
0
0
0
0
0
0
1080
2
0
0
0
0
0
0
0
0
1079
1
0
0
0
0
0
0
0
0
1078
0
0
0
0
0
0
0
0
0
1077
6
0
0
0
0
0
0
0
0
1076
5
0
0
0
0
0
0
0
0
1075
4
0
0
0
0
0
0
0
0
1074
3
0
0
0
0
0
0
0
0
1073
2
0
0
0
0
0
0
0
0
1072
1
0
0
0
0
0
0
0
0
1071
0
0
0
0
0
0
0
0
0
1070
3
0
0
0
0
0
0
0
0
1069
2
0
0
0
0
0
0
0
0
1068
1
0
0
0
0
0
0
0
0
1067
0
0
0
0
0
0
0
0
0
1066
5
0
0
0
0
0
0
0
0
1065
4
0
0
0
0
0
0
0
0
1064
3
0
0
0
0
0
0
0
0
1063
2
0
0
0
0
0
0
0
0
1062
1
0
0
0
0
0
0
0
0
1061
0
0
0
0
0
0
0
0
0
1060
4
0
0
0
0
0
0
0
0
1059
3
0
0
0
0
0
0
0
0
1058
2
0
0
0
0
0
0
0
0
1057
1
0
0
0
0
0
0
0
0
1056
0
0
0
0
0
0
0
0
0
1055
4
0
0
0
0
0
0
0
0
1054
3
0
0
0
0
0
0
0
0
1053
2
0
0
0
0
0
0
0
0
1052
1
0
0
0
0
0
0
0
0
1051
0
0
0
0
0
0
0
0
0
1050
5
0
0
0
0
0
0
0
0
1049
4
0
0
0
0
0
0
0
0
1048
3
0
0
0
0
0
0
0
0
1047
2
0
0
0
0
0
0
0
0
1046
1
0
0
0
0
0
0
0
0
1045
0
0
0
0
0
0
0
0
0
1044
3
0
0
0
0
0
0
0
0
1043
2
0
0
0
0
0
0
0
0
1042
1
0
0
0
0
0
0
0
0
1041
0
0
0
0
0
0
0
0
0
1040
6
0
0
0
0
0
0
0
0
1039
5
0
0
0
0
0
0
0
0
1038
4
0
0
0
0
0
0
0
0
1037
3
0
0
0
0
0
0
0
0
1036
2
0
0
0
0
0
0
0
0
1035
1
0
0
0
0
0
0
0
0
1034
0
0
0
0
0
0
0
0
0
1033
2
0
0
0
0
0
0
0
0
1032
1
0
0
0
0
0
0
0
0
1031
0
0
0
0
0
0
0
0
0
1030
7
0
0
0
0
0
0
0
0
1029
6
0
0
0
0
0
0
0
0
1028
5
0
0
0
0
0
0
0
0
1027
4
0
0
0
0
0
0
0
0
1026
3
0
0
0
0
0
0
0
0
1025
2
0
0
0
0
0
0
0
0
1024
1
0
0
0
0
0
0
0
0
1023
0
0
0
0
0
0
0
0
0
1022
11
0
0
0
0
0
0
0
0
1021
10
0
0
0
0
0
0
0
0
1020
9
0
0
0
0
0
0
0
0
1019
8
7
0
0
0
0
0
0
0
1018
7
6
0
0
0
0
0
0
0
1017
6
5
0
0
0
0
0
0
0
1016
5
4
0
0
0
0
0
0
0
1015
4
3
0
0
0
0
0
0
0
1014
3
2
0
0
0
0
0
0
0
1013
2
1
0
0
0
0
0
0
0
1012
1
0
0
0
0
0
0
0
0
1011
0
0
0
0
0
0
0
0
0
1010
0
0
0
0
0
0
0
0
0
1009
8
0
0
0
0
0
0
0
0
1008
7
0
0
0
0
0
0
0
0
1007
6
0
0
0
0
0
0
0
0
1006
5
0
0
0
0
0
0
0
0
1005
4
0
0
0
0
0
0
0
0
1004
3
0
0
0
0
0
0
0
0
1003
2
0
0
0
0
0
0
0
0
1002
1
0
0
0
0
0
0
0
0
1001
0
0
0
0
0
0
0
0
0
1000
0
0
0
0
0
0
0
0
0
999
88
0
0
0
0
0
0
0
0
998
87
0
0
0
0
0
0
0
0
997
86
0
0
0
0
0
0
0
0
996
85
0
0
0
0
0
0
0
0
995
84
0
0
0
0
0
0
0
0
994
83
0
0
0
0
0
0
0
0
993
82
0
0
0
0
0
0
0
0
992
81
1
0
0
0
0
0
0
0
991
80
0
0
0
0
0
0
0
0
990
79
0
0
0
0
0
0
0
0
989
78
0
0
0
0
0
0
0
0
988
77
7
0
0
0
0
0
0
0
987
76
6
0
0
0
0
0
0
0
986
75
5
0
0
0
0
0
0
0
985
74
4
0
0
0
0
0
0
0
984
73
3
0
0
0
0
0
0
0
983
72
2
0
0
0
0
0
0
0
982
71
1
0
0
0
0
0
0
0
981
70
0
0
0
0
0
0
0
0
980
69
0
0
0
0
0
0
0
0
979
68
1
0
0
0
0
0
0
0
978
67
0
0
0
0
0
0
0
0
977
66
6
0
0
0
0
0
0
0
976
65
5
0
0
0
0
0
0
0
975
64
4
0
0
0
0
0
0
0
974
63
3
0
0
0
0
0
0
0
973
62
2
0
0
0
0
0
0
0
972
61
1
0
0
0
0
0
0
0
971
60
0
0
0
0
0
0
0
0
970
59
0
0
0
0
0
0
0
0
969
58
2
0
0
0
0
0
0
0
968
57
1
0
0
0
0
0
0
0
967
56
0
0
0
0
0
0
0
0
966
55
5
0
0
0
0
0
0
0
965
54
4
0
0
0
0
0
0
0
964
53
3
0
0
0
0
0
0
0
963
52
2
0
0
0
0
0
0
0
962
51
1
0
0
0
0
0
0
0
961
50
0
0
0
0
0
0
0
0
960
49
0
0
0
0
0
0
0
0
959
48
3
0
0
0
0
0
0
0
958
47
2
0
0
0
0
0
0
0
957
46
1
0
0
0
0
0
0
0
956
45
0
0
0
0
0
0
0
0
955
44
4
0
0
0
0
0
0
0
954
43
3
0
0
0
0
0
0
0
953
42
2
0
0
0
0
0
0
0
952
41
1
0
0
0
0
0
0
0
951
40
0
0
0
0
0
0
0
0
950
39
0
0
0
0
0
0
0
0
949
38
4
0
0
0
0
0
0
0
948
37
3
0
0
0
0
0
0
0
947
36
2
0
0
0
0
0
0
0
946
35
1
0
0
0
0
0
0
0
945
34
0
0
0
0
0
0
0
0
944
33
3
0
0
0
0
0
0
0
943
32
2
0
0
0
0
0
0
0
942
31
1
0
0
0
0
0
0
0
941
30
0
0
0
0
0
0
0
0
940
29
0
0
0
0
0
0
0
0
939
28
5
0
0
0
0
0
0
0
938
27
4
0
0
0
0
0
0
0
937
26
3
0
0
0
0
0
0
0
936
25
2
0
0
0
0
0
0
0
935
24
1
0
0
0
0
0
0
0
934
23
0
0
0
0
0
0
0
0
933
22
2
0
0
0
0
0
0
0
932
21
1
0
0
0
0
0
0
0
931
20
0
0
0
0
0
0
0
0
930
19
0
0
0
0
0
0
0
0
929
18
6
0
0
0
0
0
0
0
928
17
5
0
0
0
0
0
0
0
927
16
4
0
0
0
0
0
0
0
926
15
3
0
0
0
0
0
0
0
925
14
2
0
0
0
0
0
0
0
924
13
1
0
0
0
0
0
0
0
923
12
0
0
0
0
0
0
0
0
922
11
0
0
0
0
0
0
0
0
921
10
0
0
0
0
0
0
0
0
920
9
1
0
0
0
0
0
0
0
919
8
0
0
0
0
0
0
0
0
918
7
6
0
0
0
0
0
0
0
917
6
5
0
0
0
0
0
0
0
916
5
4
0
0
0
0
0
0
0
915
4
3
0
0
0
0
0
0
0
914
3
2
0
0
0
0
0
0
0
913
2
1
0
0
0
0
0
0
0
912
1
0
0
0
0
0
0
0
0
911
0
0
0
0
0
0
0
0
0
910
1
0
0
0
0
0
0
0
0
909
0
0
0
0
0
0
0
0
0
908
17
0
0
0
0
0
0
0
0
907
16
0
0
0
0
0
0
0
0
906
15
0
0
0
0
0
0
0
0
905
14
0
0
0
0
0
0
0
0
904
13
0
0
0
0
0
0
0
0
903
12
0
0
0
0
0
0
0
0
902
11
1
0
0
0
0
0
0
0
901
10
0
0
0
0
0
0
0
0
900
9
0
0
0
0
0
0
0
0
899
8
0
0
0
0
0
0
0
0
898
7
6
0
0
0
0
0
0
0
897
6
5
0
0
0
0
0
0
0
896
5
4
0
0
0
0
0
0
0
895
4
3
0
0
0
0
0
0
0
894
3
2
0
0
0
0
0
0
0
893
2
1
0
0
0
0
0
0
0
892
1
0
0
0
0
0
0
0
0
891
0
0
0
0
0
0
0
0
0
890
1
0
0
0
0
0
0
0
0
889
0
0
0
0
0
0
0
0
0
888
77
0
0
0
0
0
0
0
0
887
76
0
0
0
0
0
0
0
0
886
75
0
0
0
0
0
0
0
0
885
74
0
0
0
0
0
0
0
0
884
73
0
0
0
0
0
0
0
0
883
72
0
0
0
0
0
0
0
0
882
71
1
0
0
0
0
0
0
0
881
70
0
0
0
0
0
0
0
0
880
69
1
0
0
0
0
0
0
0
879
68
0
0
0
0
0
0
0
0
878
67
0
0
0
0
0
0
0
0
877
66
6
0
0
0
0
0
0
0
876
65
5
0
0
0
0
0
0
0
875
64
4
0
0
0
0
0
0
0
874
63
3
0
0
0
0
0
0
0
873
62
2
0
0
0
0
0
0
0
872
61
1
0
0
0
0
0
0
0
871
60
0
0
0
0
0
0
0
0
870
59
1
0
0
0
0
0
0
0
869
58
0
0
0
0
0
0
0
0
868
57
1
0
0
0
0
0
0
0
867
56
0
0
0
0
0
0
0
0
866
55
5
0
0
0
0
0
0
0
865
54
4
0
0
0
0
0
0
0
864
53
3
0
0
0
0
0
0
0
863
52
2
0
0
0
0
0
0
0
862
51
1
0
0
0
0
0
0
0
861
50
0
0
0
0
0
0
0
0
860
49
1
0
0
0
0
0
0
0
859
48
0
0
0
0
0
0
0
0
858
47
2
0
0
0
0
0
0
0
857
46
1
0
0
0
0
0
0
0
856
45
0
0
0
0
0
0
0
0
855
44
4
0
0
0
0
0
0
0
854
43
3
0
0
0
0
0
0
0
853
42
2
0
0
0
0
0
0
0
852
41
1
0
0
0
0
0
0
0
851
40
0
0
0
0
0
0
0
0
850
39
1
0
0
0
0
0
0
0
849
38
0
0
0
0
0
0
0
0
848
37
3
0
0
0
0
0
0
0
847
36
2
0
0
0
0
0
0
0
846
35
1
0
0
0
0
0
0
0
845
34
0
0
0
0
0
0
0
0
844
33
3
0
0
0
0
0
0
0
843
32
2
0
0
0
0
0
0
0
842
31
1
0
0
0
0
0
0
0
841
30
0
0
0
0
0
0
0
0
840
29
1
0
0
0
0
0
0
0
839
28
0
0
0
0
0
0
0
0
838
27
4
0
0
0
0
0
0
0
837
26
3
0
0
0
0
0
0
0
836
25
2
0
0
0
0
0
0
0
835
24
1
0
0
0
0
0
0
0
834
23
0
0
0
0
0
0
0
0
833
22
2
0
0
0
0
0
0
0
832
21
1
0
0
0
0
0
0
0
831
20
0
0
0
0
0
0
0
0
830
19
1
0
0
0
0
0
0
0
829
18
0
0
0
0
0
0
0
0
828
17
5
0
0
0
0
0
0
0
827
16
4
0
0
0
0
0
0
0
826
15
3
0
0
0
0
0
0
0
825
14
2
0
0
0
0
0
0
0
824
13
1
0
0
0
0
0
0
0
823
12
0
0
0
0
0
0
0
0
822
11
0
0
0
0
0
0
0
0
821
10
0
0
0
0
0
0
0
0
820
9
2
0
0
0
0
0
0
0
819
8
1
0
0
0
0
0
0
0
818
7
0
0
0
0
0
0
0
0
817
6
5
0
0
0
0
0
0
0
816
5
4
0
0
0
0
0
0
0
815
4
3
0
0
0
0
0
0
0
814
3
2
0
0
0
0
0
0
0
813
2
1
0
0
0
0
0
0
0
812
1
0
0
0
0
0
0
0
0
811
0
0
0
0
0
0
0
0
0
810
2
0
0
0
0
0
0
0
0
809
1
0
0
0
0
0
0
0
0
808
0
0
0
0
0
0
0
0
0
807
26
0
0
0
0
0
0
0
0
806
25
0
0
0
0
0
0
0
0
805
24
0
0
0
0
0
0
0
0
804
23
0
0
0
0
0
0
0
0
803
22
0
0
0
0
0
0
0
0
802
21
1
0
0
0
0
0
0
0
801
20
0
0
0
0
0
0
0
0
800
19
0
0
0
0
0
0
0
0
799
18
1
0
0
0
0
0
0
0
798
17
0
0
0
0
0
0
0
0
797
16
6
0
0
0
0
0
0
0
796
15
5
0
0
0
0
0
0
0
795
14
4
0
0
0
0
0
0
0
794
13
3
0
0
0
0
0
0
0
793
12
2
0
0
0
0
0
0
0
792
11
1
0
0
0
0
0
0
0
791
10
0
0
0
0
0
0
0
0
790
9
1
0
0
0
0
0
0
0
789
8
0
0
0
0
0
0
0
0
788
7
0
0
0
0
0
0
0
0
787
6
5
0
0
0
0
0
0
0
786
5
4
0
0
0
0
0
0
0
785
4
3
0
0
0
0
0
0
0
784
3
2
0
0
0
0
0
0
0
783
2
1
0
0
0
0
0
0
0
782
1
0
0
0
0
0
0
0
0
781
0
0
0
0
0
0
0
0
0
780
2
0
0
0
0
0
0
0
0
779
1
0
0
0
0
0
0
0
0
778
0
0
0
0
0
0
0
0
0
777
66
0
0
0
0
0
0
0
0
776
65
0
0
0
0
0
0
0
0
775
64
0
0
0
0
0
0
0
0
774
63
0
0
0
0
0
0
0
0
773
62
0
0
0
0
0
0
0
0
772
61
1
0
0
0
0
0
0
0
771
60
0
0
0
0
0
0
0
0
770
59
2
0
0
0
0
0
0
0
769
58
1
0
0
0
0
0
0
0
768
57
0
0
0
0
0
0
0
0
767
56
0
0
0
0
0
0
0
0
766
55
5
0
0
0
0
0
0
0
765
54
4
0
0
0
0
0
0
0
764
53
3
0
0
0
0
0
0
0
763
52
2
0
0
0
0
0
0
0
762
51
1
0
0
0
0
0
0
0
761
50
0
0
0
0
0
0
0
0
760
49
2
0
0
0
0
0
0
0
759
48
1
0
0
0
0
0
0
0
758
47
0
0
0
0
0
0
0
0
757
46
1
0
0
0
0
0
0
0
756
45
0
0
0
0
0
0
0
0
755
44
4
0
0
0
0
0
0
0
754
43
3
0
0
0
0
0
0
0
753
42
2
0
0
0
0
0
0
0
752
41
1
0
0
0
0
0
0
0
751
40
0
0
0
0
0
0
0
0
750
39
2
0
0
0
0
0
0
0
749
38
1
0
0
0
0
0
0
0
748
37
0
0
0
0
0
0
0
0
747
36
2
0
0
0
0
0
0
0
746
35
1
0
0
0
0
0
0
0
745
34
0
0
0
0
0
0
0
0
744
33
3
0
0
0
0
0
0
0
743
32
2
0
0
0
0
0
0
0
742
31
1
0
0
0
0
0
0
0
741
30
0
0
0
0
0
0
0
0
740
29
2
0
0
0
0
0
0
0
739
28
1
0
0
0
0
0
0
0
738
27
0
0
0
0
0
0
0
0
737
26
3
0
0
0
0
0
0
0
736
25
2
0
0
0
0
0
0
0
735
24
1
0
0
0
0
0
0
0
734
23
0
0
0
0
0
0
0
0
733
22
2
0
0
0
0
0
0
0
732
21
1
0
0
0
0
0
0
0
731
20
0
0
0
0
0
0
0
0
730
19
2
0
0
0
0
0
0
0
729
18
1
0
0
0
0
0
0
0
728
17
0
0
0
0
0
0
0
0
727
16
4
0
0
0
0
0
0
0
726
15
3
0
0
0
0
0
0
0
725
14
2
0
0
0
0
0
0
0
724
13
1
0
0
0
0
0
0
0
723
12
0
0
0
0
0
0
0
0
722
11
0
0
0
0
0
0
0
0
721
10
0
0
0
0
0
0
0
0
720
9
3
0
0
0
0
0
0
0
719
8
2
0
0
0
0
0
0
0
718
7
1
0
0
0
0
0
0
0
717
6
0
0
0
0
0
0
0
0
716
5
4
0
0
0
0
0
0
0
715
4
3
0
0
0
0
0
0
0
714
3
2
0
0
0
0
0
0
0
713
2
1
0
0
0
0
0
0
0
712
1
0
0
0
0
0
0
0
0
711
0
0
0
0
0
0
0
0
0
710
3
0
0
0
0
0
0
0
0
709
2
0
0
0
0
0
0
0
0
708
1
0
0
0
0
0
0
0
0
707
0
0
0
0
0
0
0
0
0
706
35
0
0
0
0
0
0
0
0
705
34
0
0
0
0
0
0
0
0
704
33
0
0
0
0
0
0
0
0
703
32
0
0
0
0
0
0
0
0
702
31
1
0
0
0
0
0
0
0
701
30
0
0
0
0
0
0
0
0
700
29
0
0
0
0
0
0
0
0
699
28
2
0
0
0
0
0
0
0
698
27
1
0
0
0
0
0
0
0
697
26
0
0
0
0
0
0
0
0
696
25
5
0
0
0
0
0
0
0
695
24
4
0
0
0
0
0
0
0
694
23
3
0
0
0
0
0
0
0
693
22
2
0
0
0
0
0
0
0
692
21
1
0
0
0
0
0
0
0
691
20
0
0
0
0
0
0
0
0
690
19
1
0
0
0
0
0
0
0
689
18
0
0
0
0
0
0
0
0
688
17
1
0
0
0
0
0
0
0
687
16
0
0
0
0
0
0
0
0
686
15
5
0
0
0
0
0
0
0
685
14
4
0
0
0
0
0
0
0
684
13
3
0
0
0
0
0
0
0
683
12
2
0
0
0
0
0
0
0
682
11
1
0
0
0
0
0
0
0
681
10
0
0
0
0
0
0
0
0
680
9
2
0
0
0
0
0
0
0
679
8
1
0
0
0
0
0
0
0
678
7
0
0
0
0
0
0
0
0
677
6
0
0
0
0
0
0
0
0
676
5
4
0
0
0
0
0
0
0
675
4
3
0
0
0
0
0
0
0
674
3
2
0
0
0
0
0
0
0
673
2
1
0
0
0
0
0
0
0
672
1
0
0
0
0
0
0
0
0
671
0
0
0
0
0
0
0
0
0
670
3
0
0
0
0
0
0
0
0
669
2
0
0
0
0
0
0
0
0
668
1
0
0
0
0
0
0
0
0
667
0
0
0
0
0
0
0
0
0
666
55
0
0
0
0
0
0
0
0
665
54
0
0
0
0
0
0
0
0
664
53
0
0
0
0
0
0
0
0
663
52
0
0
0
0
0
0
0
0
662
51
1
0
0
0
0
0
0
0
661
50
0
0
0
0
0
0
0
0
660
49
3
0
0
0
0
0
0
0
659
48
2
0
0
0
0
0
0
0
658
47
1
0
0
0
0
0
0
0
657
46
0
0
0
0
0
0
0
0
656
45
0
0
0
0
0
0
0
0
655
44
4
0
0
0
0
0
0
0
654
43
3
0
0
0
0
0
0
0
653
42
2
0
0
0
0
0
0
0
652
41
1
0
0
0
0
0
0
0
651
40
0
0
0
0
0
0
0
0
650
39
3
0
0
0
0
0
0
0
649
38
2
0
0
0
0
0
0
0
648
37
1
0
0
0
0
0
0
0
647
36
0
0
0
0
0
0
0
0
646
35
1
0
0
0
0
0
0
0
645
34
0
0
0
0
0
0
0
0
644
33
3
0
0
0
0
0
0
0
643
32
2
0
0
0
0
0
0
0
642
31
1
0
0
0
0
0
0
0
641
30
0
0
0
0
0
0
0
0
640
29
3
0
0
0
0
0
0
0
639
28
2
0
0
0
0
0
0
0
638
27
1
0
0
0
0
0
0
0
637
26
0
0
0
0
0
0
0
0
636
25
2
0
0
0
0
0
0
0
635
24
1
0
0
0
0
0
0
0
634
23
0
0
0
0
0
0
0
0
633
22
2
0
0
0
0
0
0
0
632
21
1
0
0
0
0
0
0
0
631
20
0
0
0
0
0
0
0
0
630
19
3
0
0
0
0
0
0
0
629
18
2
0
0
0
0
0
0
0
628
17
1
0
0
0
0
0
0
0
627
16
0
0
0
0
0
0
0
0
626
15
3
0
0
0
0
0
0
0
625
14
2
0
0
0
0
0
0
0
624
13
1
0
0
0
0
0
0
0
623
12
0
0
0
0
0
0
0
0
622
11
0
0
0
0
0
0
0
0
621
10
0
0
0
0
0
0
0
0
620
9
4
0
0
0
0
0
0
0
619
8
3
0
0
0
0
0
0
0
618
7
2
0
0
0
0
0
0
0
617
6
1
0
0
0
0
0
0
0
616
5
0
0
0
0
0
0
0
0
615
4
3
0
0
0
0
0
0
0
614
3
2
0
0
0
0
0
0
0
613
2
1
0
0
0
0
0
0
0
612
1
0
0
0
0
0
0
0
0
611
0
0
0
0
0
0
0
0
0
610
4
0
0
0
0
0
0
0
0
609
3
0
0
0
0
0
0
0
0
608
2
0
0
0
0
0
0
0
0
607
1
0
0
0
0
0
0
0
0
606
0
0
0
0
0
0
0
0
0
605
44
0
0
0
0
0
0
0
0
604
43
0
0
0
0
0
0
0
0
603
42
0
0
0
0
0
0
0
0
602
41
1
0
0
0
0
0
0
0
601
40
0
0
0
0
0
0
0
0
600
39
0
0
0
0
0
0
0
0
599
38
3
0
0
0
0
0
0
0
598
37
2
0
0
0
0
0
0
0
597
36
1
0
0
0
0
0
0
0
596
35
0
0
0
0
0
0
0
0
595
34
4
0
0
0
0
0
0
0
594
33
3
0
0
0
0
0
0
0
593
32
2
0
0
0
0
0
0
0
592
31
1
0
0
0
0
0
0
0
591
30
0
0
0
0
0
0
0
0
590
29
1
0
0
0
0
0
0
0
589
28
0
0
0
0
0
0
0
0
588
27
2
0
0
0
0
0
0
0
587
26
1
0
0
0
0
0
0
0
586
25
0
0
0
0
0
0
0
0
585
24
4
0
0
0
0
0
0
0
584
23
3
0
0
0
0
0
0
0
583
22
2
0
0
0
0
0
0
0
582
21
1
0
0
0
0
0
0
0
581
20
0
0
0
0
0
0
0
0
580
19
2
0
0
0
0
0
0
0
579
18
1
0
0
0
0
0
0
0
578
17
0
0
0
0
0
0
0
0
577
16
1
0
0
0
0
0
0
0
576
15
0
0
0
0
0
0
0
0
575
14
4
0
0
0
0
0
0
0
574
13
3
0
0
0
0
0
0
0
573
12
2
0
0
0
0
0
0
0
572
11
1
0
0
0
0
0
0
0
571
10
0
0
0
0
0
0
0
0
570
9
3
0
0
0
0
0
0
0
569
8
2
0
0
0
0
0
0
0
568
7
1
0
0
0
0
0
0
0
567
6
0
0
0
0
0
0
0
0
566
5
0
0
0
0
0
0
0
0
565
4
3
0
0
0
0
0
0
0
564
3
2
0
0
0
0
0
0
0
563
2
1
0
0
0
0
0
0
0
562
1
0
0
0
0
0
0
0
0
561
0
0
0
0
0
0
0
0
0
560
4
0
0
0
0
0
0
0
0
559
3
0
0
0
0
0
0
0
0
558
2
0
0
0
0
0
0
0
0
557
1
0
0
0
0
0
0
0
0
556
0
0
0
0
0
0
0
0
0
555
44
0
0
0
0
0
0
0
0
554
43
0
0
0
0
0
0
0
0
553
42
0
0
0
0
0
0
0
0
552
41
1
0
0
0
0
0
0
0
551
40
0
0
0
0
0
0
0
0
550
39
4
0
0
0
0
0
0
0
549
38
3
0
0
0
0
0
0
0
548
37
2
0
0
0
0
0
0
0
547
36
1
0
0
0
0
0
0
0
546
35
0
0
0
0
0
0
0
0
545
34
0
0
0
0
0
0
0
0
544
33
3
0
0
0
0
0
0
0
543
32
2
0
0
0
0
0
0
0
542
31
1
0
0
0
0
0
0
0
541
30
0
0
0
0
0
0
0
0
540
29
4
0
0
0
0
0
0
0
539
28
3
0
0
0
0
0
0
0
538
27
2
0
0
0
0
0
0
0
537
26
1
0
0
0
0
0
0
0
536
25
0
0
0
0
0
0
0
0
535
24
1
0
0
0
0
0
0
0
534
23
0
0
0
0
0
0
0
0
533
22
2
0
0
0
0
0
0
0
532
21
1
0
0
0
0
0
0
0
531
20
0
0
0
0
0
0
0
0
530
19
4
0
0
0
0
0
0
0
529
18
3
0
0
0
0
0
0
0
528
17
2
0
0
0
0
0
0
0
527
16
1
0
0
0
0
0
0
0
526
15
0
0
0
0
0
0
0
0
525
14
2
0
0
0
0
0
0
0
524
13
1
0
0
0
0
0
0
0
523
12
0
0
0
0
0
0
0
0
522
11
0
0
0
0
0
0
0
0
521
10
0
0
0
0
0
0
0
0
520
9
5
0
0
0
0
0
0
0
519
8
4
0
0
0
0
0
0
0
518
7
3
0
0
0
0
0
0
0
517
6
2
0
0
0
0
0
0
0
516
5
1
0
0
0
0
0
0
0
515
4
0
0
0
0
0
0
0
0
514
3
2
0
0
0
0
0
0
0
513
2
1
0
0
0
0
0
0
0
512
1
0
0
0
0
0
0
0
0
511
0
0
0
0
0
0
0
0
0
510
5
0
0
0
0
0
0
0
0
509
4
0
0
0
0
0
0
0
0
508
3
0
0
0
0
0
0
0
0
507
2
0
0
0
0
0
0
0
0
506
1
0
0
0
0
0
0
0
0
505
0
0
0
0
0
0
0
0
0
504
53
0
0
0
0
0
0
0
0
503
52
0
0
0
0
0
0
0
0
502
51
1
0
0
0
0
0
0
0
501
50
0
0
0
0
0
0
0
0
500
49
0
0
0
0
0
0
0
0
499
48
4
0
0
0
0
0
0
0
498
47
3
0
0
0
0
0
0
0
497
46
2
0
0
0
0
0
0
0
496
45
1
0
0
0
0
0
0
0
495
44
0
0
0
0
0
0
0
0
494
43
3
0
0
0
0
0
0
0
493
42
2
0
0
0
0
0
0
0
492
41
1
0
0
0
0
0
0
0
491
40
0
0
0
0
0
0
0
0
490
39
1
0
0
0
0
0
0
0
489
38
0
0
0
0
0
0
0
0
488
37
3
0
0
0
0
0
0
0
487
36
2
0
0
0
0
0
0
0
486
35
1
0
0
0
0
0
0
0
485
34
0
0
0
0
0
0
0
0
484
33
3
0
0
0
0
0
0
0
483
32
2
0
0
0
0
0
0
0
482
31
1
0
0
0
0
0
0
0
481
30
0
0
0
0
0
0
0
0
480
29
2
0
0
0
0
0
0
0
479
28
1
0
0
0
0
0
0
0
478
27
0
0
0
0
0
0
0
0
477
26
2
0
0
0
0
0
0
0
476
25
1
0
0
0
0
0
0
0
475
24
0
0
0
0
0
0
0
0
474
23
3
0
0
0
0
0
0
0
473
22
2
0
0
0
0
0
0
0
472
21
1
0
0
0
0
0
0
0
471
20
0
0
0
0
0
0
0
0
470
19
3
0
0
0
0
0
0
0
469
18
2
0
0
0
0
0
0
0
468
17
1
0
0
0
0
0
0
0
467
16
0
0
0
0
0
0
0
0
466
15
1
0
0
0
0
0
0
0
465
14
0
0
0
0
0
0
0
0
464
13
3
0
0
0
0
0
0
0
463
12
2
0
0
0
0
0
0
0
462
11
1
0
0
0
0
0
0
0
461
10
0
0
0
0
0
0
0
0
460
9
4
0
0
0
0
0
0
0
459
8
3
0
0
0
0
0
0
0
458
7
2
0
0
0
0
0
0
0
457
6
1
0
0
0
0
0
0
0
456
5
0
0
0
0
0
0
0
0
455
4
0
0
0
0
0
0
0
0
454
3
2
0
0
0
0
0
0
0
453
2
1
0
0
0
0
0
0
0
452
1
0
0
0
0
0
0
0
0
451
0
0
0
0
0
0
0
0
0
450
5
0
0
0
0
0
0
0
0
449
4
0
0
0
0
0
0
0
0
448
3
0
0
0
0
0
0
0
0
447
2
0
0
0
0
0
0
0
0
446
1
0
0
0
0
0
0
0
0
445
0
0
0
0
0
0
0
0
0
444
33
0
0
0
0
0
0
0
0
443
32
0
0
0
0
0
0
0
0
442
31
1
0
0
0
0
0
0
0
441
30
0
0
0
0
0
0
0
0
440
29
5
0
0
0
0
0
0
0
439
28
4
0
0
0
0
0
0
0
438
27
3
0
0
0
0
0
0
0
437
26
2
0
0
0
0
0
0
0
436
25
1
0
0
0
0
0
0
0
435
24
0
0
0
0
0
0
0
0
434
23
0
0
0
0
0
0
0
0
433
22
2
0
0
0
0
0
0
0
432
21
1
0
0
0
0
0
0
0
431
20
0
0
0
0
0
0
0
0
430
19
5
0
0
0
0
0
0
0
429
18
4
0
0
0
0
0
0
0
428
17
3
0
0
0
0
0
0
0
427
16
2
0
0
0
0
0
0
0
426
15
1
0
0
0
0
0
0
0
425
14
0
0
0
0
0
0
0
0
424
13
1
0
0
0
0
0
0
0
423
12
0
0
0
0
0
0
0
0
422
11
0
0
0
0
0
0
0
0
421
10
0
0
0
0
0
0
0
0
420
9
6
0
0
0
0
0
0
0
419
8
5
0
0
0
0
0
0
0
418
7
4
0
0
0
0
0
0
0
417
6
3
0
0
0
0
0
0
0
416
5
2
0
0
0
0
0
0
0
415
4
1
0
0
0
0
0
0
0
414
3
0
0
0
0
0
0
0
0
413
2
1
0
0
0
0
0
0
0
412
1
0
0
0
0
0
0
0
0
411
0
0
0
0
0
0
0
0
0
410
6
0
0
0
0
0
0
0
0
409
5
0
0
0
0
0
0
0
0
408
4
0
0
0
0
0
0
0
0
407
3
0
0
0
0
0
0
0
0
406
2
0
0
0
0
0
0
0
0
405
1
0
0
0
0
0
0
0
0
404
0
0
0
0
0
0
0
0
0
403
62
0
0
0
0
0
0
0
0
402
61
1
0
0
0
0
0
0
0
401
60
0
0
0
0
0
0
0
0
400
59
0
0
0
0
0
0
0
0
399
58
5
0
0
0
0
0
0
0
398
57
4
0
0
0
0
0
0
0
397
56
3
0
0
0
0
0
0
0
396
55
2
0
0
0
0
0
0
0
395
54
1
0
0
0
0
0
0
0
394
53
0
0
0
0
0
0
0
0
393
52
2
0
0
0
0
0
0
0
392
51
1
0
0
0
0
0
0
0
391
50
0
0
0
0
0
0
0
0
390
49
1
0
0
0
0
0
0
0
389
48
0
0
0
0
0
0
0
0
388
47
4
0
0
0
0
0
0
0
387
46
3
0
0
0
0
0
0
0
386
45
2
0
0
0
0
0
0
0
385
44
1
0
0
0
0
0
0
0
384
43
0
0
0
0
0
0
0
0
383
42
2
0
0
0
0
0
0
0
382
41
1
0
0
0
0
0
0
0
381
40
0
0
0
0
0
0
0
0
380
39
2
0
0
0
0
0
0
0
379
38
1
0
0
0
0
0
0
0
378
37
0
0
0
0
0
0
0
0
377
36
3
0
0
0
0
0
0
0
376
35
2
0
0
0
0
0
0
0
375
34
1
0
0
0
0
0
0
0
374
33
0
0
0
0
0
0
0
0
373
32
2
0
0
0
0
0
0
0
372
31
1
0
0
0
0
0
0
0
371
30
0
0
0
0
0
0
0
0
370
29
3
0
0
0
0
0
0
0
369
28
2
0
0
0
0
0
0
0
368
27
1
0
0
0
0
0
0
0
367
26
0
0
0
0
0
0
0
0
366
25
2
0
0
0
0
0
0
0
365
24
1
0
0
0
0
0
0
0
364
23
0
0
0
0
0
0
0
0
363
22
2
0
0
0
0
0
0
0
362
21
1
0
0
0
0
0
0
0
361
20
0
0
0
0
0
0
0
0
360
19
4
0
0
0
0
0
0
0
359
18
3
0
0
0
0
0
0
0
358
17
2
0
0
0
0
0
0
0
357
16
1
0
0
0
0
0
0
0
356
15
0
0
0
0
0
0
0
0
355
14
1
0
0
0
0
0
0
0
354
13
0
0
0
0
0
0
0
0
353
12
2
0
0
0
0
0
0
0
352
11
1
0
0
0
0
0
0
0
351
10
0
0
0
0
0
0
0
0
350
9
5
0
0
0
0
0
0
0
349
8
4
0
0
0
0
0
0
0
348
7
3
0
0
0
0
0
0
0
347
6
2
0
0
0
0
0
0
0
346
5
1
0
0
0
0
0
0
0
345
4
0
0
0
0
0
0
0
0
344
3
0
0
0
0
0
0
0
0
343
2
1
0
0
0
0
0
0
0
342
1
0
0
0
0
0
0
0
0
341
0
0
0
0
0
0
0
0
0
340
6
0
0
0
0
0
0
0
0
339
5
0
0
0
0
0
0
0
0
338
4
0
0
0
0
0
0
0
0
337
3
0
0
0
0
0
0
0
0
336
2
0
0
0
0
0
0
0
0
335
1
0
0
0
0
0
0
0
0
334
0
0
0
0
0
0
0
0
0
333
22
0
0
0
0
0
0
0
0
332
21
1
0
0
0
0
0
0
0
331
20
0
0
0
0
0
0
0
0
330
19
6
0
0
0
0
0
0
0
329
18
5
0
0
0
0
0
0
0
328
17
4
0
0
0
0
0
0
0
327
16
3
0
0
0
0
0
0
0
326
15
2
0
0
0
0
0
0
0
325
14
1
0
0
0
0
0
0
0
324
13
0
0
0
0
0
0
0
0
323
12
0
0
0
0
0
0
0
0
322
11
0
0
0
0
0
0
0
0
321
10
0
0
0
0
0
0
0
0
320
9
7
0
0
0
0
0
0
0
319
8
6
0
0
0
0
0
0
0
318
7
5
0
0
0
0
0
0
0
317
6
4
0
0
0
0
0
0
0
316
5
3
0
0
0
0
0
0
0
315
4
2
0
0
0
0
0
0
0
314
3
1
0
0
0
0
0
0
0
313
2
0
0
0
0
0
0
0
0
312
1
0
0
0
0
0
0
0
0
311
0
0
0
0
0
0
0
0
0
310
7
0
0
0
0
0
0
0
0
309
6
0
0
0
0
0
0
0
0
308
5
0
0
0
0
0
0
0
0
307
4
0
0
0
0
0
0
0
0
306
3
0
0
0
0
0
0
0
0
305
2
0
0
0
0
0
0
0
0
304
1
0
0
0
0
0
0
0
0
303
0
0
0
0
0
0
0
0
0
302
71
1
0
0
0
0
0
0
0
301
70
0
0
0
0
0
0
0
0
300
69
0
0
0
0
0
0
0
0
299
68
6
0
0
0
0
0
0
0
298
67
5
0
0
0
0
0
0
0
297
66
4
0
0
0
0
0
0
0
296
65
3
0
0
0
0
0
0
0
295
64
2
0
0
0
0
0
0
0
294
63
1
0
0
0
0
0
0
0
293
62
0
0
0
0
0
0
0
0
292
61
1
0
0
0
0
0
0
0
291
60
0
0
0
0
0
0
0
0
290
59
1
0
0
0
0
0
0
0
289
58
0
0
0
0
0
0
0
0
288
57
5
0
0
0
0
0
0
0
287
56
4
0
0
0
0
0
0
0
286
55
3
0
0
0
0
0
0
0
285
54
2
0
0
0
0
0
0
0
284
53
1
0
0
0
0
0
0
0
283
52
0
0
0
0
0
0
0
0
282
51
1
0
0
0
0
0
0
0
281
50
0
0
0
0
0
0
0
0
280
49
2
0
0
0
0
0
0
0
279
48
1
0
0
0
0
0
0
0
278
47
0
0
0
0
0
0
0
0
277
46
4
0
0
0
0
0
0
0
276
45
3
0
0
0
0
0
0
0
275
44
2
0
0
0
0
0
0
0
274
43
1
0
0
0
0
0
0
0
273
42
0
0
0
0
0
0
0
0
272
41
1
0
0
0
0
0
0
0
271
40
0
0
0
0
0
0
0
0
270
39
3
0
0
0
0
0
0
0
269
38
2
0
0
0
0
0
0
0
268
37
1
0
0
0
0
0
0
0
267
36
0
0
0
0
0
0
0
0
266
35
3
0
0
0
0
0
0
0
265
34
2
0
0
0
0
0
0
0
264
33
1
0
0
0
0
0
0
0
263
32
0
0
0
0
0
0
0
0
262
31
1
0
0
0
0
0
0
0
261
30
0
0
0
0
0
0
0
0
260
29
4
0
0
0
0
0
0
0
259
28
3
0
0
0
0
0
0
0
258
27
2
0
0
0
0
0
0
0
257
26
1
0
0
0
0
0
0
0
256
25
0
0
0
0
0
0
0
0
255
24
2
0
0
0
0
0
0
0
254
23
1
0
0
0
0
0
0
0
253
22
0
0
0
0
0
0
0
0
252
21
1
0
0
0
0
0
0
0
251
20
0
0
0
0
0
0
0
0
250
19
5
0
0
0
0
0
0
0
249
18
4
0
0
0
0
0
0
0
248
17
3
0
0
0
0
0
0
0
247
16
2
0
0
0
0
0
0
0
246
15
1
0
0
0
0
0
0
0
245
14
0
0
0
0
0
0
0
0
244
13
1
0
0
0
0
0
0
0
243
12
0
0
0
0
0
0
0
0
242
11
1
0
0
0
0
0
0
0
241
10
0
0
0
0
0
0
0
0
240
9
6
0
0
0
0
0
0
0
239
8
5
0
0
0
0
0
0
0
238
7
4
0
0
0
0
0
0
0
237
6
3
0
0
0
0
0
0
0
236
5
2
0
0
0
0
0
0
0
235
4
1
0
0
0
0
0
0
0
234
3
0
0
0
0
0
0
0
0
233
2
0
0
0
0
0
0
0
0
232
1
0
0
0
0
0
0
0
0
231
0
0
0
0
0
0
0
0
0
230
7
0
0
0
0
0
0
0
0
229
6
0
0
0
0
0
0
0
0
228
5
0
0
0
0
0
0
0
0
227
4
0
0
0
0
0
0
0
0
226
3
0
0
0
0
0
0
0
0
225
2
0
0
0
0
0
0
0
0
224
1
0
0
0
0
0
0
0
0
223
0
0
0
0
0
0
0
0
0
222
0
0
0
0
0
0
0
0
0
