998
8
0
0
0
0
0
0
0
0
997
7
0
0
0
0
0
0
0
0
996
6
0
0
0
0
0
0
0
0
995
5
0
0
0
0
0
0
0
0
994
4
0
0
0
0
0
0
0
0
993
3
0
0
0
0
0
0
0
0
992
2
0
0
0
0
0
0
0
0
991
1
0
0
0
0
0
0
0
0
990
0
0
0
0
0
0
0
0
0
989
80
0
0
0
0
0
0
0
0
988
79
0
0
0
0
0
0
0
0
987
78
7
0
0
0
0
0
0
0
986
77
6
0
0
0
0
0
0
0
985
76
5
0
0
0
0
0
0
0
984
75
4
0
0
0
0
0
0
0
983
74
3
0
0
0
0
0
0
0
982
73
2
0
0
0
0
0
0
0
981
72
1
0
0
0
0
0
0
0
980
71
0
0
0
0
0
0
0
0
979
70
0
0
0
0
0
0
0
0
978
69
1
0
0
0
0
0
0
0
977
68
0
0
0
0
0
0
0
0
976
67
6
0
0
0
0
0
0
0
975
66
5
0
0
0
0
0
0
0
974
65
4
0
0
0
0
0
0
0
973
64
3
0
0
0
0
0
0
0
972
63
2
0
0
0
0
0
0
0
971
62
1
0
0
0
0
0
0
0
970
61
0
0
0
0
0
0
0
0
969
60
0
0
0
0
0
0
0
0
968
59
2
0
0
0
0
0
0
0
967
58
1
0
0
0
0
0
0
0
966
57
0
0
0
0
0
0
0
0
965
56
5
0
0
0
0
0
0
0
964
55
4
0
0
0
0
0
0
0
963
54
3
0
0
0
0
0
0
0
962
53
2
0
0
0
0
0
0
0
961
52
1
0
0
0
0
0
0
0
960
51
0
0
0
0
0
0
0
0
959
50
0
0
0
0
0
0
0
0
958
49
3
0
0
0
0
0
0
0
957
48
2
0
0
0
0
0
0
0
956
47
1
0
0
0
0
0
0
0
955
46
0
0
0
0
0
0
0
0
954
45
4
0
0
0
0
0
0
0
953
44
3
0
0
0
0
0
0
0
952
43
2
0
0
0
0
0
0
0
951
42
1
0
0
0
0
0
0
0
950
41
0
0
0
0
0
0
0
0
949
40
0
0
0
0
0
0
0
0
948
39
4
0
0
0
0
0
0
0
947
38
3
0
0
0
0
0
0
0
946
37
2
0
0
0
0
0
0
0
945
36
1
0
0
0
0
0
0
0
944
35
0
0
0
0
0
0
0
0
943
34
3
0
0
0
0
0
0
0
942
33
2
0
0
0
0
0
0
0
941
32
1
0
0
0
0
0
0
0
940
31
0
0
0
0
0
0
0
0
939
30
0
0
0
0
0
0
0
0
938
29
5
0
0
0
0
0
0
0
937
28
4
0
0
0
0
0
0
0
936
27
3
0
0
0
0
0
0
0
935
26
2
0
0
0
0
0
0
0
934
25
1
0
0
0
0
0
0
0
933
24
0
0
0
0
0
0
0
0
932
23
2
0
0
0
0
0
0
0
931
22
1
0
0
0
0
0
0
0
930
21
0
0
0
0
0
0
0
0
929
20
0
0
0
0
0
0
0
0
928
19
6
0
0
0
0
0
0
0
927
18
5
0
0
0
0
0
0
0
926
17
4
0
0
0
0
0
0
0
925
16
3
0
0
0
0
0
0
0
924
15
2
0
0
0
0
0
0
0
923
14
1
0
0
0
0
0
0
0
922
13
0
0
0
0
0
0
0
0
921
12
1
0
0
0
0
0
0
0
920
11
0
0
0
0
0
0
0
0
919
10
0
0
0
0
0
0
0
0
918
9
7
0
0
0
0
0
0
0
917
8
6
0
0
0
0
0
0
0
916
7
5
0
0
0
0
0
0
0
915
6
4
0
0
0
0
0
0
0
914
5
3
0
0
0
0
0
0
0
913
4
2
0
0
0
0
0
0
0
912
3
1
0
0
0
0
0
0
0
911
2
0
0
0
0
0
0
0
0
910
1
0
0
0
0
0
0
0
0
909
0
0
0
0
0
0
0
0
0
908
8
0
0
0
0
0
0
0
0
907
7
0
0
0
0
0
0
0
0
906
6
0
0
0
0
0
0
0
0
905
5
0
0
0
0
0
0
0
0
904
4
0
0
0
0
0
0
0
0
903
3
0
0
0
0
0
0
0
0
902
2
0
0
0
0
0
0
0
0
901
1
0
0
0
0
0
0
0
0
900
0
0
0
0
0
0
0
0
0
899
11
0
0
0
0
0
0
0
0
898
10
0
0
0
0
0
0
0
0
897
9
7
0
0
0
0
0
0
0
896
8
6
0
0
0
0
0
0
0
895
7
5
0
0
0
0
0
0
0
894
6
4
0
0
0
0
0
0
0
893
5
3
0
0
0
0
0
0
0
892
4
2
0
0
0
0
0
0
0
891
3
1
0
0
0
0
0
0
0
890
2
0
0
0
0
0
0
0
0
889
1
0
0
0
0
0
0
0
0
888
0
0
0
0
0
0
0
0
0
887
7
0
0
0
0
0
0
0
0
886
6
0
0
0
0
0
0
0
0
885
5
0
0
0
0
0
0
0
0
884
4
0
0
0
0
0
0
0
0
883
3
0
0
0
0
0
0
0
0
882
2
0
0
0
0
0
0
0
0
881
1
0
0
0
0
0
0
0
0
880
0
0
0
0
0
0
0
0
0
879
71
1
0
0
0
0
0
0
0
878
70
0
0
0
0
0
0
0
0
877
69
0
0
0
0
0
0
0
0
876
68
6
0
0
0
0
0
0
0
875
67
5
0
0
0
0
0
0
0
874
66
4
0
0
0
0
0
0
0
873
65
3
0
0
0
0
0
0
0
872
64
2
0
0
0
0
0
0
0
871
63
1
0
0
0
0
0
0
0
870
62
0
0
0
0
0
0
0
0
869
61
1
0
0
0
0
0
0
0
868
60
0
0
0
0
0
0
0
0
867
59
1
0
0
0
0
0
0
0
866
58
0
0
0
0
0
0
0
0
865
57
5
0
0
0
0
0
0
0
864
56
4
0
0
0
0
0
0
0
863
55
3
0
0
0
0
0
0
0
862
54
2
0
0
0
0
0
0
0
861
53
1
0
0
0
0
0
0
0
860
52
0
0
0
0
0
0
0
0
859
51
1
0
0
0
0
0
0
0
858
50
0
0
0
0
0
0
0
0
857
49
2
0
0
0
0
0
0
0
856
48
1
0
0
0
0
0
0
0
855
47
0
0
0
0
0
0
0
0
854
46
4
0
0
0
0
0
0
0
853
45
3
0
0
0
0
0
0
0
852
44
2
0
0
0
0
0
0
0
851
43
1
0
0
0
0
0
0
0
850
42
0
0
0
0
0
0
0
0
849
41
1
0
0
0
0
0
0
0
848
40
0
0
0
0
0
0
0
0
847
39
3
0
0
0
0
0
0
0
846
38
2
0
0
0
0
0
0
0
845
37
1
0
0
0
0
0
0
0
844
36
0
0
0
0
0
0
0
0
843
35
3
0
0
0
0
0
0
0
842
34
2
0
0
0
0
0
0
0
841
33
1
0
0
0
0
0
0
0
840
32
0
0
0
0
0
0
0
0
839
31
1
0
0
0
0
0
0
0
838
30
0
0
0
0
0
0
0
0
837
29
4
0
0
0
0
0
0
0
836
28
3
0
0
0
0
0
0
0
835
27
2
0
0
0
0
0
0
0
834
26
1
0
0
0
0
0
0
0
833
25
0
0
0
0
0
0
0
0
832
24
2
0
0
0
0
0
0
0
831
23
1
0
0
0
0
0
0
0
830
22
0
0
0
0
0
0
0
0
829
21
1
0
0
0
0
0
0
0
828
20
0
0
0
0
0
0
0
0
827
19
5
0
0
0
0
0
0
0
826
18
4
0
0
0
0
0
0
0
825
17
3
0
0
0
0
0
0
0
824
16
2
0
0
0
0
0
0
0
823
15
1
0
0
0
0
0
0
0
822
14
0
0
0
0
0
0
0
0
821
13
1
0
0
0
0
0
0
0
820
12
0
0
0
0
0
0
0
0
819
11
1
0
0
0
0
0
0
0
818
10
0
0
0
0
0
0
0
0
817
9
6
0
0
0
0
0
0
0
816
8
5
0
0
0
0
0
0
0
815
7
4
0
0
0
0
0
0
0
814
6
3
0
0
0
0
0
0
0
813
5
2
0
0
0
0
0
0
0
812
4
1
0
0
0
0
0
0
0
811
3
0
0
0
0
0
0
0
0
810
2
0
0
0
0
0
0
0
0
809
1
0
0
0
0
0
0
0
0
808
0
0
0
0
0
0
0
0
0
807
7
0
0
0
0
0
0
0
0
806
6
0
0
0
0
0
0
0
0
805
5
0
0
0
0
0
0
0
0
804
4
0
0
0
0
0
0
0
0
803
3
0
0
0
0
0
0
0
0
802
2
0
0
0
0
0
0
0
0
801
1
0
0
0
0
0
0
0
0
800
0
0
0
0
0
0
0
0
0
799
22
0
0
0
0
0
0
0
0
798
21
1
0
0
0
0
0
0
0
797
20
0
0
0
0
0
0
0
0
796
19
6
0
0
0
0
0
0
0
795
18
5
0
0
0
0
0
0
0
794
17
4
0
0
0
0
0
0
0
793
16
3
0
0
0
0
0
0
0
792
15
2
0
0
0
0
0
0
0
791
14
1
0
0
0
0
0
0
0
790
13
0
0
0
0
0
0
0
0
789
12
1
0
0
0
0
0
0
0
788
11
0
0
0
0
0
0
0
0
787
10
0
0
0
0
0
0
0
0
786
9
6
0
0
0
0
0
0
0
785
8
5
0
0
0
0
0
0
0
784
7
4
0
0
0
0
0
0
0
783
6
3
0
0
0
0
0
0
0
782
5
2
0
0
0
0
0
0
0
781
4
1
0
0
0
0
0
0
0
780
3
0
0
0
0
0
0
0
0
779
2
0
0
0
0
0
0
0
0
778
1
0
0
0
0
0
0
0
0
777
0
0
0
0
0
0
0
0
0
776
6
0
0
0
0
0
0
0
0
775
5
0
0
0
0
0
0
0
0
774
4
0
0
0
0
0
0
0
0
773
3
0
0
0
0
0
0
0
0
772
2
0
0
0
0
0
0
0
0
771
1
0
0
0
0
0
0
0
0
770
0
0
0
0
0
0
0
0
0
769
62
2
0
0
0
0
0
0
0
768
61
1
0
0
0
0
0
0
0
767
60
0
0
0
0
0
0
0
0
766
59
0
0
0
0
0
0
0
0
765
58
5
0
0
0
0
0
0
0
764
57
4
0
0
0
0
0
0
0
763
56
3
0
0
0
0
0
0
0
762
55
2
0
0
0
0
0
0
0
761
54
1
0
0
0
0
0
0
0
760
53
0
0
0
0
0
0
0
0
759
52
2
0
0
0
0
0
0
0
758
51
1
0
0
0
0
0
0
0
757
50
0
0
0
0
0
0
0
0
756
49
1
0
0
0
0
0
0
0
755
48
0
0
0
0
0
0
0
0
754
47
4
0
0
0
0
0
0
0
753
46
3
0
0
0
0
0
0
0
752
45
2
0
0
0
0
0
0
0
751
44
1
0
0
0
0
0
0
0
750
43
0
0
0
0
0
0
0
0
749
42
2
0
0
0
0
0
0
0
748
41
1
0
0
0
0
0
0
0
747
40
0
0
0
0
0
0
0
0
746
39
2
0
0
0
0
0
0
0
745
38
1
0
0
0
0
0
0
0
744
37
0
0
0
0
0
0
0
0
743
36
3
0
0
0
0
0
0
0
742
35
2
0
0
0
0
0
0
0
741
34
1
0
0
0
0
0
0
0
740
33
0
0
0
0
0
0
0
0
739
32
2
0
0
0
0
0
0
0
738
31
1
0
0
0
0
0
0
0
737
30
0
0
0
0
0
0
0
0
736
29
3
0
0
0
0
0
0
0
735
28
2
0
0
0
0
0
0
0
734
27
1
0
0
0
0
0
0
0
733
26
0
0
0
0
0
0
0
0
732
25
2
0
0
0
0
0
0
0
731
24
1
0
0
0
0
0
0
0
730
23
0
0
0
0
0
0
0
0
729
22
2
0
0
0
0
0
0
0
728
21
1
0
0
0
0
0
0
0
727
20
0
0
0
0
0
0
0
0
726
19
4
0
0
0
0
0
0
0
725
18
3
0
0
0
0
0
0
0
724
17
2
0
0
0
0
0
0
0
723
16
1
0
0
0
0
0
0
0
722
15
0
0
0
0
0
0
0
0
721
14
1
0
0
0
0
0
0
0
720
13
0
0
0
0
0
0
0
0
719
12
2
0
0
0
0
0
0
0
718
11
1
0
0
0
0
0
0
0
717
10
0
0
0
0
0
0
0
0
716
9
5
0
0
0
0
0
0
0
715
8
4
0
0
0
0
0
0
0
714
7
3
0
0
0
0
0
0
0
713
6
2
0
0
0
0
0
0
0
712
5
1
0
0
0
0
0
0
0
711
4
0
0
0
0
0
0
0
0
710
3
0
0
0
0
0
0
0
0
709
2
0
0
0
0
0
0
0
0
708
1
0
0
0
0
0
0
0
0
707
0
0
0
0
0
0
0
0
0
706
6
0
0
0
0
0
0
0
0
705
5
0
0
0
0
0
0
0
0
704
4
0
0
0
0
0
0
0
0
703
3
0
0
0
0
0
0
0
0
702
2
0
0
0
0
0
0
0
0
701
1
0
0
0
0
0
0
0
0
700
0
0
0
0
0
0
0
0
0
699
33
0
0
0
0
0
0
0
0
698
32
2
0
0
0
0
0
0
0
697
31
1
0
0
0
0
0
0
0
696
30
0
0
0
0
0
0
0
0
695
29
5
0
0
0
0
0
0
0
694
28
4
0
0
0
0
0
0
0
693
27
3
0
0
0
0
0
0
0
692
26
2
0
0
0
0
0
0
0
691
25
1
0
0
0
0
0
0
0
690
24
0
0
0
0
0
0
0
0
689
23
1
0
0
0
0
0
0
0
688
22
0
0
0
0
0
0
0
0
687
21
1
0
0
0
0
0
0
0
686
20
0
0
0
0
0
0
0
0
685
19
5
0
0
0
0
0
0
0
684
18
4
0
0
0
0
0
0
0
683
17
3
0
0
0
0
0
0
0
682
16
2
0
0
0
0
0
0
0
681
15
1
0
0
0
0
0
0
0
680
14
0
0
0
0
0
0
0
0
679
13
2
0
0
0
0
0
0
0
678
12
1
0
0
0
0
0
0
0
677
11
0
0
0
0
0
0
0
0
676
10
0
0
0
0
0
0
0
0
675
9
5
0
0
0
0
0
0
0
674
8
4
0
0
0
0
0
0
0
673
7
3
0
0
0
0
0
0
0
672
6
2
0
0
0
0
0
0
0
671
5
1
0
0
0
0
0
0
0
670
4
0
0
0
0
0
0
0
0
669
3
0
0
0
0
0
0
0
0
668
2
0
0
0
0
0
0
0
0
667
1
0
0
0
0
0
0
0
0
666
0
0
0
0
0
0
0
0
0
665
5
0
0
0
0
0
0
0
0
664
4
0
0
0
0
0
0
0
0
663
3
0
0
0
0
0
0
0
0
662
2
0
0
0
0
0
0
0
0
661
1
0
0
0
0
0
0
0
0
660
0
0
0
0
0
0
0
0
0
659
53
3
0
0
0
0
0
0
0
658
52
2
0
0
0
0
0
0
0
657
51
1
0
0
0
0
0
0
0
656
50
0
0
0
0
0
0
0
0
655
49
0
0
0
0
0
0
0
0
654
48
4
0
0
0
0
0
0
0
653
47
3
0
0
0
0
0
0
0
652
46
2
0
0
0
0
0
0
0
651
45
1
0
0
0
0
0
0
0
650
44
0
0
0
0
0
0
0
0
649
43
3
0
0
0
0
0
0
0
648
42
2
0
0
0
0
0
0
0
647
41
1
0
0
0
0
0
0
0
646
40
0
0
0
0
0
0
0
0
645
39
1
0
0
0
0
0
0
0
644
38
0
0
0
0
0
0
0
0
643
37
3
0
0
0
0
0
0
0
642
36
2
0
0
0
0
0
0
0
641
35
1
0
0
0
0
0
0
0
640
34
0
0
0
0
0
0
0
0
639
33
3
0
0
0
0
0
0
0
638
32
2
0
0
0
0
0
0
0
637
31
1
0
0
0
0
0
0
0
636
30
0
0
0
0
0
0
0
0
635
29
2
0
0
0
0
0
0
0
634
28
1
0
0
0
0
0
0
0
633
27
0
0
0
0
0
0
0
0
632
26
2
0
0
0
0
0
0
0
631
25
1
0
0
0
0
0
0
0
630
24
0
0
0
0
0
0
0
0
629
23
3
0
0
0
0
0
0
0
628
22
2
0
0
0
0
0
0
0
627
21
1
0
0
0
0
0
0
0
626
20
0
0
0
0
0
0
0
0
625
19
3
0
0
0
0
0
0
0
624
18
2
0
0
0
0
0
0
0
623
17
1
0
0
0
0
0
0
0
622
16
0
0
0
0
0
0
0
0
621
15
1
0
0
0
0
0
0
0
620
14
0
0
0
0
0
0
0
0
619
13
3
0
0
0
0
0
0
0
618
12
2
0
0
0
0
0
0
0
617
11
1
0
0
0
0
0
0
0
616
10
0
0
0
0
0
0
0
0
615
9
4
0
0
0
0
0
0
0
614
8
3
0
0
0
0
0
0
0
613
7
2
0
0
0
0
0
0
0
612
6
1
0
0
0
0
0
0
0
611
5
0
0
0
0
0
0
0
0
610
4
0
0
0
0
0
0
0
0
609
3
0
0
0
0
0
0
0
0
608
2
0
0
0
0
0
0
0
0
607
1
0
0
0
0
0
0
0
0
606
0
0
0
0
0
0
0
0
0
605
5
0
0
0
0
0
0
0
0
604
4
0
0
0
0
0
0
0
0
603
3
0
0
0
0
0
0
0
0
602
2
0
0
0
0
0
0
0
0
601
1
0
0
0
0
0
0
0
0
600
0
0
0
0
0
0
0
0
0
599
44
0
0
0
0
0
0
0
0
598
43
3
0
0
0
0
0
0
0
597
42
2
0
0
0
0
0
0
0
596
41
1
0
0
0
0
0
0
0
595
40
0
0
0
0
0
0
0
0
594
39
4
0
0
0
0
0
0
0
593
38
3
0
0
0
0
0
0
0
592
37
2
0
0
0
0
0
0
0
591
36
1
0
0
0
0
0
0
0
590
35
0
0
0
0
0
0
0
0
589
34
1
0
0
0
0
0
0
0
588
33
0
0
0
0
0
0
0
0
587
32
2
0
0
0
0
0
0
0
586
31
1
0
0
0
0
0
0
0
585
30
0
0
0
0
0
0
0
0
584
29
4
0
0
0
0
0
0
0
583
28
3
0
0
0
0
0
0
0
582
27
2
0
0
0
0
0
0
0
581
26
1
0
0
0
0
0
0
0
580
25
0
0
0
0
0
0
0
0
579
24
2
0
0
0
0
0
0
0
578
23
1
0
0
0
0
0
0
0
577
22
0
0
0
0
0
0
0
0
576
21
1
0
0
0
0
0
0
0
575
20
0
0
0
0
0
0
0
0
574
19
4
0
0
0
0
0
0
0
573
18
3
0
0
0
0
0
0
0
572
17
2
0
0
0
0
0
0
0
571
16
1
0
0
0
0
0
0
0
570
15
0
0
0
0
0
0
0
0
569
14
3
0
0
0
0
0
0
0
568
13
2
0
0
0
0
0
0
0
567
12
1
0
0
0
0
0
0
0
566
11
0
0
0
0
0
0
0
0
565
10
0
0
0
0
0
0
0
0
564
9
4
0
0
0
0
0
0
0
563
8
3
0
0
0
0
0
0
0
562
7
2
0
0
0
0
0
0
0
561
6
1
0
0
0
0
0
0
0
560
5
0
0
0
0
0
0
0
0
559
4
0
0
0
0
0
0
0
0
558
3
0
0
0
0
0
0
0
0
557
2
0
0
0
0
0
0
0
0
556
1
0
0
0
0
0
0
0
0
555
0
0
0
0
0
0
0
0
0
554
4
0
0
0
0
0
0
0
0
553
3
0
0
0
0
0
0
0
0
552
2
0
0
0
0
0
0
0
0
551
1
0
0
0
0
0
0
0
0
550
0
0
0
0
0
0
0
0
0
549
44
4
0
0
0
0
0
0
0
548
43
3
0
0
0
0
0
0
0
547
42
2
0
0
0
0
0
0
0
546
41
1
0
0
0
0
0
0
0
545
40
0
0
0
0
0
0
0
0
544
39
0
0
0
0
0
0
0
0
543
38
3
0
0
0
0
0
0
0
542
37
2
0
0
0
0
0
0
0
541
36
1
0
0
0
0
0
0
0
540
35
0
0
0
0
0
0
0
0
539
34
4
0
0
0
0
0
0
0
538
33
3
0
0
0
0
0
0
0
537
32
2
0
0
0
0
0
0
0
536
31
1
0
0
0
0
0
0
0
535
30
0
0
0
0
0
0
0
0
534
29
1
0
0
0
0
0
0
0
533
28
0
0
0
0
0
0
0
0
532
27
2
0
0
0
0
0
0
0
531
26
1
0
0
0
0
0
0
0
530
25
0
0
0
0
0
0
0
0
529
24
4
0
0
0
0
0
0
0
528
23
3
0
0
0
0
0
0
0
527
22
2
0
0
0
0
0
0
0
526
21
1
0
0
0
0
0
0
0
525
20
0
0
0
0
0
0
0
0
524
19
2
0
0
0
0
0
0
0
523
18
1
0
0
0
0
0
0
0
522
17
0
0
0
0
0
0
0
0
521
16
1
0
0
0
0
0
0
0
520
15
0
0
0
0
0
0
0
0
519
14
4
0
0
0
0
0
0
0
518
13
3
0
0
0
0
0
0
0
517
12
2
0
0
0
0
0
0
0
516
11
1
0
0
0
0
0
0
0
515
10
0
0
0
0
0
0
0
0
514
9
3
0
0
0
0
0
0
0
513
8
2
0
0
0
0
0
0
0
512
7
1
0
0
0
0
0
0
0
511
6
0
0
0
0
0
0
0
0
510
5
0
0
0
0
0
0
0
0
509
4
0
0
0
0
0
0
0
0
508
3
0
0
0
0
0
0
0
0
507
2
0
0
0
0
0
0
0
0
506
1
0
0
0
0
0
0
0
0
505
0
0
0
0
0
0
0
0
0
504
4
0
0
0
0
0
0
0
0
503
3
0
0
0
0
0
0
0
0
502
2
0
0
0
0
0
0
0
0
501
1
0
0
0
0
0
0
0
0
500
0
0
0
0
0
0
0
0
0
499
55
0
0
0
0
0
0
0
0
498
54
4
0
0
0
0
0
0
0
497
53
3
0
0
0
0
0
0
0
496
52
2
0
0
0
0
0
0
0
495
51
1
0
0
0
0
0
0
0
494
50
0
0
0
0
0
0
0
0
493
49
3
0
0
0
0
0
0
0
492
48
2
0
0
0
0
0
0
0
491
47
1
0
0
0
0
0
0
0
490
46
0
0
0
0
0
0
0
0
489
45
1
0
0
0
0
0
0
0
488
44
0
0
0
0
0
0
0
0
487
43
3
0
0
0
0
0
0
0
486
42
2
0
0
0
0
0
0
0
485
41
1
0
0
0
0
0
0
0
484
40
0
0
0
0
0
0
0
0
483
39
3
0
0
0
0
0
0
0
482
38
2
0
0
0
0
0
0
0
481
37
1
0
0
0
0
0
0
0
480
36
0
0
0
0
0
0
0
0
479
35
2
0
0
0
0
0
0
0
478
34
1
0
0
0
0
0
0
0
477
33
0
0
0
0
0
0
0
0
476
32
2
0
0
0
0
0
0
0
475
31
1
0
0
0
0
0
0
0
474
30
0
0
0
0
0
0
0
0
473
29
3
0
0
0
0
0
0
0
472
28
2
0
0
0
0
0
0
0
471
27
1
0
0
0
0
0
0
0
470
26
0
0
0
0
0
0
0
0
469
25
3
0
0
0
0
0
0
0
468
24
2
0
0
0
0
0
0
0
467
23
1
0
0
0
0
0
0
0
466
22
0
0
0
0
0
0
0
0
465
21
1
0
0
0
0
0
0
0
464
20
0
0
0
0
0
0
0
0
463
19
3
0
0
0
0
0
0
0
462
18
2
0
0
0
0
0
0
0
461
17
1
0
0
0
0
0
0
0
460
16
0
0
0
0
0
0
0
0
459
15
4
0
0
0
0
0
0
0
458
14
3
0
0
0
0
0
0
0
457
13
2
0
0
0
0
0
0
0
456
12
1
0
0
0
0
0
0
0
455
11
0
0
0
0
0
0
0
0
454
10
0
0
0
0
0
0
0
0
453
9
3
0
0
0
0
0
0
0
452
8
2
0
0
0
0
0
0
0
451
7
1
0
0
0
0
0
0
0
450
6
0
0
0
0
0
0
0
0
449
5
0
0
0
0
0
0
0
0
448
4
0
0
0
0
0
0
0
0
447
3
0
0
0
0
0
0
0
0
446
2
0
0
0
0
0
0
0
0
445
1
0
0
0
0
0
0
0
0
444
0
0
0
0
0
0
0
0
0
443
3
0
0
0
0
0
0
0
0
442
2
0
0
0
0
0
0
0
0
441
1
0
0
0
0
0
0
0
0
440
0
0
0
0
0
0
0
0
0
439
35
5
0
0
0
0
0
0
0
438
34
4
0
0
0
0
0
0
0
437
33
3
0
0
0
0
0
0
0
436
32
2
0
0
0
0
0
0
0
435
31
1
0
0
0
0
0
0
0
434
30
0
0
0
0
0
0
0
0
433
29
0
0
0
0
0
0
0
0
432
28
2
0
0
0
0
0
0
0
431
27
1
0
0
0
0
0
0
0
430
26
0
0
0
0
0
0
0
0
429
25
5
0
0
0
0
0
0
0
428
24
4
0
0
0
0
0
0
0
427
23
3
0
0
0
0
0
0
0
426
22
2
0
0
0
0
0
0
0
425
21
1
0
0
0
0
0
0
0
424
20
0
0
0
0
0
0
0
0
423
19
1
0
0
0
0
0
0
0
422
18
0
0
0
0
0
0
0
0
421
17
1
0
0
0
0
0
0
0
420
16
0
0
0
0
0
0
0
0
419
15
5
0
0
0
0
0
0
0
418
14
4
0
0
0
0
0
0
0
417
13
3
0
0
0
0
0
0
0
416
12
2
0
0
0
0
0
0
0
415
11
1
0
0
0
0
0
0
0
414
10
0
0
0
0
0
0
0
0
413
9
2
0
0
0
0
0
0
0
412
8
1
0
0
0
0
0
0
0
411
7
0
0
0
0
0
0
0
0
410
6
0
0
0
0
0
0
0
0
409
5
0
0
0
0
0
0
0
0
408
4
0
0
0
0
0
0
0
0
407
3
0
0
0
0
0
0
0
0
406
2
0
0
0
0
0
0
0
0
405
1
0
0
0
0
0
0
0
0
404
0
0
0
0
0
0
0
0
0
403
3
0
0
0
0
0
0
0
0
402
2
0
0
0
0
0
0
0
0
401
1
0
0
0
0
0
0
0
0
400
0
0
0
0
0
0
0
0
0
399
66
0
0
0
0
0
0
0
0
398
65
5
0
0
0
0
0
0
0
397
64
4
0
0
0
0
0
0
0
396
63
3
0
0
0
0
0
0
0
395
62
2
0
0
0
0
0
0
0
394
61
1
0
0
0
0
0
0
0
393
60
0
0
0
0
0
0
0
0
392
59
2
0
0
0
0
0
0
0
391
58
1
0
0
0
0
0
0
0
390
57
0
0
0
0
0
0
0
0
389
56
1
0
0
0
0
0
0
0
388
55
0
0
0
0
0
0
0
0
387
54
4
0
0
0
0
0
0
0
386
53
3
0
0
0
0
0
0
0
385
52
2
0
0
0
0
0
0
0
384
51
1
0
0
0
0
0
0
0
383
50
0
0
0
0
0
0
0
0
382
49
2
0
0
0
0
0
0
0
381
48
1
0
0
0
0
0
0
0
380
47
0
0
0
0
0
0
0
0
379
46
2
0
0
0
0
0
0
0
378
45
1
0
0
0
0
0
0
0
377
44
0
0
0
0
0
0
0
0
376
43
3
0
0
0
0
0
0
0
375
42
2
0
0
0
0
0
0
0
374
41
1
0
0
0
0
0
0
0
373
40
0
0
0
0
0
0
0
0
372
39
2
0
0
0
0
0
0
0
371
38
1
0
0
0
0
0
0
0
370
37
0
0
0
0
0
0
0
0
369
36
3
0
0
0
0
0
0
0
368
35
2
0
0
0
0
0
0
0
367
34
1
0
0
0
0
0
0
0
366
33
0
0
0
0
0
0
0
0
365
32
2
0
0
0
0
0
0
0
364
31
1
0
0
0
0
0
0
0
363
30
0
0
0
0
0
0
0
0
362
29
2
0
0
0
0
0
0
0
361
28
1
0
0
0
0
0
0
0
360
27
0
0
0
0
0
0
0
0
359
26
4
0
0
0
0
0
0
0
358
25
3
0
0
0
0
0
0
0
357
24
2
0
0
0
0
0
0
0
356
23
1
0
0
0
0
0
0
0
355
22
0
0
0
0
0
0
0
0
354
21
1
0
0
0
0
0
0
0
353
20
0
0
0
0
0
0
0
0
352
19
2
0
0
0
0
0
0
0
351
18
1
0
0
0
0
0
0
0
350
17
0
0
0
0
0
0
0
0
349
16
5
0
0
0
0
0
0
0
348
15
4
0
0
0
0
0
0
0
347
14
3
0
0
0
0
0
0
0
346
13
2
0
0
0
0
0
0
0
345
12
1
0
0
0
0
0
0
0
344
11
0
0
0
0
0
0
0
0
343
10
0
0
0
0
0
0
0
0
342
9
2
0
0
0
0
0
0
0
341
8
1
0
0
0
0
0
0
0
340
7
0
0
0
0
0
0
0
0
339
6
0
0
0
0
0
0
0
0
338
5
0
0
0
0
0
0
0
0
337
4
0
0
0
0
0
0
0
0
336
3
0
0
0
0
0
0
0
0
335
2
0
0
0
0
0
0
0
0
334
1
0
0
0
0
0
0
0
0
333
0
0
0
0
0
0
0
0
0
332
2
0
0
0
0
0
0
0
0
331
1
0
0
0
0
0
0
0
0
330
0
0
0
0
0
0
0
0
0
329
26
6
0
0
0
0
0
0
0
328
25
5
0
0
0
0
0
0
0
327
24
4
0
0
0
0
0
0
0
326
23
3
0
0
0
0
0
0
0
325
22
2
0
0
0
0
0
0
0
324
21
1
0
0
0
0
0
0
0
323
20
0
0
0
0
0
0
0
0
322
19
0
0
0
0
0
0
0
0
321
18
1
0
0
0
0
0
0
0
320
17
0
0
0
0
0
0
0
0
319
16
6
0
0
0
0
0
0
0
318
15
5
0
0
0
0
0
0
0
317
14
4
0
0
0
0
0
0
0
316
13
3
0
0
0
0
0
0
0
315
12
2
0
0
0
0
0
0
0
314
11
1
0
0
0
0
0
0
0
313
10
0
0
0
0
0
0
0
0
312
9
1
0
0
0
0
0
0
0
311
8
0
0
0
0
0
0
0
0
310
7
0
0
0
0
0
0
0
0
309
6
0
0
0
0
0
0
0
0
308
5
0
0
0
0
0
0
0
0
307
4
0
0
0
0
0
0
0
0
306
3
0
0
0
0
0
0
0
0
305
2
0
0
0
0
0
0
0
0
304
1
0
0
0
0
0
0
0
0
303
0
0
0
0
0
0
0
0
0
302
2
0
0
0
0
0
0
0
0
301
1
0
0
0
0
0
0
0
0
300
0
0
0
0
0
0
0
0
0
299
77
0
0
0
0
0
0
0
0
298
76
6
0
0
0
0
0
0
0
297
75
5
0
0
0
0
0
0
0
296
74
4
0
0
0
0
0
0
0
295
73
3
0
0
0
0
0
0
0
294
72
2
0
0
0
0
0
0
0
293
71
1
0
0
0
0
0
0
0
292
70
0
0
0
0
0
0
0
0
291
69
1
0
0
0
0
0
0
0
290
68
0
0
0
0
0
0
0
0
289
67
1
0
0
0
0
0
0
0
288
66
0
0
0
0
0
0
0
0
287
65
5
0
0
0
0
0
0
0
286
64
4
0
0
0
0
0
0
0
285
63
3
0
0
0
0
0
0
0
284
62
2
0
0
0
0
0
0
0
283
61
1
0
0
0
0
0
0
0
282
60
0
0
0
0
0
0
0
0
281
59
1
0
0
0
0
0
0
0
280
58
0
0
0
0
0
0
0
0
279
57
2
0
0
0
0
0
0
0
278
56
1
0
0
0
0
0
0
0
277
55
0
0
0
0
0
0
0
0
276
54
4
0
0
0
0
0
0
0
275
53
3
0
0
0
0
0
0
0
274
52
2
0
0
0
0
0
0
0
273
51
1
0
0
0
0
0
0
0
272
50
0
0
0
0
0
0
0
0
271
49
1
0
0
0
0
0
0
0
270
48
0
0
0
0
0
0
0
0
269
47
3
0
0
0
0
0
0
0
268
46
2
0
0
0
0
0
0
0
267
45
1
0
0
0
0
0
0
0
266
44
0
0
0
0
0
0
0
0
265
43
3
0
0
0
0
0
0
0
264
42
2
0
0
0
0
0
0
0
263
41
1
0
0
0
0
0
0
0
262
40
0
0
0
0
0
0
0
0
261
39
1
0
0
0
0
0
0
0
260
38
0
0
0
0
0
0
0
0
259
37
4
0
0
0
0
0
0
0
258
36
3
0
0
0
0
0
0
0
257
35
2
0
0
0
0
0
0
0
256
34
1
0
0
0
0
0
0
0
255
33
0
0
0
0
0
0
0
0
254
32
2
0
0
0
0
0
0
0
253
31
1
0
0
0
0
0
0
0
252
30
0
0
0
0
0
0
0
0
251
29
1
0
0
0
0
0
0
0
250
28
0
0
0
0
0
0
0
0
249
27
5
0
0
0
0
0
0
0
248
26
4
0
0
0
0
0
0
0
247
25
3
0
0
0
0
0
0
0
246
24
2
0
0
0
0
0
0
0
245
23
1
0
0
0
0
0
0
0
244
22
0
0
0
0
0
0
0
0
243
21
1
0
0
0
0
0
0
0
242
20
0
0
0
0
0
0
0
0
241
19
1
0
0
0
0
0
0
0
240
18
0
0
0
0
0
0
0
0
239
17
6
0
0
0
0
0
0
0
238
16
5
0
0
0
0
0
0
0
237
15
4
0
0
0
0
0
0
0
236
14
3
0
0
0
0
0
0
0
235
13
2
0
0
0
0
0
0
0
234
12
1
0
0
0
0
0
0
0
233
11
0
0
0
0
0
0
0
0
232
10
0
0
0
0
0
0
0
0
231
9
1
0
0
0
0
0
0
0
230
8
0
0
0
0
0
0
0
0
229
7
0
0
0
0
0
0
0
0
228
6
0
0
0
0
0
0
0
0
227
5
0
0
0
0
0
0
0
0
226
4
0
0
0
0
0
0
0
0
225
3
0
0
0
0
0
0
0
0
224
2
0
0
0
0
0
0
0
0
223
1
0
0
0
0
0
0
0
0
222
0
0
0
0
0
0
0
0
0
221
1
0
0
0
0
0
0
0
0
220
0
0
0
0
0
0
0
0
0
219
17
7
0
0
0
0
0
0
0
218
16
6
0
0
0
0
0
0
0
217
15
5
0
0
0
0
0
0
0
216
14
4
0
0
0
0
0
0
0
215
13
3
0
0
0
0
0
0
0
214
12
2
0
0
0
0
0
0
0
213
11
1
0
0
0
0
0
0
0
212
10
0
0
0
0
0
0
0
0
211
9
0
0
0
0
0
0
0
0
210
8
0
0
0
0
0
0
0
0
209
7
0
0
0
0
0
0
0
0
208
6
0
0
0
0
0
0
0
0
207
5
0
0
0
0
0
0
0
0
206
4
0
0
0
0
0
0
0
0
205
3
0
0
0
0
0
0
0
0
204
2
0
0
0
0
0
0
0
0
203
1
0
0
0
0
0
0
0
0
202
0
0
0
0
0
0
0
0
0
201
1
0
0
0
0
0
0
0
0
200
0
0
0
0
0
0
0
0
0
199
88
0
0
0
0
0
0
0
0
198
87
7
0
0
0
0
0
0
0
197
86
6
0
0
0
0
0
0
0
196
85
5
0
0
0
0
0
0
0
195
84
4
0
0
0
0
0
0
0
194
83
3
0
0
0
0
0
0
0
193
82
2
0
0
0
0
0
0
0
192
81
1
0
0
0
0
0
0
0
191
80
0
0
0
0
0
0
0
0
190
79
0
0
0
0
0
0
0
0
189
78
1
0
0
0
0
0
0
0
188
77
0
0
0
0
0
0
0
0
187
76
6
0
0
0
0
0
0
0
186
75
5
0
0
0
0
0
0
0
185
74
4
0
0
0
0
0
0
0
184
73
3
0
0
0
0
0
0
0
183
72
2
0
0
0
0
0
0
0
182
71
1
0
0
0
0
0
0
0
181
70
0
0
0
0
0
0
0
0
180
69
0
0
0
0
0
0
0
0
179
68
2
0
0
0
0
0
0
0
178
67
1
0
0
0
0
0
0
0
177
66
0
0
0
0
0
0
0
0
176
65
5
0
0
0
0
0
0
0
175
64
4
0
0
0
0
0
0
0
174
63
3
0
0
0
0
0
0
0
173
62
2
0
0
0
0
0
0
0
172
61
1
0
0
0
0
0
0
0
171
60
0
0
0
0
0
0
0
0
170
59
0
0
0
0
0
0
0
0
169
58
3
0
0
0
0
0
0
0
168
57
2
0
0
0
0
0
0
0
167
56
1
0
0
0
0
0
0
0
166
55
0
0
0
0
0
0
0
0
165
54
4
0
0
0
0
0
0
0
164
53
3
0
0
0
0
0
0
0
163
52
2
0
0
0
0
0
0
0
162
51
1
0
0
0
0
0
0
0
161
50
0
0
0
0
0
0
0
0
160
49
0
0
0
0
0
0
0
0
159
48
4
0
0
0
0
0
0
0
158
47
3
0
0
0
0
0
0
0
157
46
2
0
0
0
0
0
0
0
156
45
1
0
0
0
0
0
0
0
155
44
0
0
0
0
0
0
0
0
154
43
3
0
0
0
0
0
0
0
153
42
2
0
0
0
0
0
0
0
152
41
1
0
0
0
0
0
0
0
151
40
0
0
0
0
0
0
0
0
150
39
0
0
0
0
0
0
0
0
149
38
5
0
0
0
0
0
0
0
148
37
4
0
0
0
0
0
0
0
147
36
3
0
0
0
0
0
0
0
146
35
2
0
0
0
0
0
0
0
145
34
1
0
0
0
0
0
0
0
144
33
0
0
0
0
0
0
0
0
143
32
2
0
0
0
0
0
0
0
142
31
1
0
0
0
0
0
0
0
141
30
0
0
0
0
0
0
0
0
140
29
0
0
0
0
0
0
0
0
139
28
6
0
0
0
0
0
0
0
138
27
5
0
0
0
0
0
0
0
137
26
4
0
0
0
0
0
0
0
136
25
3
0
0
0
0
0
0
0
135
24
2
0
0
0
0
0
0
0
134
23
1
0
0
0
0
0
0
0
133
22
0
0
0
0
0
0
0
0
132
21
1
0
0
0
0
0
0
0
131
20
0
0
0
0
0
0
0
0
130
19
0
0
0
0
0
0
0
0
129
18
7
0
0
0
0
0
0
0
128
17
6
0
0
0
0
0
0
0
127
16
5
0
0
0
0
0
0
0
126
15
4
0
0
0
0
0
0
0
125
14
3
0
0
0
0
0
0
0
124
13
2
0
0
0
0
0
0
0
123
12
1
0
0
0
0
0
0
0
122
11
0
0
0
0
0
0
0
0
121
10
0
0
0
0
0
0
0
0
120
9
0
0
0
0
0
0
0
0
119
8
0
0
0
0
0
0
0
0
118
7
0
0
0
0
0
0
0
0
117
6
0
0
0
0
0
0
0
0
116
5
0
0
0
0
0
0
0
0
115
4
0
0
0
0
0
0
0
0
114
3
0
0
0
0
0
0
0
0
113
2
0
0
0
0
0
0
0
0
112
1
0
0
0
0
0
0
0
0
111
0
0
0
0
0
0
0
0
0
110
0
0
0
0
0
0
0
0
0
109
8
0
0
0
0
0
0
0
0
108
7
0
0
0
0
0
0
0
0
107
6
0
0
0
0
0
0
0
0
106
5
0
0
0
0
0
0
0
0
105
4
0
0
0
0
0
0
0
0
104
3
0
0
0
0
0
0
0
0
103
2
0
0
0
0
0
0
0
0
102
1
0
0
0
0
0
0
0
0
101
0
0
0
0
0
0
0
0
0
100
0
0
0
0
0
0
0
0
0
99
0
0
0
0
0
0
0
0
0
98
8
0
0
0
0
0
0
0
0
97
7
0
0
0
0
0
0
0
0
96
6
0
0
0
0
0
0
0
0
95
5
0
0
0
0
0
0
0
0
94
4
0
0
0
0
0
0
0
0
93
3
0
0
0
0
0
0
0
0
92
2
0
0
0
0
0
0
0
0
91
1
0
0
0
0
0
0
0
0
90
0
0
0
0
0
0
0
0
0
89
1
0
0
0
0
0
0
0
0
88
0
0
0
0
0
0
0
0
0
87
7
0
0
0
0
0
0
0
0
86
6
0
0
0
0
0
0
0
0
85
5
0
0
0
0
0
0
0
0
84
4
0
0
0
0
0
0
0
0
83
3
0
0
0
0
0
0
0
0
82
2
0
0
0
0
0
0
0
0
81
1
0
0
0
0
0
0
0
0
80
0
0
0
0
0
0
0
0
0
79
2
0
0
0
0
0
0
0
0
78
1
0
0
0
0
0
0
0
0
77
0
0
0
0
0
0
0
0
0
76
6
0
0
0
0
0
0
0
0
75
5
0
0
0
0
0
0
0
0
74
4
0
0
0
0
0
0
0
0
73
3
0
0
0
0
0
0
0
0
72
2
0
0
0
0
0
0
0
0
71
1
0
0
0
0
0
0
0
0
70
0
0
0
0
0
0
0
0
0
69
3
0
0
0
0
0
0
0
0
68
2
0
0
0
0
0
0
0
0
67
1
0
0
0
0
0
0
0
0
66
0
0
0
0
0
0
0
0
0
65
5
0
0
0
0
0
0
0
0
64
4
0
0
0
0
0
0
0
0
63
3
0
0
0
0
0
0
0
0
62
2
0
0
0
0
0
0
0
0
61
1
0
0
0
0
0
0
0
0
60
0
0
0
0
0
0
0
0
0
59
4
0
0
0
0
0
0
0
0
58
3
0
0
0
0
0
0
0
0
57
2
0
0
0
0
0
0
0
0
56
1
0
0
0
0
0
0
0
0
55
0
0
0
0
0
0
0
0
0
54
4
0
0
0
0
0
0
0
0
53
3
0
0
0
0
0
0
0
0
52
2
0
0
0
0
0
0
0
0
51
1
0
0
0
0
0
0
0
0
50
0
0
0
0
0
0
0
0
0
49
5
0
0
0
0
0
0
0
0
48
4
0
0
0
0
0
0
0
0
47
3
0
0
0
0
0
0
0
0
46
2
0
0
0
0
0
0
0
0
45
1
0
0
0
0
0
0
0
0
44
0
0
0
0
0
0
0
0
0
43
3
0
0
0
0
0
0
0
0
42
2
0
0
0
0
0
0
0
0
41
1
0
0
0
0
0
0
0
0
40
0
0
0
0
0
0
0
0
0
39
6
0
0
0
0
0
0
0
0
38
5
0
0
0
0
0
0
0
0
37
4
0
0
0
0
0
0
0
0
36
3
0
0
0
0
0
0
0
0
35
2
0
0
0
0
0
0
0
0
34
1
0
0
0
0
0
0
0
0
33
0
0
0
0
0
0
0
0
0
32
2
0
0
0
0
0
0
0
0
31
1
0
0
0
0
0
0
0
0
30
0
0
0
0
0
0
0
0
0
29
7
0
0
0
0
0
0
0
0
28
6
0
0
0
0
0
0
0
0
27
5
0
0
0
0
0
0
0
0
26
4
0
0
0
0
0
0
0
0
25
3
0
0
0
0
0
0
0
0
24
2
0
0
0
0
0
0
0
0
23
1
0
0
0
0
0
0
0
0
22
0
0
0
0
0
0
0
0
0
21
1
0
0
0
0
0
0
0
0
20
0
0
0
0
0
0
0
0
0
19
8
0
0
0
0
0
0
0
0
18
7
0
0
0
0
0
0
0
0
17
6
0
0
0
0
0
0
0
0
16
5
0
0
0
0
0
0
0
0
15
4
0
0
0
0
0
0
0
0
14
3
0
0
0
0
0
0
0
0
13
2
0
0
0
0
0
0
0
0
12
1
0
0
0
0
0
0
0
0
11
0
0
0
0
0
0
0
0
0
10
0
0
0
0
0
0
0
0
0
9
0
0
0
0
0
0
0
0
0
8
0
0
0
0
0
0
0
0
0
7
0
0
0
0
0
0
0
0
0
6
0
0
0
0
0
0
0
0
0
5
0
0
0
0
0
0
0
0
0
4
0
0
0
0
0
0
0
0
0
3
0
0
0
0
0
0
0
0
0
2
0
0
0
0
0
0
0
0
0
1
0
0
0
0
0
0
0
0
0
0
0
0
0
0
0
0
0
0
0
111111111
0
0
0
0
0
0
0
0
0
111111110
0
0
0
0
0
0
0
0
0
111111109
8
0
0
0
0
0
0
0
0
111111108
7
0
0
0
0
0
0
0
0
111111107
6
0
0
0
0
0
0
0
0
111111106
5
0
0
0
0
0
0
0
0
111111105
4
0
0
0
0
0
0
0
0
111111104
3
0
0
0
0
0
0
0
0
111111103
2
0
0
0
0
0
0
0
0
111111102
1
0
0
0
0
0
0
0
0
111111101
0
0
0
0
0
0
0
0
0
111111100
0
0
0
0
0
0
0
0
0
111111099
88
0
0
0
0
0
0
0
0
111111098
87
0
0
0
0
0
0
0
0
111111097
86
0
0
0
0
0
0
0
0
111111096
85
0
0
0
0
0
0
0
0
111111095
84
0
0
0
0
0
0
0
0
111111094
83
0
0
0
0
0
0
0
0
111111093
82
0
0
0
0
0
0
0
0
111111092
81
0
0
0
0
0
0
0
0
111111091
80
0
0
0
0
0
0
0
0
111111090
79
0
0
0
0
0
0
0
0
111111089
78
0
0
0
0
0
0
0
0
111111088
77
7
0
0
0
0
0
0
0
111111087
76
6
0
0
0
0
0
0
0
111111086
75
5
0
0
0
0
0
0
0
111111085
74
4
0
0
0
0
0
0
0
111111084
73
3
0
0
0
0
0
0
0
111111083
72
2
0
0
0
0
0
0
0
111111082
71
1
0
0
0
0
0
0
0
111111081
70
0
0
0
0
0
0
0
0
111111080
69
0
0
0
0
0
0
0
0
111111079
68
1
0
0
0
0
0
0
0
111111078
67
0
0
0
0
0
0
0
0
111111077
66
6
0
0
0
0
0
0
0
111111076
65
5
0
0
0
0
0
0
0
111111075
64
4
0
0
0
0
0
0
0
111111074
63
3
0
0
0
0
0
0
0
111111073
62
2
0
0
0
0
0
0
0
111111072
61
1
0
0
0
0
0
0
0
111111071
60
0
0
0
0
0
0
0
0
111111070
59
0
0
0
0
0
0
0
0
111111069
58
2
0
0
0
0
0
0
0
111111068
57
1
0
0
0
0
0
0
0
111111067
56
0
0
0
0
0
0
0
0
111111066
55
5
0
0
0
0
0
0
0
111111065
54
4
0
0
0
0
0
0
0
111111064
53
3
0
0
0
0
0
0
0
111111063
52
2
0
0
0
0
0
0
0
111111062
51
1
0
0
0
0
0
0
0
111111061
50
0
0
0
0
0
0
0
0
111111060
49
0
0
0
0
0
0
0
0
111111059
48
3
0
0
0
0
0
0
0
111111058
47
2
0
0
0
0
0
0
0
111111057
46
1
0
0
0
0
0
0
0
111111056
45
0
0
0
0
0
0
0
0
111111055
44
4
0
0
0
0
0
0
0
111111054
43
3
0
0
0
0
0
0
0
111111053
42
2
0
0
0
0
0
0
0
111111052
41
1
0
0
0
0
0
0
0
111111051
40
0
0
0
0
0
0
0
0
111111050
39
0
0
0
0
0
0
0
0
111111049
38
4
0
0
0
0
0
0
0
111111048
37
3
0
0
0
0
0
0
0
111111047
36
2
0
0
0
0
0
0
0
111111046
35
1
0
0
0
0
0
0
0
111111045
34
0
0
0
0
0
0
0
0
111111044
33
3
0
0
0
0
0
0
0
111111043
32
2
0
0
0
0
0
0
0
111111042
31
1
0
0
0
0
0
0
0
111111041
30
0
0
0
0
0
0
0
0
111111040
29
0
0
0
0
0
0
0
0
111111039
28
5
0
0
0
0
0
0
0
111111038
27
4
0
0
0
0
0
0
0
111111037
26
3
0
0
0
0
0
0
0
111111036
25
2
0
0
0
0
0
0
0
111111035
24
1
0
0
0
0
0
0
0
111111034
23
0
0
0
0
0
0
0
0
111111033
22
2
0
0
0
0
0
0
0
111111032
21
1
0
0
0
0
0
0
0
111111031
20
0
0
0
0
0
0
0
0
111111030
19
0
0
0
0
0
0
0
0
111111029
18
6
0
0
0
0
0
0
0
111111028
17
5
0
0
0
0
0
0
0
111111027
16
4
0
0
0
0
0
0
0
111111026
15
3
0
0
0
0
0
0
0
111111025
14
2
0
0
0
0
0
0
0
111111024
13
1
0
0
0
0
0
0
0
111111023
12
0
0
0
0
0
0
0
0
111111022
11
1
0
0
0
0
0
0
0
111111021
10
0
0
0
0
0
0
0
0
111111020
9
0
0
0
0
0
0
0
0
111111019
8
7
0
0
0
0
0
0
0
111111018
7
6
0
0
0
0
0
0
0
111111017
6
5
0
0
0
0
0
0
0
111111016
5
4
0
0
0
0
0
0
0
111111015
4
3
0
0
0
0
0
0
0
111111014
3
2
0
0
0
0
0
0
0
111111013
2
1
0
0
0
0
0
0
0
111111012
1
0
0
0
0
0
0
0
0
111111011
0
0
0
0
0
0
0
0
0
111111010
0
0
0
0
0
0
0
0
0
111111009
8
0
0
0
0
0
0
0
0
111111008
7
0
0
0
0
0
0
0
0
111111007
6
0
0
0
0
0
0
0
0
111111006
5
0
0
0
0
0
0
0
0
111111005
4
0
0
0
0
0
0
0
0
111111004
3
0
0
0
0
0
0
0
0
111111003
2
0
0
0
0
0
0
0
0
111111002
1
0
0
0
0
0
0
0
0
111111001
0
0
0
0
0
0
0
0
0
111111000
0
0
0
0
0
0
0
0
0
111110999
888
0
0
0
0
0
0
0
0
111110998
887
0
0
0
0
0
0
0
0
111110997
886
0
0
0
0
0
0
0
0
111110996
885
0
0
0
0
0
0
0
0
111110995
884
0
0
0
0
0
0
0
0
111110994
883
0
0
0
0
0
0
0
0
111110993
882
0
0
0
0
0
0
0
0
111110992
881
0
0
0
0
0
0
0
0
111110991
880
0
0
0
0
0
0
0
0
111110990
879
0
0
0
0
0
0
0
0
111110989
878
0
0
0
0
0
0
0
0
111110988
877
7
0
0
0
0
0
0
0
111110987
876
6
0
0
0
0
0
0
0
111110986
875
5
0
0
0
0
0
0
0
111110985
874
4
0
0
0
0
0
0
0
111110984
873
3
0
0
0
0
0
0
0
111110983
872
2
0
0
0
0
0
0
0
111110982
871
1
0
0
0
0
0
0
0
111110981
870
0
0
0
0
0
0
0
0
111110980
869
0
0
0
0
0
0
0
0
111110979
868
1
0
0
0
0
0
0
0
111110978
867
0
0
0
0
0
0
0
0
111110977
866
6
0
0
0
0
0
0
0
111110976
865
5
0
0
0
0
0
0
0
111110975
864
4
0
0
0
0
0
0
0
111110974
863
3
0
0
0
0
0
0
0
111110973
862
2
0
0
0
0
0
0
0
111110972
861
1
0
0
0
0
0
0
0
111110971
860
0
0
0
0
0
0
0
0
111110970
859
0
0
0
0
0
0
0
0
111110969
858
2
0
0
0
0
0
0
0
111110968
857
1
0
0
0
0
0
0
0
111110967
856
0
0
0
0
0
0
0
0
111110966
855
5
0
0
0
0
0
0
0
111110965
854
4
0
0
0
0
0
0
0
111110964
853
3
0
0
0
0
0
0
0
111110963
852
2
0
0
0
0
0
0
0
111110962
851
1
0
0
0
0
0
0
0
111110961
850
0
0
0
0
0
0
0
0
111110960
849
0
0
0
0
0
0
0
0
111110959
848
3
0
0
0
0
0
0
0
111110958
847
2
0
0
0
0
0
0
0
111110957
846
1
0
0
0
0
0
0
0
111110956
845
0
0
0
0
0
0
0
0
111110955
844
4
0
0
0
0
0
0
0
111110954
843
3
0
0
0
0
0
0
0
111110953
842
2
0
0
0
0
0
0
0
111110952
841
1
0
0
0
0
0
0
0
111110951
840
0
0
0
0
0
0
0
0
111110950
839
0
0
0
0
0
0
0
0
111110949
838
4
0
0
0
0
0
0
0
111110948
837
3
0
0
0
0
0
0
0
111110947
836
2
0
0
0
0
0
0
0
111110946
835
1
0
0
0
0
0
0
0
111110945
834
0
0
0
0
0
0
0
0
111110944
833
3
0
0
0
0
0
0
0
111110943
832
2
0
0
0
0
0
0
0
111110942
831
1
0
0
0
0
0
0
0
111110941
830
0
0
0
0
0
0
0
0
111110940
829
0
0
0
0
0
0
0
0
111110939
828
5
0
0
0
0
0
0
0
111110938
827
4
0
0
0
0
0
0
0
111110937
826
3
0
0
0
0
0
0
0
111110936
825
2
0
0
0
0
0
0
0
111110935
824
1
0
0
0
0
0
0
0
111110934
823
0
0
0
0
0
0
0
0
111110933
822
2
0
0
0
0
0
0
0
111110932
821
1
0
0
0
0
0
0
0
111110931
820
0
0
0
0
0
0
0
0
111110930
819
0
0
0
0
0
0
0
0
111110929
818
6
0
0
0
0
0
0
0
111110928
817
5
0
0
0
0
0
0
0
111110927
816
4
0
0
0
0
0
0
0
111110926
815
3
0
0
0
0
0
0
0
111110925
814
2
0
0
0
0
0
0
0
111110924
813
1
0
0
0
0
0
0
0
111110923
812
0
0
0
0
0
0
0
0
111110922
811
1
0
0
0
0
0
0
0
111110921
810
0
0
0
0
0
0
0
0
111110920
809
0
0
0
0
0
0
0
0
111110919
808
7
0
0
0
0
0
0
0
111110918
807
6
0
0
0
0
0
0
0
111110917
806
5
0
0
0
0
0
0
0
111110916
805
4
0
0
0
0
0
0
0
111110915
804
3
0
0
0
0
0
0
0
111110914
803
2
0
0
0
0
0
0
0
111110913
802
1
0
0
0
0
0
0
0
111110912
801
0
0
0
0
0
0
0
0
111110911
800
0
0
0
0
0
0
0
0
111110910
799
0
0
0
0
0
0
0
0
111110909
798
0
0
0
0
0
0
0
0
111110908
797
7
0
0
0
0
0
0
0
111110907
796
6
0
0
0
0
0
0
0
111110906
795
5
0
0
0
0
0
0
0
111110905
794
4
0
0
0
0
0
0
0
111110904
793
3
0
0
0
0
0
0
0
111110903
792
2
0
0
0
0
0
0
0
111110902
791
1
0
0
0
0
0
0
0
111110901
790
0
0
0
0
0
0
0
0
111110900
789
0
0
0
0
0
0
0
0
111110899
788
0
0
0
0
0
0
0
0
111110898
787
7
0
0
0
0
0
0
0
111110897
786
6
0
0
0
0
0
0
0
111110896
785
5
0
0
0
0
0
0
0
111110895
784
4
0
0
0
0
0
0
0
111110894
783
3
0
0
0
0
0
0
0
111110893
782
2
0
0
0
0
0
0
0
111110892
781
1
0
0
0
0
0
0
0
111110891
780
0
0
0
0
0
0
0
0
111110890
779
0
0
0
0
0
0
0
0
111110889
778
0
0
0
0
0
0
0
0
111110888
777
77
0
0
0
0
0
0
0
111110887
776
76
0
0
0
0
0
0
0
111110886
775
75
0
0
0
0
0
0
0
111110885
774
74
0
0
0
0
0
0
0
111110884
773
73
0
0
0
0
0
0
0
111110883
772
72
0
0
0
0
0
0
0
111110882
771
71
0
0
0
0
0
0
0
111110881
770
70
0
0
0
0
0
0
0
111110880
769
69
0
0
0
0
0
0
0
111110879
768
68
0
0
0
0
0
0
0
111110878
767
67
0
0
0
0
0
0
0
111110877
766
66
6
0
0
0
0
0
0
111110876
765
65
5
0
0
0
0
0
0
111110875
764
64
4
0
0
0
0
0
0
111110874
763
63
3
0
0
0
0
0
0
111110873
762
62
2
0
0
0
0
0
0
111110872
761
61
1
0
0
0
0
0
0
111110871
760
60
0
0
0
0
0
0
0
111110870
759
59
0
0
0
0
0
0
0
111110869
758
58
0
0
0
0
0
0
0
111110868
757
57
1
0
0
0
0
0
0
111110867
756
56
0
0
0
0
0
0
0
111110866
755
55
5
0
0
0
0
0
0
111110865
754
54
4
0
0
0
0
0
0
111110864
753
53
3
0
0
0
0
0
0
111110863
752
52
2
0
0
0
0
0
0
111110862
751
51
1
0
0
0
0
0
0
111110861
750
50
0
0
0
0
0
0
0
111110860
749
49
0
0
0
0
0
0
0
111110859
748
48
0
0
0
0
0
0
0
111110858
747
47
2
0
0
0
0
0
0
111110857
746
46
1
0
0
0
0
0
0
111110856
745
45
0
0
0
0
0
0
0
111110855
744
44
4
0
0
0
0
0
0
111110854
743
43
3
0
0
0
0
0
0
111110853
742
42
2
0
0
0
0
0
0
111110852
741
41
1
0
0
0
0
0
0
111110851
740
40
0
0
0
0
0
0
0
111110850
739
39
0
0
0
0
0
0
0
111110849
738
38
0
0
0
0
0
0
0
111110848
737
37
3
0
0
0
0
0
0
111110847
736
36
2
0
0
0
0
0
0
111110846
735
35
1
0
0
0
0
0
0
111110845
734
34
0
0
0
0
0
0
0
111110844
733
33
3
0
0
0
0
0
0
111110843
732
32
2
0
0
0
0
0
0
111110842
731
31
1
0
0
0
0
0
0
111110841
730
30
0
0
0
0
0
0
0
111110840
729
29
0
0
0
0
0
0
0
111110839
728
28
0
0
0
0
0
0
0
111110838
727
27
4
0
0
0
0
0
0
111110837
726
26
3
0
0
0
0
0
0
111110836
725
25
2
0
0
0
0
0
0
111110835
724
24
1
0
0
0
0
0
0
111110834
723
23
0
0
0
0
0
0
0
111110833
722
22
2
0
0
0
0
0
0
111110832
721
21
1
0
0
0
0
0
0
111110831
720
20
0
0
0
0
0
0
0
111110830
719
19
0
0
0
0
0
0
0
111110829
718
18
0
0
0
0
0
0
0
111110828
717
17
5
0
0
0
0
0
0
111110827
716
16
4
0
0
0
0
0
0
111110826
715
15
3
0
0
0
0
0
0
111110825
714
14
2
0
0
0
0
0
0
111110824
713
13
1
0
0
0
0
0
0
111110823
712
12
0
0
0
0
0
0
0
111110822
711
11
1
0
0
0
0
0
0
111110821
710
10
0
0
0
0
0
0
0
111110820
709
9
0
0
0
0
0
0
0
111110819
708
8
0
0
0
0
0
0
0
111110818
707
7
6
0
0
0
0
0
0
111110817
706
6
5
0
0
0
0
0
0
111110816
705
5
4
0
0
0
0
0
0
111110815
704
4
3
0
0
0
0
0
0
111110814
703
3
2
0
0
0
0
0
0
111110813
702
2
1
0
0
0
0
0
0
111110812
701
1
0
0
0
0
0
0
0
111110811
700
0
0
0
0
0
0
0
0
111110810
699
0
0
0
0
0
0
0
0
111110809
698
1
0
0
0
0
0
0
0
111110808
697
0
0
0
0
0
0
0
0
111110807
696
6
0
0
0
0
0
0
0
111110806
695
5
0
0
0
0
0
0
0
111110805
694
4
0
0
0
0
0
0
0
111110804
693
3
0
0
0
0
0
0
0
111110803
692
2
0
0
0
0
0
0
0
111110802
691
1
0
0
0
0
0
0
0
111110801
690
0
0
0
0
0
0
0
0
111110800
689
0
0
0
0
0
0
0
0
111110799
688
1
0
0
0
0
0
0
0
111110798
687
0
0
0
0
0
0
0
0
111110797
686
16
0
0
0
0
0
0
0
111110796
685
15
0
0
0
0
0
0
0
111110795
684
14
0
0
0
0
0
0
0
111110794
683
13
0
0
0
0
0
0
0
111110793
682
12
0
0
0
0
0
0
0
111110792
681
11
0
0
0
0
0
0
0
111110791
680
10
0
0
0
0
0
0
0
111110790
679
9
0
0
0
0
0
0
0
111110789
678
8
0
0
0
0
0
0
0
111110788
677
7
0
0
0
0
0
0
0
111110787
676
6
6
0
0
0
0
0
0
111110786
675
5
5
0
0
0
0
0
0
111110785
674
4
4
0
0
0
0
0
0
111110784
673
3
3
0
0
0
0
0
0
111110783
672
2
2
0
0
0
0
0
0
111110782
671
1
1
0
0
0
0
0
0
111110781
670
0
0
0
0
0
0
0
0
111110780
669
0
0
0
0
0
0
0
0
111110779
668
1
0
0
0
0
0
0
0
111110778
667
0
0
0
0
0
0
0
0
111110777
666
66
0
0
0
0
0
0
0
111110776
665
65
0
0
0
0
0
0
0
111110775
664
64
0
0
0
0
0
0
0
111110774
663
63
0
0
0
0
0
0
0
111110773
662
62
0
0
0
0
0
0
0
111110772
661
61
0
0
0
0
0
0
0
111110771
660
60
0
0
0
0
0
0
0
111110770
659
59
0
0
0
0
0
0
0
111110769
658
58
1
0
0
0
0
0
0
111110768
657
57
0
0
0
0
0
0
0
111110767
656
56
0
0
0
0
0
0
0
111110766
655
55
5
0
0
0
0
0
0
111110765
654
54
4
0
0
0
0
0
0
111110764
653
53
3
0
0
0
0
0
0
111110763
652
52
2
0
0
0
0
0
0
111110762
651
51
1
0
0
0
0
0
0
111110761
650
50
0
0
0
0
0
0
0
111110760
649
49
0
0
0
0
0
0
0
111110759
648
48
1
0
0
0
0
0
0
111110758
647
47
0
0
0
0
0
0
0
111110757
646
46
1
0
0
0
0
0
0
111110756
645
45
0
0
0
0
0
0
0
111110755
644
44
4
0
0
0
0
0
0
111110754
643
43
3
0
0
0
0
0
0
111110753
642
42
2
0
0
0
0
0
0
111110752
641
41
1
0
0
0
0
0
0
111110751
640
40
0
0
0
0
0
0
0
111110750
639
39
0
0
0
0
0
0
0
111110749
638
38
1
0
0
0
0
0
0
111110748
637
37
0
0
0
0
0
0
0
111110747
636
36
2
0
0
0
0
0
0
111110746
635
35
1
0
0
0
0
0
0
111110745
634
34
0
0
0
0
0
0
0
111110744
633
33
3
0
0
0
0
0
0
111110743
632
32
2
0
0
0
0
0
0
111110742
631
31
1
0
0
0
0
0
0
111110741
630
30
0
0
0
0
0
0
0
111110740
629
29
0
0
0
0
0
0
0
111110739
628
28
1
0
0
0
0
0
0
111110738
627
27
0
0
0
0
0
0
0
111110737
626
26
3
0
0
0
0
0
0
111110736
625
25
2
0
0
0
0
0
0
111110735
624
24
1
0
0
0
0
0
0
111110734
623
23
0
0
0
0
0
0
0
111110733
622
22
2
0
0
0
0
0
0
111110732
621
21
1
0
0
0
0
0
0
111110731
620
20
0
0
0
0
0
0
0
111110730
619
19
0
0
0
0
0
0
0
111110729
618
18
1
0
0
0
0
0
0
111110728
617
17
0
0
0
0
0
0
0
111110727
616
16
4
0
0
0
0
0
0
111110726
615
15
3
0
0
0
0
0
0
111110725
614
14
2
0
0
0
0
0
0
111110724
613
13
1
0
0
0
0
0
0
111110723
612
12
0
0
0
0
0
0
0
111110722
611
11
1
0
0
0
0
0
0
111110721
610
10
0
0
0
0
0
0
0
111110720
609
9
0
0
0
0
0
0
0
111110719
608
8
1
0
0
0
0
0
0
111110718
607
7
0
0
0
0
0
0
0
111110717
606
6
5
0
0
0
0
0
0
111110716
605
5
4
0
0
0
0
0
0
111110715
604
4
3
0
0
0
0
0
0
111110714
603
3
2
0
0
0
0
0
0
111110713
602
2
1
0
0
0
0
0
0
111110712
601
1
0
0
0
0
0
0
0
111110711
600
0
0
0
0
0
0
0
0
111110710
599
0
0
0
0
0
0
0
0
111110709
598
2
0
0
0
0
0
0
0
111110708
597
1
0
0
0
0
0
0
0
111110707
596
0
0
0
0
0
0
0
0
111110706
595
5
0
0
0
0
0
0
0
111110705
594
4
0
0
0
0
0
0
0
111110704
593
3
0
0
0
0
0
0
0
111110703
592
2
0
0
0
0
0
0
0
111110702
591
1
0
0
0
0
0
0
0
111110701
590
0
0
0
0
0
0
0
0
111110700
589
0
0
0
0
0
0
0
0
111110699
588
2
0
0
0
0
0
0
0
111110698
587
1
0
0
0
0
0
0
0
111110697
586
0
0
0
0
0
0
0
0
111110696
585
25
0
0
0
0
0
0
0
111110695
584
24
0
0
0
0
0
0
0
111110694
583
23
0
0
0
0
0
0
0
111110693
582
22
0
0
0
0
0
0
0
111110692
581
21
0
0
0
0
0
0
0
111110691
580
20
0
0
0
0
0
0
0
111110690
579
19
0
0
0
0
0
0
0
111110689
578
18
0
0
0
0
0
0
0
111110688
577
17
1
0
0
0
0
0
0
111110687
576
16
0
0
0
0
0
0
0
111110686
575
15
5
0
0
0
0
0
0
111110685
574
14
4
0
0
0
0
0
0
111110684
573
13
3
0
0
0
0
0
0
111110683
572
12
2
0
0
0
0
0
0
111110682
571
11
1
0
0
0
0
0
0
111110681
570
10
0
0
0
0
0
0
0
111110680
569
9
0
0
0
0
0
0
0
111110679
568
8
1
0
0
0
0
0
0
111110678
567
7
0
0
0
0
0
0
0
111110677
566
6
0
0
0
0
0
0
0
111110676
565
5
5
0
0
0
0
0
0
111110675
564
4
4
0
0
0
0
0
0
111110674
563
3
3
0
0
0
0
0
0
111110673
562
2
2
0
0
0
0
0
0
111110672
561
1
1
0
0
0
0
0
0
111110671
560
0
0
0
0
0
0
0
0
111110670
559
0
0
0
0
0
0
0
0
111110669
558
2
0
0
0
0
0
0
0
111110668
557
1
0
0
0
0
0
0
0
111110667
556
0
0
0
0
0
0
0
0
111110666
555
55
0
0
0
0
0
0
0
111110665
554
54
0
0
0
0
0
0
0
111110664
553
53
0
0
0
0
0
0
0
111110663
552
52
0
0
0
0
0
0
0
111110662
551
51
0
0
0
0
0
0
0
111110661
550
50
0
0
0
0
0
0
0
111110660
549
49
0
0
0
0
0
0
0
111110659
548
48
2
0
0
0
0
0
0
111110658
547
47
1
0
0
0
0
0
0
111110657
546
46
0
0
0
0
0
0
0
111110656
545
45
0
0
0
0
0
0
0
111110655
544
44
4
0
0
0
0
0
0
111110654
543
43
3
0
0
0
0
0
0
111110653
542
42
2
0
0
0
0
0
0
111110652
541
41
1
0
0
0
0
0
0
111110651
540
40
0
0
0
0
0
0
0
111110650
539
39
0
0
0
0
0
0
0
111110649
538
38
2
0
0
0
0
0
0
111110648
537
37
1
0
0
0
0
0
0
111110647
536
36
0
0
0
0
0
0
0
111110646
535
35
1
0
0
0
0
0
0
111110645
534
34
0
0
0
0
0
0
0
111110644
533
33
3
0
0
0
0
0
0
111110643
532
32
2
0
0
0
0
0
0
111110642
531
31
1
0
0
0
0
0
0
111110641
530
30
0
0
0
0
0
0
0
111110640
529
29
0
0
0
0
0
0
0
111110639
528
28
2
0
0
0
0
0
0
111110638
527
27
1
0
0
0
0
0
0
111110637
526
26
0
0
0
0
0
0
0
111110636
525
25
2
0
0
0
0
0
0
111110635
524
24
1
0
0
0
0
0
0
111110634
523
23
0
0
0
0
0
0
0
111110633
522
22
2
0
0
0
0
0
0
111110632
521
21
1
0
0
0
0
0
0
111110631
520
20
0
0
0
0
0
0
0
111110630
519
19
0
0
0
0
0
0
0
111110629
518
18
2
0
0
0
0
0
0
111110628
517
17
1
0
0
0
0
0
0
111110627
516
16
0
0
0
0
0
0
0
111110626
515
15
3
0
0
0
0
0
0
111110625
514
14
2
0
0
0
0
0
0
111110624
513
13
1
0
0
0
0
0
0
111110623
512
12
0
0
0
0
0
0
0
111110622
511
11
1
0
0
0
0
0
0
111110621
510
10
0
0
0
0
0
0
0
111110620
509
9
0
0
0
0
0
0
0
111110619
508
8
2
0
0
0
0
0
0
111110618
507
7
1
0
0
0
0
0
0
111110617
506
6
0
0
0
0
0
0
0
111110616
505
5
4
0
0
0
0
0
0
111110615
504
4
3
0
0
0
0
0
0
111110614
503
3
2
0
0
0
0
0
0
111110613
502
2
1
0
0
0
0
0
0
111110612
501
1
0
0
0
0
0
0
0
111110611
500
0
0
0
0
0
0
0
0
111110610
499
0
0
0
0
0
0
0
0
111110609
498
3
0
0
0
0
0
0
0
111110608
497
2
0
0
0
0
0
0
0
111110607
496
1
0
0
0
0
0
0
0
111110606
495
0
0
0
0
0
0
0
0
111110605
494
4
0
0
0
0
0
0
0
111110604
493
3
0
0
0
0
0
0
0
111110603
492
2
0
0
0
0
0
0
0
111110602
491
1
0
0
0
0
0
0
0
111110601
490
0
0
0
0
0
0
0
0
111110600
489
0
0
0
0
0
0
0
0
111110599
488
3
0
0
0
0
0
0
0
111110598
487
2
0
0
0
0
0
0
0
111110597
486
1
0
0
0
0
0
0
0
111110596
485
0
0
0
0
0
0
0
0
111110595
484
34
0
0
0
0
0
0
0
111110594
483
33
0
0
0
0
0
0
0
111110593
482
32
0
0
0
0
0
0
0
111110592
481
31
0
0
0
0
0
0
0
111110591
480
30
0
0
0
0
0
0
0
111110590
479
29
0
0
0
0
0
0
0
111110589
478
28
0
0
0
0
0
0
0
111110588
477
27
2
0
0
0
0
0
0
111110587
476
26
1
0
0
0
0
0
0
111110586
475
25
0
0
0
0
0
0
0
111110585
474
24
4
0
0
0
0
0
0
111110584
473
23
3
0
0
0
0
0
0
111110583
472
22
2
0
0
0
0
0
0
111110582
471
21
1
0
0
0
0
0
0
111110581
470
20
0
0
0
0
0
0
0
111110580
469
19
0
0
0
0
0
0
0
111110579
468
18
1
0
0
0
0
0
0
111110578
467
17
0
0
0
0
0
0
0
111110577
466
16
1
0
0
0
0
0
0
111110576
465
15
0
0
0
0
0
0
0
111110575
464
14
4
0
0
0
0
0
0
111110574
463
13
3
0
0
0
0
0
0
111110573
462
12
2
0
0
0
0
0
0
111110572
461
11
1
0
0
0
0
0
0
111110571
460
10
0
0
0
0
0
0
0
111110570
459
9
0
0
0
0
0
0
0
111110569
458
8
2
0
0
0
0
0
0
111110568
457
7
1
0
0
0
0
0
0
111110567
456
6
0
0
0
0
0
0
0
111110566
455
5
0
0
0
0
0
0
0
111110565
454
4
4
0
0
0
0
0
0
111110564
453
3
3
0
0
0
0
0
0
111110563
452
2
2
0
0
0
0
0
0
111110562
451
1
1
0
0
0
0
0
0
111110561
450
0
0
0
0
0
0
0
0
111110560
449
0
0
0
0
0
0
0
0
111110559
448
3
0
0
0
0
0
0
0
111110558
447
2
0
0
0
0
0
0
0
111110557
446
1
0
0
0
0
0
0
0
111110556
445
0
0
0
0
0
0
0
0
111110555
444
44
0
0
0
0
0
0
0
111110554
443
43
0
0
0
0
0
0
0
111110553
442
42
0
0
0
0
0
0
0
111110552
441
41
0
0
0
0
0
0
0
111110551
440
40
0
0
0
0
0
0
0
111110550
439
39
0
0
0
0
0
0
0
111110549
438
38
3
0
0
0
0
0
0
111110548
437
37
2
0
0
0
0
0
0
111110547
436
36
1
0
0
0
0
0
0
111110546
435
35
0
0
0
0
0
0
0
111110545
434
34
0
0
0
0
0
0
0
111110544
433
33
3
0
0
0
0
0
0
111110543
432
32
2
0
0
0
0
0
0
111110542
431
31
1
0
0
0
0
0
0
111110541
430
30
0
0
0
0
0
0
0
111110540
429
29
0
0
0
0
0
0
0
111110539
428
28
3
0
0
0
0
0
0
111110538
427
27
2
0
0
0
0
0
0
111110537
426
26
1
0
0
0
0
0
0
111110536
425
25
0
0
0
0
0
0
0
111110535
424
24
1
0
0
0
0
0
0
111110534
423
23
0
0
0
0
0
0
0
111110533
422
22
2
0
0
0
0
0
0
111110532
421
21
1
0
0
0
0
0
0
111110531
420
20
0
0
0
0
0
0
0
111110530
419
19
0
0
0
0
0
0
0
111110529
418
18
3
0
0
0
0
0
0
111110528
417
17
2
0
0
0
0
0
0
111110527
416
16
1
0
0
0
0
0
0
111110526
415
15
0
0
0
0
0
0
0
111110525
414
14
2
0
0
0
0
0
0
111110524
413
13
1
0
0
0
0
0
0
111110523
412
12
0
0
0
0
0
0
0
111110522
411
11
1
0
0
0
0
0
0
111110521
410
10
0
0
0
0
0
0
0
111110520
409
9
0
0
0
0
0
0
0
111110519
408
8
3
0
0
0
0
0
0
111110518
407
7
2
0
0
0
0
0
0
111110517
406
6
1
0
0
0
0
0
0
111110516
405
5
0
0
0
0
0
0
0
111110515
404
4
3
0
0
0
0
0
0
111110514
403
3
2
0
0
0
0
0
0
111110513
402
2
1
0
0
0
0
0
0
111110512
401
1
0
0
0
0
0
0
0
111110511
400
0
0
0
0
0
0
0
0
111110510
399
0
0
0
0
0
0
0
0
111110509
398
4
0
0
0
0
0
0
0
111110508
397
3
0
0
0
0
0
0
0
111110507
396
2
0
0
0
0
0
0
0
111110506
395
1
0
0
0
0
0
0
0
111110505
394
0
0
0
0
0
0
0
0
111110504
393
3
0
0
0
0
0
0
0
111110503
392
2
0
0
0
0
0
0
0
111110502
391
1
0
0
0
0
0
0
0
111110501
390
0
0
0
0
0
0
0
0
111110500
389
0
0
0
0
0
0
0
0
111110499
388
4
0
0
0
0
0
0
0
111110498
387
3
0
0
0
0
0
0
0
111110497
386
2
0
0
0
0
0
0
0
111110496
385
1
0
0
0
0
0
0
0
111110495
384
0
0
0
0
0
0
0
0
111110494
383
43
0
0
0
0
0
0
0
111110493
382
42
0
0
0
0
0
0
0
111110492
381
41
0
0
0
0
0
0
0
111110491
380
40
0
0
0
0
0
0
0
111110490
379
39
0
0
0
0
0
0
0
111110489
378
38
0
0
0
0
0
0
0
111110488
377
37
3
0
0
0
0
0
0
111110487
376
36
2
0
0
0
0
0
0
111110486
375
35
1
0
0
0
0
0
0
111110485
374
34
0
0
0
0
0
0
0
111110484
373
33
3
0
0
0
0
0
0
111110483
372
32
2
0
0
0
0
0
0
111110482
371
31
1
0
0
0
0
0
0
111110481
370
30
0
0
0
0
0
0
0
111110480
369
29
0
0
0
0
0
0
0
111110479
368
28
1
0
0
0
0
0
0
111110478
367
27
0
0
0
0
0
0
0
111110477
366
26
2
0
0
0
0
0
0
111110476
365
25
1
0
0
0
0
0
0
111110475
364
24
0
0
0
0
0
0
0
111110474
363
23
3
0
0
0
0
0
0
111110473
362
22
2
0
0
0
0
0
0
111110472
361
21
1
0
0
0
0
0
0
111110471
360
20
0
0
0
0
0
0
0
111110470
359
19
0
0
0
0
0
0
0
111110469
358
18
2
0
0
0
0
0
0
111110468
357
17
1
0
0
0
0
0
0
111110467
356
16
0
0
0
0
0
0
0
111110466
355
15
1
0
0
0
0
0
0
111110465
354
14
0
0
0
0
0
0
0
111110464
353
13
3
0
0
0
0
0
0
111110463
352
12
2
0
0
0
0
0
0
111110462
351
11
1
0
0
0
0
0
0
111110461
350
10
0
0
0
0
0
0
0
111110460
349
9
0
0
0
0
0
0
0
111110459
348
8
3
0
0
0
0
0
0
111110458
347
7
2
0
0
0
0
0
0
111110457
346
6
1
0
0
0
0
0
0
111110456
345
5
0
0
0
0
0
0
0
111110455
344
4
0
0
0
0
0
0
0
111110454
343
3
3
0
0
0
0
0
0
111110453
342
2
2
0
0
0
0
0
0
111110452
341
1
1
0
0
0
0
0
0
111110451
340
0
0
0
0
0
0
0
0
111110450
339
0
0
0
0
0
0
0
0
111110449
338
4
0
0
0
0
0
0
0
111110448
337
3
0
0
0
0
0
0
0
111110447
336
2
0
0
0
0
0
0
0
111110446
335
1
0
0
0
0
0
0
0
111110445
334
0
0
0
0
0
0
0
0
111110444
333
33
0
0
0
0
0
0
0
111110443
332
32
0
0
0
0
0
0
0
111110442
331
31
0
0
0
0
0
0
0
111110441
330
30
0
0
0
0
0
0
0
111110440
329
29
0
0
0
0
0
0
0
111110439
328
28
4
0
0
0
0
0
0
111110438
327
27
3
0
0
0
0
0
0
111110437
326
26
2
0
0
0
0
0
0
111110436
325
25
1
0
0
0
0
0
0
111110435
324
24
0
0
0
0
0
0
0
111110434
323
23
0
0
0
0
0
0
0
111110433
322
22
2
0
0
0
0
0
0
111110432
321
21
1
0
0
0
0
0
0
111110431
320
20
0
0
0
0
0
0
0
111110430
319
19
0
0
0
0
0
0
0
111110429
318
18
4
0
0
0
0
0
0
111110428
317
17
3
0
0
0
0
0
0
111110427
316
16
2
0
0
0
0
0
0
111110426
315
15
1
0
0
0
0
0
0
111110425
314
14
0
0
0
0
0
0
0
111110424
313
13
1
0
0
0
0
0
0
111110423
312
12
0
0
0
0
0
0
0
111110422
311
11
1
0
0
0
0
0
0
111110421
310
10
0
0
0
0
0
0
0
111110420
309
9
0
0
0
0
0
0
0
111110419
308
8
4
0
0
0
0
0
0
111110418
307
7
3
0
0
0
0
0
0
111110417
306
6
2
0
0
0
0
0
0
111110416
305
5
1
0
0
0
0
0
0
111110415
304
4
0
0
0
0
0
0
0
111110414
303
3
2
0
0
0
0
0
0
111110413
302
2
1
0
0
0
0
0
0
111110412
301
1
0
0
0
0
0
0
0
111110411
300
0
0
0
0
0
0
0
0
111110410
299
0
0
0
0
0
0
0
0
111110409
298
5
0
0
0
0
0
0
0
111110408
297
4
0
0
0
0
0
0
0
111110407
296
3
0
0
0
0
0
0
0
111110406
295
2
0
0
0
0
0
0
0
111110405
294
1
0
0
0
0
0
0
0
111110404
293
0
0
0
0
0
0
0
0
111110403
292
2
0
0
0
0
0
0
0
111110402
291
1
0
0
0
0
0
0
0
111110401
290
0
0
0
0
0
0
0
0
111110400
289
0
0
0
0
0
0
0
0
111110399
288
5
0
0
0
0
0
0
0
111110398
287
4
0
0
0
0
0
0
0
111110397
286
3
0
0
0
0
0
0
0
111110396
285
2
0
0
0
0
0
0
0
111110395
284
1
0
0
0
0
0
0
0
111110394
283
0
0
0
0
0
0
0
0
111110393
282
52
0
0
0
0
0
0
0
111110392
281
51
0
0
0
0
0
0
0
111110391
280
50
0
0
0
0
0
0
0
111110390
279
49
0
0
0
0
0
0
0
111110389
278
48
0
0
0
0
0
0
0
111110388
277
47
4
0
0
0
0
0
0
111110387
276
46
3
0
0
0
0
0
0
111110386
275
45
2
0
0
0
0
0
0
111110385
274
44
1
0
0
0
0
0
0
111110384
273
43
0
0
0
0
0
0
0
111110383
272
42
2
0
0
0
0
0
0
111110382
271
41
1
0
0
0
0
0
0
111110381
270
40
0
0
0
0
0
0
0
111110380
269
39
0
0
0
0
0
0
0
111110379
268
38
1
0
0
0
0
0
0
111110378
267
37
0
0
0
0
0
0
0
111110377
266
36
3
0
0
0
0
0
0
111110376
265
35
2
0
0
0
0
0
0
111110375
264
34
1
0
0
0
0
0
0
111110374
263
33
0
0
0
0
0
0
0
111110373
262
32
2
0
0
0
0
0
0
111110372
261
31
1
0
0
0
0
0
0
111110371
260
30
0
0
0
0
0
0
0
111110370
259
29
0
0
0
0
0
0
0
111110369
258
28
2
0
0
0
0
0
0
111110368
257
27
1
0
0
0
0
0
0
111110367
256
26
0
0
0
0
0
0
0
111110366
255
25
2
0
0
0
0
0
0
111110365
254
24
1
0
0
0
0
0
0
111110364
253
23
0
0
0
0
0
0
0
111110363
252
22
2
0
0
0
0
0
0
111110362
251
21
1
0
0
0
0
0
0
111110361
250
20
0
0
0
0
0
0
0
111110360
249
19
0
0
0
0
0
0
0
111110359
248
18
3
0
0
0
0
0
0
111110358
247
17
2
0
0
0
0
0
0
111110357
246
16
1
0
0
0
0
0
0
111110356
245
15
0
0
0
0
0
0
0
111110355
244
14
1
0
0
0
0
0
0
111110354
243
13
0
0
0
0
0
0
0
111110353
242
12
2
0
0
0
0
0
0
111110352
241
11
1
0
0
0
0
0
0
111110351
240
10
0
0
0
0
0
0
0
111110350
239
9
0
0
0
0
0
0
0
111110349
238
8
4
0
0
0
0
0
0
111110348
237
7
3
0
0
0
0
0
0
111110347
236
6
2
0
0
0
0
0
0
111110346
235
5
1
0
0
0
0
0
0
111110345
234
4
0
0
0
0
0
0
0
111110344
233
3
0
0
0
0
0
0
0
111110343
232
2
2
0
0
0
0
0
0
111110342
231
1
1
0
0
0
0
0
0
111110341
230
0
0
0
0
0
0
0
0
111110340
229
0
0
0
0
0
0
0
0
111110339
228
5
0
0
0
0
0
0
0
111110338
227
4
0
0
0
0
0
0
0
111110337
226
3
0
0
0
0
0
0
0
111110336
225
2
0
0
0
0
0
0
0
111110335
224
1
0
0
0
0
0
0
0
111110334
223
0
0
0
0
0
0
0
0
111110333
222
22
0
0
0
0
0
0
0
111110332
221
21
0
0
0
0
0
0
0
111110331
220
20
0
0
0
0
0
0
0
111110330
219
19
0
0
0
0
0
0
0
111110329
218
18
5
0
0
0
0
0
0
111110328
217
17
4
0
0
0
0
0
0
111110327
216
16
3
0
0
0
0
0
0
111110326
215
15
2
0
0
0
0
0
0
111110325
214
14
1
0
0
0
0
0
0
111110324
213
13
0
0
0
0
0
0
0
111110323
212
12
0
0
0
0
0
0
0
111110322
211
11
1
0
0
0
0
0
0
111110321
210
10
0
0
0
0
0
0
0
111110320
209
9
0
0
0
0
0
0
0
111110319
208
8
5
0
0
0
0
0
0
111110318
207
7
4
0
0
0
0
0
0
111110317
206
6
3
0
0
0
0
0
0
111110316
205
5
2
0
0
0
0
0
0
111110315
204
4
1
0
0
0
0
0
0
111110314
203
3
0
0
0
0
0
0
0
111110313
202
2
1
0
0
0
0
0
0
111110312
201
1
0
0
0
0
0
0
0
111110311
200
0
0
0
0
0
0
0
0
111110310
199
0
0
0
0
0
0
0
0
111110309
198
6
0
0
0
0
0
0
0
111110308
197
5
0
0
0
0
0
0
0
111110307
196
4
0
0
0
0
0
0
0
111110306
195
3
0
0
0
0
0
0
0
111110305
194
2
0
0
0
0
0
0
0
111110304
193
1
0
0
0
0
0
0
0
111110303
192
0
0
0
0
0
0
0
0
111110302
191
1
0
0
0
0
0
0
0
111110301
190
0
0
0
0
0
0
0
0
111110300
189
0
0
0
0
0
0
0
0
111110299
188
6
0
0
0
0
0
0
0
111110298
187
5
0
0
0
0
0
0
0
111110297
186
4
0
0
0
0
0
0
0
111110296
185
3
0
0
0
0
0
0
0
111110295
184
2
0
0
0
0
0
0
0
111110294
183
1
0
0
0
0
0
0
0
111110293
182
0
0
0
0
0
0
0
0
111110292
181
61
0
0
0
0
0
0
0
111110291
180
60
0
0
0
0
0
0
0
111110290
179
59
0
0
0
0
0
0
0
111110289
178
58
0
0
0
0
0
0
0
111110288
177
57
5
0
0
0
0
0
0
111110287
176
56
4
0
0
0
0
0
0
111110286
175
55
3
0
0
0
0
0
0
111110285
174
54
2
0
0
0
0
0
0
111110284
173
53
1
0
0
0
0
0
0
111110283
172
52
0
0
0
0
0
0
0
111110282
171
51
1
0
0
0
0
0
0
111110281
170
50
0
0
0
0
0
0
0
111110280
169
49
0
0
0
0
0
0
0
111110279
168
48
1
0
0
0
0
0
0
111110278
167
47
0
0
0
0
0
0
0
111110277
166
46
4
0
0
0
0
0
0
111110276
165
45
3
0
0
0
0
0
0
111110275
164
44
2
0
0
0
0
0
0
111110274
163
43
1
0
0
0
0
0
0
111110273
162
42
0
0
0
0
0
0
0
111110272
161
41
1
0
0
0
0
0
0
111110271
160
40
0
0
0
0
0
0
0
111110270
159
39
0
0
0
0
0
0
0
111110269
158
38
2
0
0
0
0
0
0
111110268
157
37
1
0
0
0
0
0
0
111110267
156
36
0
0
0
0
0
0
0
111110266
155
35
3
0
0
0
0
0
0
111110265
154
34
2
0
0
0
0
0
0
111110264
153
33
1
0
0
0
0
0
0
111110263
152
32
0
0
0
0
0
0
0
111110262
151
31
1
0
0
0
0
0
0
111110261
150
30
0
0
0
0
0
0
0
111110260
149
29
0
0
0
0
0
0
0
111110259
148
28
3
0
0
0
0
0
0
111110258
147
27
2
0
0
0
0
0
0
111110257
146
26
1
0
0
0
0
0
0
111110256
145
25
0
0
0
0
0
0
0
111110255
144
24
2
0
0
0
0
0
0
111110254
143
23
1
0
0
0
0
0
0
111110253
142
22
0
0
0
0
0
0
0
111110252
141
21
1
0
0
0
0
0
0
111110251
140
20
0
0
0
0
0
0
0
111110250
139
19
0
0
0
0
0
0
0
111110249
138
18
4
0
0
0
0
0
0
111110248
137
17
3
0
0
0
0
0
0
111110247
136
16
2
0
0
0
0
0
0
111110246
135
15
1
0
0
0
0
0
0
111110245
134
14
0
0
0
0
0
0
0
111110244
133
13
1
0
0
0
0
0
0
111110243
132
12
0
0
0
0
0
0
0
111110242
131
11
1
0
0
0
0
0
0
111110241
130
10
0
0
0
0
0
0
0
111110240
129
9
0
0
0
0
0
0
0
111110239
128
8
5
0
0
0
0
0
0
111110238
127
7
4
0
0
0
0
0
0
111110237
126
6
3
0
0
0
0
0
0
111110236
125
5
2
0
0
0
0
0
0
111110235
124
4
1
0
0
0
0
0
0
111110234
123
3
0
0
0
0
0
0
0
111110233
122
2
0
0
0
0
0
0
0
111110232
121
1
1
0
0
0
0
0
0
111110231
120
0
0
0
0
0
0
0
0
111110230
119
0
0
0
0
0
0
0
0
111110229
118
6
0
0
0
0
0
0
0
111110228
117
5
0
0
0
0
0
0
0
111110227
116
4
0
0
0
0
0
0
0
111110226
115
3
0
0
0
0
0
0
0
111110225
114
2
0
0
0
0
0
0
0
111110224
113
1
0
0
0
0
0
0
0
111110223
112
0
0
0
0
0
0
0
0
111110222
111
11
0
0
0
0
0
0
0
111110221
110
10
0
0
0
0
0
0
0
111110220
109
9
0
0
0
0
0
0
0
111110219
108
8
6
0
0
0
0
0
0
111110218
107
7
5
0
0
0
0
0
0
111110217
106
6
4
0
0
0
0
0
0
111110216
105
5
3
0
0
0
0
0
0
111110215
104
4
2
0
0
0
0
0
0
111110214
103
3
1
0
0
0
0
0
0
111110213
102
2
0
0
0
0
0
0
0
111110212
101
1
0
0
0
0
0
0
0
111110211
100
0
0
0
0
0
0
0
0
111110210
99
0
0
0
0
0
0
0
0
111110209
98
7
0
0
0
0
0
0
0
111110208
97
6
0
0
0
0
0
0
0
111110207
96
5
0
0
0
0
0
0
0
111110206
95
4
0
0
0
0
0
0
0
111110205
94
3
0
0
0
0
0
0
0
111110204
93
2
0
0
0
0
0
0
0
111110203
92
1
0
0
0
0
0
0
0
111110202
91
0
0
0
0
0
0
0
0
111110201
90
0
0
0
0
0
0
0
0
111110200
89
0
0
0
0
0
0
0
0
111110199
88
7
0
0
0
0
0
0
0
111110198
87
6
0
0
0
0
0
0
0
111110197
86
5
0
0
0
0
0
0
0
111110196
85
4
0
0
0
0
0
0
0
111110195
84
3
0
0
0
0
0
0
0
111110194
83
2
0
0
0
0
0
0
0
111110193
82
1
0
0
0
0
0
0
0
111110192
81
0
0
0
0
0
0
0
0
111110191
80
70
0
0
0
0
0
0
0
111110190
79
69
0
0
0
0
0
0
0
111110189
78
68
0
0
0
0
0
0
0
111110188
77
67
6
0
0
0
0
0
0
111110187
76
66
5
0
0
0
0
0
0
111110186
75
65
4
0
0
0
0
0
0
111110185
74
64
3
0
0
0
0
0
0
111110184
73
63
2
0
0
0
0
0
0
111110183
72
62
1
0
0
0
0
0
0
111110182
71
61
0
0
0
0
0
0
0
111110181
70
60
0
0
0
0
0
0
0
111110180
69
59
0
0
0
0
0
0
0
111110179
68
58
1
0
0
0
0
0
0
111110178
67
57
0
0
0
0
0
0
0
111110177
66
56
5
0
0
0
0
0
0
111110176
65
55
4
0
0
0
0
0
0
111110175
64
54
3
0
0
0
0
0
0
111110174
63
53
2
0
0
0
0
0
0
111110173
62
52
1
0
0
0
0
0
0
111110172
61
51
0
0
0
0
0
0
0
111110171
60
50
0
0
0
0
0
0
0
111110170
59
49
0
0
0
0
0
0
0
111110169
58
48
2
0
0
0
0
0
0
111110168
57
47
1
0
0
0
0
0
0
111110167
56
46
0
0
0
0
0
0
0
111110166
55
45
4
0
0
0
0
0
0
111110165
54
44
3
0
0
0
0
0
0
111110164
53
43
2
0
0
0
0
0
0
111110163
52
42
1
0
0
0
0
0
0
111110162
51
41
0
0
0
0
0
0
0
111110161
50
40
0
0
0
0
0
0
0
111110160
49
39
0
0
0
0
0
0
0
111110159
48
38
3
0
0
0
0
0
0
111110158
47
37
2
0
0
0
0
0
0
111110157
46
36
1
0
0
0
0
0
0
111110156
45
35
0
0
0
0
0
0
0
111110155
44
34
3
0
0
0
0
0
0
111110154
43
33
2
0
0
0
0
0
0
111110153
42
32
1
0
0
0
0
0
0
111110152
41
31
0
0
0
0
0
0
0
111110151
40
30
0
0
0
0
0
0
0
111110150
39
29
0
0
0
0
0
0
0
111110149
38
28
4
0
0
0
0
0
0
111110148
37
27
3
0
0
0
0
0
0
111110147
36
26
2
0
0
0
0
0
0
111110146
35
25
1
0
0
0
0
0
0
111110145
34
24
0
0
0
0
0
0
0
111110144
33
23
2
0
0
0
0
0
0
111110143
32
22
1
0
0
0
0
0
0
111110142
31
21
0
0
0
0
0
0
0
111110141
30
20
0
0
0
0
0
0
0
111110140
29
19
0
0
0
0
0
0
0
111110139
28
18
5
0
0
0
0
0
0
111110138
27
17
4
0
0
0
0
0
0
111110137
26
16
3
0
0
0
0
0
0
111110136
25
15
2
0
0
0
0
0
0
111110135
24
14
1
0
0
0
0
0
0
111110134
23
13
0
0
0
0
0
0
0
111110133
22
12
1
0
0
0
0
0
0
111110132
21
11
0
0
0
0
0
0
0
111110131
20
10
0
0
0
0
0
0
0
111110130
19
9
0
0
0
0
0
0
0
111110129
18
8
6
0
0
0
0
0
0
111110128
17
7
5
0
0
0
0
0
0
111110127
16
6
4
0
0
0
0
0
0
111110126
15
5
3
0
0
0
0
0
0
111110125
14
4
2
0
0
0
0
0
0
111110124
13
3
1
0
0
0
0
0
0
111110123
12
2
0
0
0
0
0
0
0
111110122
11
1
0
0
0
0
0
0
0
111110121
10
0
0
0
0
0
0
0
0
111110120
9
0
0
0
0
0
0
0
0
111110119
8
7
0
0
0
0
0
0
0
111110118
7
6
0
0
0
0
0
0
0
111110117
6
5
0
0
0
0
0
0
0
111110116
5
4
0
0
0
0
0
0
0
111110115
4
3
0
0
0
0
0
0
0
111110114
3
2
0
0
0
0
0
0
0
111110113
2
1
0
0
0
0
0
0
0
111110112
1
0
0
0
0
0
0
0
0
111110111
0
0
0
0
0
0
0
0
0
