103
103
0
28
0
0
31
0
79
1368
1287
2657
0
0
70
85
52
6
332
0
0
66
2
1
227
0
0
116
0
1
0
158
121
0
19
1947
0
145
0
81
462
3
1993
19
0
0
2
21
2174
63
212
7
934
1
14
19
98
41
3
113
3
1
130
0
9
69
117
2
1953
216
87
8
939
0
0
1373
750
0
3
2
5
6
0
0
15
2990
22
1380
20
1
370
3
7
0
99
0
0
98
20
0
0
84
0
1
12
5
12
1
17
0
14
1767
2020
1
1
0
36
0
3
76
0
0
1
2066
2141
0
1
11
3
0
31
1
4
0
0
70
0
0
352
2236
96
11
539
0
3
0
27
4
218
12
4
914
1
0
11
0
0
1
21
0
0
131
3
24
78
0
760
4
11
0
2
0
1
0
0
22
1
6
172
0
1
1
98
123
2
2045
55
24
6
0
1
0
1
0
2329
0
5
0
749
205
19
11
63
1
1024
9
0
0
2781
1002
788
1
2
0
1
109
25
4
12
130
0
4
92
0
381
0
1035
1390
1
2643
1621
1
633
0
0
60
0
128
0
0
53
7
41
60
9
12
1
336
2
2
0
3
0
12
2
589
37
13
2
219
299
34
70
146
0
0
0
1261
1
307
3291
1
10
0
0
0
966
86
11
136
0
0
0
0
759
278
12
6
902
12
14
10
43
2343
109
37
211
1
2
121
170
765
0
380
0
0
3
2
2
204
2
80
203
25
3
24
0
56
6
6
3125
0
0
0
2920
44
21
17
0
11
379
9
24
98
0
0
307
453
1
0
134
957
1
77
0
0
4
1
16
242
0
0
1077
25
11
110
0
0
14
16
140
33
95
0
151
67
120
1
0
0
7
1
0
16
1
2
58
0
0
0
0
11
2684
33
2
3
0
85
10
807
4
17
16
1
721
171
0
1949
743
0
5
143
27
11
15
2
0
1
9
8
0
0
248
6
9
2530
25
6
638
39
0
0
0
27
364
0
0
0
65
180
854
165
2085
38
1
8
30
6
745
0
362
0
58
0
8
7
175
0
92
83
0
18
0
4
0
0
1
0
0
2843
0
11
0
0
0
5
11
1
0
46
688
0
2
3
26
0
1
274
2
292
16
1
1
180
61
93
38
7
0
353
3
4
184
1
3361
25
0
139
256
0
1421
21
1
4
0
2
3
53
146
743
0
0
16
941
0
57
2986
4
3
178
0
2
181
20
183
292
941
370
91
0
122
0
7
0
2
0
931
1
145
1
1
2
1
365
637
43
25
4
1
309
0
0
13
10
278
18
87
8
1533
0
1272
2
0
1
35
63
5
2
75
0
0
921
106
0
102
0
0
30
37
2
14
6
2
8
0
0
139
652
4
310
3
2550
0
95
1088
0
357
3
17
0
2
322
197
148
0
13
1
58
65
0
832
9
70
1
0
8
5
0
0
15
444
0
5
68
693
0
0
18
3
0
11
9
11
2541
18
0
0
202
241
0
0
14
0
67
31
0
2
0
117
1
4
0
0
6
28
35
1
0
0
83
174
18
1
0
33
0
60
107
0
274
0
2054
797
88
1
435
6
3
209
0
0
66
237
0
19
11
2
0
31
20
3
4
9
0
99
103
0
10
258
26
211
1
1980
0
2
1
0
1
518
2
13
130
0
55
0
0
1
0
2
1
13
0
0
0
208
0
91
846
2
6
5
0
988
21
2
22
74
408
0
100
162
7
57
2
0
19
9
31
6
0
2396
25
0
74
1
0
99
0
0
15
140
7
2
18
594
45
180
2
3
96
2484
3
23
26
101
0
2
54
201
0
62
95
155
4
247
1
111
11
0
248
0
18
13
0
30
68
856
1140
429
8
0
3
1
18
85
11
1
1
0
245
0
150
23
125
0
11
0
1
1
0
1539
2
10
7
288
0
1
2
0
21
0
0
117
68
83
8
3
119
528
3
0
8
4
204
289
207
0
4
2969
36
5
1
2483
7
5
0
310
4
6
0
15
178
0
0
24
0
93
6
584
115
0
48
10
156
401
112
8
0
10
61
0
0
33
31
8
686
0
0
189
1092
1752
0
2079
10
407
11
26
222
67
165
0
0
2
5
8
2
20
0
19
0
0
82
0
0
2081
0
207
205
129
6
3
0
1
0
23
566
11
171
2
275
13
8
0
18
715
2
0
82
3
184
22
4
1
1
555
10
101
433
1035
381
110
234
1
3
162
0
0
1
92
100
22
58
0
1
11
0
13
6
178
0
0
265
0
0
157
0
0
3
4
0
0
192
10
0
73
0
114
132
179
50
0
480
2
6
0
13
17
0
852
0
3
0
7
7
1
13
169
1
11
263
20
23
465
3
9
11
12
353
652
23
765
1708
0
243
1
5
3
2
44
200
0
0
9
0
0
1
0
0
1966
0
0
97
2271
129
84
5
8
47
5
0
846
0
11
0
0
0
662
1
9
225
0
21
0
1
15
0
9
7
2999
4
342
297
704
0
190
0
0
94
0
801
15
32
48
27
0
5
1412
29
12
2
3
0
10
90
13
105
2
204
2
2091
1
0
0
2
9
23
0
13
1103
2
8
2650
18
1
0
26
0
45
2
72
4
0
1
497
1
12
0
1133
0
427
140
36
0
1
2
0
20
4
129
146
0
0
0
0
11
0
0
33
784
0
1
58
206
1
0
18
1637
9
19
0
47
58
42
32
0
1
18
53
870
0
0
1
1
0
60
20
3
272
102
905
464
0
1403
0
22
171
200
883
22
1783
0
149
62
662
0
4
79
9
0
1
0
3
68
17
12
0
245
55
3
54
0
1
132
8
12
0
266
16
1
3
8
199
406
49
1291
6
11
0
2
0
0
3
12
0
17
1846
86
887
2517
34
0
21
11
24
1052
99
15
107
0
267
194
1
0
0
9
0
1
152
0
528
0
40
128
6
10
419
182
2994
195
3
0
0
0
2
15
327
0
1
1297
57
103
82
33
0
0
2
0
1703
0
70
15
2
107
331
331
11
149
105
1504
0
10
0
170
0
6
0
13
203
0
0
192
209
10
134
31
6
2
1
0
103
2707
269
0
38
204
0
2168
1
1
30
0
14
0
77
50
0
19
0
0
2
102
0
1
0
3
14
106
12
0
0
2
1625
0
1
0
2
1
818
1511
141
451
141
6
0
2
4
79
119
0
0
11
4
0
2
0
2
0
1
299
1
111
1
494
1320
4
2
0
0
0
93
0
1
113
0
20
0
41
0
0
0
1
1
0
0
0
0
0
1
0
0
30
13
4
101
1
53
0
0
4369
0
24
5
0
0
12
14
91
138
0
1
0
109
1368
0
635
221
0
1
430
66
4
180
0
1117
0
0
44
2
15
202
20
0
11
9
0
18
0
2
2220
882
226
0
245
2810
2473
11
2
602
0
17
2782
3
1412
13
0
111
4
0
58
0
19
1
4
12
55
78
1
21
36
20
0
339
11
25
42
0
8
2
1
4
26
32
0
0
1
7
1
326
450
0
12
12
1
0
0
1251
1
0
24
211
4
69
9
22
0
0
175
1
0
2
81
12
1
117
1
190
154
0
3
22
1
227
0
0
9
0
2
8
396
8
31
0
2073
36
365
1490
78
18
1420
0
0
1
0
12
50
151
247
253
0
158
1
1
2757
0
91
61
1
0
1
0
1
176
0
195
0
110
195
0
3
1
1592
14
14
10
3
9
0
0
0
4
361
119
26
0
1
3
0
30
0
1425
10
0
1308
192
3221
1734
16
22
33
5
1
2958
91
21
305
1
171
1781
0
283
158
1
57
29
3556
21
0
78
2
1
0
0
0
2103
3
0
189
1
478
0
1
0
37
723
0
1755
146
20
0
4
2972
684
1247
0
0
6
5
1892
566
17
44
66
0
902
0
0
0
0
13
0
22
5
5
15
143
67
1
61
0
412
3
2
0
138
43
0
226
0
275
0
0
9
0
130
50
24
3
5
1
32
2482
6
0
0
699
4
0
0
21
1
23
1
6
0
3
1
0
0
0
1
16
66
97
71
0
0
1
2
0
495
23
1
2808
76
240
497
0
1
3
22
0
0
0
6
1
135
185
0
3
4
0
24
2
576
1
0
0
0
651
2
0
62
1
41
1
2
10
121
0
7
17
2
0
0
19
31
0
854
7
16
139
64
0
1092
1
28
282
0
0
0
1
1679
0
6
324
12
0
0
277
19
220
43
22
9
6
67
11
15
2
3
262
11
2
0
0
1
260
2
18
1
103
0
465
0
105
79
317
0
1
25
23
22
1225
6
28
0
2000
0
59
1498
0
2
15
0
0
6
29
50
2
2431
62
42
4
0
0
0
0
102
2
1
7
1
162
1
0
0
1
124
2
1
22
0
126
1
0
2
153
2
2
1
81
0
21
0
27
3
0
1
98
0
2
94
0
33
6
0
0
12
10
0
1
300
884
0
0
2
1942
48
0
691
2
3
123
1
2
3872
18
0
148
232
0
0
16
149
87
14
0
4
1
21
3309
0
3
14
125
77
719
364
0
0
2
184
0
13
1
15
2
1
3
0
0
8
1
1
6
417
15
1
0
12
2
13
0
0
3
0
326
25
11
1
89
1222
0
773
2
343
108
3
1
3
4
0
246
1108
5
0
1
26
0
1796
1
221
2947
44
1
1496
1
0
0
2
11
0
113
420
0
0
0
13
776
1309
222
1
371
2119
0
0
1964
0
13
2242
1
232
1063
0
11
124
7
479
1637
6
0
0
0
1765
0
115
79
0
1162
21
0
11
6
0
0
0
0
0
0
6
23
273
279
0
0
3
3219
85
1055
2503
0
5
0
1910
962
10
5
180
280
8
15
23
1388
0
5
1388
2
725
141
162
659
28
13
270
0
2
6
2
0
69
62
2
707
0
17
280
116
2
10
0
25
0
0
5
0
104
80
24
20
1869
1045
95
810
1
0
40
0
21
109
1173
0
0
0
1
0
2585
0
117
2
0
0
128
1893
0
2
1059
2
28
0
0
676
0
3226
42
515
6
0
12
0
98
0
2
30
0
3
20
20
1
0
2
0
1
1
31
0
0
115
1284
0
2183
126
104
8
1
115
2184
2841
0
1
40
61
1
1
530
3
346
0
19
287
84
19
11
15
27
0
363
0
37
0
1
467
0
5
2
341
0
290
1266
2141
13
0
1362
5
5
82
1
570
349
93
169
1
29
88
2000
0
0
0
8
1568
38
586
1
5
0
3
0
0
0
22
0
86
5
0
956
0
1596
69
0
158
870
11
1
5
8
13
0
14
10
0
6
59
1887
0
1
935
11
0
122
916
0
698
2
910
29
3
2207
0
13
0
0
0
0
84
26
101
1
3
3
0
2
4
0
0
0
0
11
1
0
31
5
10
1
52
0
2
0
5
18
21
22
0
30
1071
0
68
180
1
13
22
0
168
9
732
0
1
0
0
257
0
0
1357
69
925
27
0
28
114
1
22
4
1
38
7
183
0
1
0
0
73
63
2
167
1
140
125
0
0
317
9
85
1
91
1828
191
5
2
0
2
153
18
80
2856
17
2
19
0
2
1654
933
652
2
122
0
186
1463
467
1
4
3
4
17
0
2634
0
584
2023
2
1
1
237
193
53
0
2
0
3159
925
105
0
4
1
132
6
2
0
0
0
1232
1
5
4
0
93
0
121
1101
0
105
390
20
10
0
0
10
5
1
19
442
156
122
1
9
38
0
184
3
0
3
0
44
43
0
0
47
0
0
0
3
0
33
160
4
144
182
1
154
15
190
147
1
0
84
1
0
1
76
33
2
0
119
3
1103
1
0
1
0
0
0
2088
2
7
84
25
13
452
399
51
3070
0
1
121
2
1
39
1560
31
2966
284
21
0
0
37
5
22
0
141
1
0
161
1033
0
20
0
105
585
113
87
0
261
0
37
10
1
0
0
16
3
5
0
8
0
4
0
9
9
97
56
0
0
44
258
49
0
1075
21
0
79
0
205
123
41
0
0
118
49
0
0
15
567
212
5
3
215
373
0
0
0
117
86
2302
0
2
328
2175
0
76
17
3
173
1
1
12
196
1168
0
4
0
1
0
11
32
0
1857
1305
0
190
0
188
86
2
0
173
0
0
38
62
13
1
0
66
354
2
4
2
1
1966
0
13
10
0
84
0
0
208
1
0
3384
2
11
3
1
21
16
1
2588
0
0
120
17
0
1
0
0
0
1
179
18
2
2
0
9
2
1079
3
1
1
0
0
12
1
3
0
0
37
7
0
0
1
157
0
0
10
59
139
1499
411
1
83
15
0
18
1
0
41
17
0
9
108
2204
212
136
0
23
14
551
0
0
0
0
11
228
59
0
2725
0
0
13
9
6
0
1
1282
0
845
69
29
2
0
0
0
0
159
12
73
0
1065
216
11
55
1
0
3
13
20
5
199
182
0
1
8
33
30
19
124
707
2
74
0
3
8
2302
0
669
2
986
0
20
14
0
1
0
22
1
0
41
11
0
1
0
1
1620
1247
23
26
1009
0
2494
724
0
0
0
167
0
105
0
1
182
1
3
306
188
0
0
0
1
211
12
2101
0
0
0
1
0
1
1
0
14
0
739
0
2045
2
0
2
2
0
1
105
0
0
317
971
0
0
125
0
2
2
598
0
1
205
0
2
1
2
2735
0
4
2
2
0
221
20
0
429
23
0
157
0
1510
3
0
16
289
0
0
33
87
285
0
10
1195
1
1
676
0
0
3
12
11
280
121
2105
0
26
21
166
2
1051
2
19
66
112
3760
333
1
0
0
1988
0
137
436
1926
1
0
1074
45
0
0
13
678
86
11
6
1447
0
2
9
809
66
14
5
1376
1
0
25
7
1
0
0
2
247
16
0
377
101
0
0
33
2
5
0
1
0
1
1
0
75
22
3
0
6
13
678
4
0
32
0
223
19
0
0
23
4
6
8
4
0
2053
0
2
0
0
0
19
0
0
639
87
0
0
11
9
0
0
8
8
1
208
1
26
0
91
84
7
1
7
106
1090
2
115
17
0
4
373
1
1
0
35
0
2
0
48
56
182
33
22
14
0
345
1
2040
1000
15
14
96
41
3474
2
0
119
6
0
23
1
11
5
1350
26
1
57
151
12
129
25
0
228
1
6
1
0
111
286
10
10
0
57
1
0
1
71
1005
404
29
0
25
0
0
106
15
471
1
37
0
0
2
560
9
0
0
650
0
19
40
0
93
12
0
0
0
10
1
97
0
0
1691
2
1790
0
35
8
0
3
0
128
0
3479
0
52
162
0
0
11
0
21
0
77
0
60
0
106
257
135
1
0
4
91
0
56
24
12
10
0
0
200
1
0
0
74
3164
74
0
10
1
0
31
0
0
0
13
1203
10
1
2638
3
2966
0
0
52
34
2
0
32
1
1
0
688
323
0
0
5
10
0
48
2163
129
140
9
0
89
37
388
112
37
1
0
9
1
0
124
3
2
0
0
74
153
184
16
0
55
0
2
49
13
1
3
0
6
0
0
4
1438
38
0
1743
1
1
1
6
122
0
1
8
0
0
0
2
0
0
0
138
7
204
43
884
0
64
101
252
6
2
204
100
1
21
1
0
266
25
568
0
1
0
0
10
0
1
84
1
6
372
0
1
22
214
0
1040
2781
906
96
16
19
104
0
566
56
2
1
208
74
68
2
128
0
10
95
0
26
0
1111
584
176
1148
10
4
0
0
2
37
1
23
0
0
258
1
869
97
1684
1
1
10
28
60
25
112
0
0
0
91
11
0
167
10
128
4
0
12
33
1
131
1
0
1240
182
284
0
292
2851
12
0
20
873
25
2
1
1
1905
2409
10
35
1
241
2918
53
2
5
0
613
0
31
1
0
0
2940
0
4
1
0
0
80
154
1
377
0
5
82
7
52
0
0
322
2
150
20
20
128
0
0
0
28
2
0
331
0
8
3
0
0
6
338
0
2
85
1
9
17
74
0
5
17
1
109
0
17
0
3
4
82
12
0
0
0
74
1
44
26
9
327
85
214
262
138
0
0
0
119
1
0
678
14
41
0
11
1
0
18
5
1602
0
47
49
16
83
0
332
11
3
103
3
1
0
0
3
48
0
7
624
0
32
7
1
0
1646
38
1480
1
2
0
33
0
0
0
133
0
2
2
0
9
0
0
1
911
115
1
11
32
186
505
33
0
532
180
233
5
0
0
48
0
197
8
35
0
0
187
8
13
0
0
124
9
0
0
0
77
8
26
3
0
0
2
1
0
0
0
0
0
7
363
1
979
33
17
109
0
0
1
17
4
0
0
0
325
75
1
0
0
352
3
449
16
0
0
0
0
1
841
20
0
0
0
0
0
2
5
1
30
1
0
1369
1
0
0
108
1
1
0
1572
26
0
1
3
15
1502
0
5
4
3609
3
14
0
4
3188
291
14
0
29
471
137
411
213
0
5
1
1552
22
0
561
60
1
0
0
40
1
1
961
1067
0
222
1170
1
3
0
669
1
35
9
0
0
20
51
304
0
107
385
15
44
0
1
18
17
289
0
214
163
3
0
1
0
288
0
79
1
1
32
2584
15
0
110
13
187
355
197
2
0
1
642
21
2
0
23
0
11
0
1
0
0
0
17
59
0
2
5
0
29
1
0
2
288
1
123
82
206
793
0
613
275
2476
690
14
0
0
12
97
2
0
208
0
2
0
0
0
2320
246
10
20
1
248
2
2
5
850
38
0
284
98
0
44
108
0
664
0
2
0
399
3
6
3247
1
2
0
2
18
2
15
0
0
20
0
191
300
0
16
1
4
163
0
2
0
0
34
1037
1
0
0
1031
0
118
0
0
838
1524
0
0
4
0
2
1553
9
0
19
1
1
101
0
1
4
0
20
21
1
0
5
17
198
65
1659
8
2
1
1
7
2
0
633
0
2
1
59
20
1
1
177
307
2057
1
0
1
0
10
8
927
0
1
250
49
88
57
226
0
2
19
1
94
138
0
154
0
5
166
113
236
0
1
440
2
0
3
1852
3
1209
0
20
0
0
753
5
95
0
18
20
210
20
3
353
0
4
5
0
8
3
10
10
23
1274
3
182
1
11
2
3
2
0
11
21
1
0
176
0
913
17
0
1
3
344
11
11
1142
0
745
23
0
2
0
33
896
2
0
0
17
68
28
251
13
3
1190
5
496
0
1559
0
0
1131
1
1732
145
1
69
25
124
2263
176
0
3
2
16
3
943
51
59
1819
2
935
208
397
4127
180
3
6
4
107
4
1
1
680
1263
1
11
19
433
0
219
0
206
1
0
902
59
9
12
217
2
76
0
118
225
11
4
6
1
0
646
551
0
23
115
121
132
2
0
140
18
271
52
93
0
0
0
4
0
0
28
15
0
233
0
0
164
1
2
18
3
1641
19
107
2
138
2
946
1
30
0
40
1
0
20
155
1
195
261
79
142
0
2
4
13
185
18
2
287
14
827
13
3
0
1
0
0
0
0
9
4744
1350
967
23
0
0
0
26
44
92
0
1978
0
0
4
1
1785
30
3350
1
154
0
78
2
9
0
0
207
1
1
76
0
3
250
3
3731
638
23
2
0
1009
42
339
264
75
1
0
1
234
0
119
0
8
8
228
2
1
0
2
843
35
0
294
42
34
111
0
1
1531
356
4055
1
19
17
12
0
8
0
0
0
0
146
1698
970
4
1
556
5
1
54
20
0
0
0
2
0
283
0
4
255
69
15
1
2
0
59
33
17
309
0
0
6
0
1
102
1033
0
168
41
77
92
0
7
26
2663
369
0
203
9
0
79
52
18
199
76
12
3
0
740
3
1455
2744
0
15
0
0
103
73
0
0
0
12
12
113
121
243
4
424
118
142
0
2
18
1097
0
3
1
0
0
1444
0
0
0
52
238
21
0
0
0
1
189
3
0
0
66
1
0
204
43
33
233
0
88
0
0
0
18
0
1
13
0
0
0
0
1
0
13
3
30
15
0
867
0
1222
1
0
1
80
0
50
0
2907
68
544
17
85
412
0
12
347
570
0
0
1961
4
67
1974
36
0
0
0
0
3
8
146
1
0
13
11
39
143
6
187
2571
1
0
17
3
1
2213
2
0
1016
0
1
0
5
7
62
5
2996
1011
20
69
21
521
160
42
98
561
0
7
0
1
34
0
21
2
2
2
1
0
8
39
0
1
104
0
0
0
340
413
2
0
13
0
25
0
2
1294
145
1
0
403
185
383
0
0
0
251
1
12
5
1
1
0
1
134
126
82
180
2
0
211
4
4
219
0
1179
1
100
0
891
2
147
121
3
1
904
0
3
22
1131
236
0
29
5
66
64
1364
1193
2364
374
0
1
6
0
51
45
247
0
2777
0
0
2907
0
83
2
1
974
0
2
0
0
2
86
328
201
17
0
17
77
0
19
370
11
2
0
331
111
231
0
2
0
13
3597
34
0
64
422
0
0
978
58
0
0
32
30
117
1749
109
147
1
21
59
1
8
222
11
761
3
0
23
74
10
5
41
73
6
3
296
0
0
2130
7
0
0
26
326
754
3595
2266
45
0
50
0
166
343
0
10
29
70
0
1
1532
0
1
4
0
208
42
5
3416
3
331
11
628
1
6
0
183
204
593
0
0
14
4
634
1189
0
0
2
119
0
3
0
2
3
173
0
195
326
1
51
3
0
19
1
0
645
0
0
0
108
1
0
0
91
313
2
354
349
0
749
4
0
3067
8
0
0
0
11
470
1
1
2188
138
4
86
0
1
1
6
0
134
9
1930
0
2
2
1709
17
0
99
606
0
3
0
1
2
1
31
0
1450
209
2011
4
12
168
1772
64
1
12
0
0
0
0
1
0
75
2
13
1
9
3999
1510
1
33
0
12
1
525
2208
0
0
0
3
6
0
77
1
42
0
301
0
113
1
4
2
3
0
1
172
1232
0
0
88
16
381
1
874
5
1
4
5
53
18
1054
43
81
1297
117
0
13
0
11
2
158
0
294
0
25
9
2
9
0
210
255
0
0
1
2
7
9
0
0
0
1
36
2234
89
2
0
39
97
0
0
0
0
251
40
10
0
116
41
0
11
71
0
0
0
2
56
3
1882
0
2
0
105
3119
80
2735
11
130
75
0
151
249
1
1
0
85
0
1
66
2
65
0
2
134
2410
1916
58
4
0
0
29
0
33
1
1745
177
8
39
3975
171
84
1
221
2
0
0
162
173
23
30
53
34
300
834
97
0
77
0
3
0
18
0
3
0
0
0
222
13
9
0
161
0
38
316
0
0
2
0
7
0
34
2013
0
1484
192
0
10
0
7
15
2
0
310
5
83
0
0
0
0
10
0
2606
29
6
1
0
1
0
0
0
25
0
0
2
11
0
19
0
363
0
1
118
0
2
0
313
0
1526
579
1885
110
2357
0
21
0
0
28
12
51
3
121
3
0
1
0
499
12
26
145
71
11
8
277
2
20
208
1681
182
20
0
0
51
0
0
1090
0
0
1167
221
0
0
40
39
0
0
1
130
224
20
2
11
1
0
101
0
1
19
2301
8
2
0
5
304
9
8
2
124
0
0
1
0
3
13
112
119
7
22
3
1
6
0
1233
16
0
0
67
0
949
2
1
2
111
0
2100
1
0
174
17
271
0
1
10
0
70
2
0
0
612
70
89
12
0
54
21
90
0
58
1549
0
0
0
8
98
0
0
1927
2
0
2
1
2
6
0
3
0
1454
2
2
17
0
0
54
0
42
2
382
16
78
0
0
0
0
8
0
201
6
16
0
1668
1437
221
261
112
0
32
1
848
20
0
301
4
26
215
360
0
402
10
0
0
3
4414
787
757
67
0
10
37
101
0
119
0
2
0
0
0
0
0
0
198
1
0
61
1
1
205
3
1
825
0
0
0
1849
0
0
2
5
0
0
27
27
286
0
370
1
1327
0
0
9
5
198
16
1
7
31
2
4
15
11
1
0
1
242
0
0
22
7
3424
0
2
206
998
0
295
0
0
0
0
172
5
107
269
0
0
2
0
11
12
0
1759
4
0
0
0
21
1
0
30
6
35
2802
0
128
20
0
87
0
11
13
347
8
789
917
0
0
458
2308
11
0
1491
1
0
11
1589
0
10
0
0
213
91
0
2
9
910
1
76
17
0
0
1139
0
0
181
0
12
2
13
802
13
0
161
52
2
1
12
3
195
1
1
65
272
0
1
242
0
2
15
0
2
1584
0
467
9
5
0
24
27
21
543
1
54
0
0
51
89
1
30
15
0
1
0
21
9
0
0
0
0
361
0
75
58
0
11
0
0
746
2
0
4
0
22
1076
1197
506
142
67
206
138
0
0
3
1
3
1
115
181
166
7
4
4
209
0
192
0
1
0
0
299
13
0
18
1354
3
2
60
32
10
15
3
8
122
82
21
2
217
2
202
91
209
0
1
0
8
0
1376
35
5
1
26
88
1
10
61
51
0
0
1
668
11
0
928
3
7
0
0
29
76
924
235
45
0
30
269
4
197
8
4
1
110
22
1
1
0
31
0
0
2
0
144
26
79
0
212
2
0
0
30
1
0
270
442
572
1
1
104
5
1
153
184
0
0
1
16
2
1
2
7
857
0
15
35
0
2
0
1
115
59
0
29
68
108
800
251
4967
0
35
201
1506
0
339
2
22
2
0
0
5
252
190
1188
68
1828
168
31
1119
0
16
5
0
1
152
3
11
40
7
967
0
383
159
169
0
1
950
0
3
303
10
5
1
0
13
76
157
6
0
0
1287
16
162
11
25
0
0
0
134
15
0
0
2
0
211
0
8
2
11
2
1
4
0
78
47
32
0
4
1
0
11
3209
3
20
0
57
191
0
0
0
196
0
10
0
0
0
466
39
3829
0
0
14
1
10
1
33
20
2
19
5
93
23
1
5
24
1
6
7
0
3
1035
0
0
0
0
0
115
0
0
2
0
262
937
3
95
0
257
1
0
1
0
262
4
0
0
2
2045
0
7
0
0
3011
0
12
10
0
69
0
55
34
2
4
85
638
16
7
9
0
0
0
31
2
116
0
1108
0
10
8
60
2
0
0
19
2
0
0
218
0
0
1
1
0
115
124
2304
0
359
1
0
0
0
421
0
1
0
4
0
74
3813
72
0
6
0
89
0
102
107
67
0
13
59
89
34
52
21
1014
12
4
90
73
0
28
0
0
0
1
40
310
182
130
1
16
194
29
0
2
0
0
0
1
332
116
43
1
37
1
11
114
85
1
2289
0
1
8
38
0
4
0
128
44
195
2
1
0
4
473
1
8
59
19
1
1793
1
16
18
528
0
86
1064
3
1
14
0
0
16
1
0
0
1
6
4
0
0
0
5
8
12
4
97
724
0
0
0
4
0
0
417
0
1
3
21
1
1240
1050
0
44
4
127
127
272
153
21
1
0
1
0
2
108
2973
0
0
2
0
0
2
6
103
0
1052
7
176
0
2156
0
12
3
0
14
1
15
14
20
188
254
0
0
190
94
0
45
2
1798
0
0
693
452
34
3
3134
0
0
7
0
0
0
3
0
1
2
2
2
5
3
1
377
70
1
62
1
6
13
2
0
448
193
0
0
1
16
515
18
71
15
6
352
51
15
5
71
485
25
568
205
2
751
1
2132
103
24
18
394
0
616
138
2
2
27
0
1
0
779
0
243
2
0
0
2
15
0
22
2177
0
83
49
31
0
3
1
980
10
1
9
27
1
886
11
0
963
0
1
1
63
0
3167
0
66
38
127
142
2855
0
1151
9
1955
13
0
696
48
24
277
1685
2652
1462
0
56
297
2
94
77
23
9
2
17
2
1629
324
0
39
0
30
2
112
598
1
0
2
0
2
2
115
0
0
1
79
1196
14
0
5
2
74
1
1
5
341
58
22
1807
0
10
60
4
0
0
2
48
215
294
14
0
74
0
227
0
71
130
1
1
0
0
15
0
1086
0
1762
1
9
0
0
39
0
50
1
2
1
13
192
9
0
1
44
1
12
0
4
77
4235
0
861
0
16
1067
1012
3237
2
267
271
21
456
21
73
3
0
2
2
0
0
0
19
9
250
0
30
125
208
26
0
6
2
0
45
1102
0
743
108
123
228
9
0
43
10
2
10
0
0
36
0
0
1
0
1
8
196
0
0
11
0
7
0
0
77
0
95
1
1967
3
0
0
11
1
20
5
1
0
1
1
3
1311
2
13
23
0
622
6
1
1
86
0
0
0
101
0
12
116
0
0
0
1
15
4
159
19
4
1
2554
5
2
7
12
14
144
2
32
158
252
0
1189
16
144
2
0
0
0
0
4
100
3
230
0
8
1
2
23
2
0
184
8
0
0
113
0
144
15
91
32
0
1
1
72
0
0
906
1
2381
82
23
26
5
1049
49
13
1
78
0
0
0
2
0
17
0
1193
0
0
63
0
28
0
2
0
52
1
0
0
3
2
0
3
13
33
4
2
1
3
3000
0
0
0
0
21
0
11
10
0
0
188
3250
1137
32
2
63
87
0
6
2
90
240
100
0
2628
89
5
2
1
79
31
12
123
29
31
0
3321
0
5
5
1623
2094
0
216
1
11
94
0
0
74
203
2
37
0
2
49
282
58
1338
0
31
166
0
50
811
2
50
2
3
0
2042
249
0
20
1
1
24
1
11
848
4
1239
1
3
88
0
120
19
194
0
2023
0
441
16
0
0
15
0
144
3
2
55
31
1758
7
37
27
3
9
0
12
30
3
0
23
14
1
0
1912
94
5
13
38
1
2
2
0
0
97
0
0
4
4
1
0
0
3
0
135
1
0
2388
8
0
203
12
8
0
1
0
336
3
678
0
0
137
0
3
0
68
150
694
1051
0
4
557
329
1
1
758
21
0
128
3
23
32
2524
122
457
223
0
101
0
5
0
0
204
15
59
134
1
0
0
295
0
1
2109
82
95
0
1
13
0
0
15
112
81
701
17
194
2
11
86
0
1760
17
3
66
7
23
941
1
2
2957
49
15
373
3
64
9
93
61
756
3
580
98
2
27
0
8
0
0
1056
474
156
1
21
0
10
178
17
2649
1
0
0
69
3
18
0
0
0
31
2
0
373
0
7
0
761
311
99
2
1877
537
0
161
98
0
141
0
217
499
21
0
0
0
12
18
535
0
3089
9
1
0
20
1
3
0
138
0
0
0
0
91
64
1
639
335
0
0
403
3281
12
0
11
69
8
74
2
0
15
1679
25
33
0
0
64
388
21
724
0
6
0
0
2
69
4
8
2804
0
0
20
0
1
1
91
10
0
0
986
1526
0
4
708
510
0
59
38
14
0
114
7
9
1
4
1623
0
0
1494
399
0
1
65
517
8
2
1
0
201
24
1
0
358
49
32
6
2
0
3
0
2190
66
1089
104
29
0
0
9
0
67
48
7
2
6
0
407
2011
0
0
156
95
27
330
1149
548
0
5
4
614
205
1
244
0
0
95
1
370
19
0
2
18
2
5
0
466
84
0
0
13
4
0
0
1295
0
1
0
584
135
350
13
0
805
30
2
0
0
0
0
0
21
1
102
271
25
116
81
5
0
1820
2
20
0
135
1274
0
542
18
810
35
1
8
1915
103
0
0
7
31
1
3
11
0
194
23
903
1018
3
40
695
20
37
29
4
0
84
118
107
0
80
1
1859
1095
0
0
1
1
165
137
781
16
11
12
17
1
0
0
33
1567
9
76
308
2
668
684
65
543
0
3
99
0
147
0
55
82
22
11
24
1
32
8
8
4
1005
232
0
398
0
1
1
7
7
0
0
214
195
8
16
4
2
253
6
597
1043
11
35
0
17
2
3
0
6
11
0
218
21
0
0
0
51
2
2
52
991
3154
172
7
182
21
14
235
188
111
0
4
177
0
103
1
0
0
16
422
0
12
8
2621
1
162
0
0
243
4
229
0
0
0
1
30
23
272
207
2
126
0
162
0
0
366
1
0
0
16
12
4
268
0
1098
11
12
12
22
1054
1469
1088
0
0
24
22
0
2535
0
0
0
100
5
129
2
1
9
9
9
2672
0
0
9
131
1
21
2679
0
2199
1123
0
2
0
0
23
103
139
0
35
0
67
155
0
0
0
857
2
10
0
853
225
1081
0
0
1
131
160
0
1
0
8
329
0
0
26
0
1053
986
0
1
99
191
0
0
0
192
8
15
0
0
0
20
80
159
0
1
4
111
207
0
0
2
948
21
0
0
0
11
351
30
1
4
1
143
20
4
240
49
73
1976
1825
4
1
2
5055
0
0
29
299
0
698
0
0
126
9
5
1
0
3
12
0
0
0
247
1090
48
0
504
10
4165
227
35
0
0
0
0
10
27
0
14
1240
2
3
23
88
370
0
0
6
68
48
321
77
0
14
92
19
25
0
2
0
214
12
0
16
163
26
4009
207
1
7
0
2542
0
0
0
2015
122
0
44
27
17
2
0
6
3
12
1
166
0
7
10
4
4
0
1
0
0
144
96
0
6
1161
11
2
33
1871
80
1
0
0
2
8
57
333
1
2
0
1
23
10
1416
1
30
0
27
2
302
1201
13
0
8
5514
289
431
1627
1466
1
795
64
21
22
4
4
3
7
30
0
90
100
2531
151
377
41
5
1893
0
1
16
104
1
1
1
10
0
75
4
9
1872
9
5
0
10
378
116
9
93
180
2
0
1
35
1
18
0
1224
1
213
3
129
0
1
3
0
0
0
1
0
5274
0
14
1
0
406
1
1
0
3
81
0
0
7
1
70
1
251
0
44
35
0
125
15
0
2588
2
274
0
2019
1871
71
114
12
22
2
1
0
1003
0
0
11
19
11
1660
0
222
17
0
0
1181
0
6
85
0
52
0
13
304
195
1386
2
1
0
643
334
558
8
31
0
0
0
0
1
2
0
20
8
43
8
2959
88
230
21
1
112
23
28
23
2753
9
31
0
300
0
1
9
1
5
0
0
207
10
133
1401
37
1
0
9
60
46
95
0
179
24
35
0
36
0
54
10
494
0
31
121
0
7
81
42
137
273
257
0
18
311
0
113
1255
0
0
258
3
76
25
5
0
1
0
501
198
0
0
0
0
1
3056
188
14
0
32
36
10
3
3
8
0
188
230
0
7
420
0
16
0
0
161
0
4
4
10
0
0
16
1
0
0
83
0
1
0
1
4
0
0
3842
77
2
3
3
30
74
1887
4235
156
19
0
0
0
1
2
0
2019
409
105
0
2
2
2
11
178
1
383
43
1056
7
3
467
224
0
12
0
1
8
25
0
1
2
21
1624
31
3102
359
2
1050
102
9
0
0
2
0
195
404
0
17
0
0
69
1413
0
0
37
0
0
0
54
4
714
800
50
0
1849
0
1223
6
446
0
3
0
28
4
0
2
59
480
9
484
0
91
1
0
1966
484
298
3112
0
2383
362
0
4
2
65
1
487
92
22
78
83
25
9
52
0
2
15
1276
1
389
82
0
6
3
10
7
1
9
0
0
2
2
16
0
85
2888
1158
104
1
184
217
0
0
13
0
0
0
0
0
1
1
5
40
571
1313
0
926
32
2316
3
0
0
950
0
1
2
2
1485
3509
13
14
2
0
135
9
37
1172
1531
5
22
3
190
2
11
0
4
0
17
24
29
0
0
2
0
0
26
0
290
231
4
0
1
60
0
3
36
390
641
84
10
219
44
32
17
0
286
19
11
0
2
76
183
16
332
0
20
17
4
120
0
54
0
23
3
56
0
1
0
0
1
972
0
2
1688
1510
54
11
0
4
11
0
0
0
0
24
3
2
0
420
1
8
0
2845
4
0
33
2
216
0
0
1
0
10
0
213
18
1
119
11
1
1507
0
0
205
0
24
200
0
190
0
12
75
0
64
20
5
31
148
96
24
10
7
50
4
248
62
373
0
72
0
59
0
0
1441
29
0
220
1
0
31
86
80
3
140
3
0
130
0
916
0
5
1222
34
0
430
7
0
0
0
262
0
59
52
3
0
875
28
333
0
2
1090
1
0
0
74
12
9
1
1
24
17
0
0
1901
0
11
1
81
95
23
1120
3
1
1
18
2
0
0
0
116
3
0
0
0
912
3
1
2
1
0
26
232
122
51
0
0
189
1
213
0
60
0
0
10
0
20
4
1
25
33
0
458
95
108
1987
0
0
0
46
0
2
3126
2
13
1
2
8
656
38
331
1
2
140
0
14
161
799
0
0
16
33
0
159
462
0
0
63
1062
200
0
1427
1629
0
58
1
71
0
0
50
5
1
1
441
12
76
1543
1
2
0
2
2220
1
2
1519
27
2
2
95
175
0
24
8
104
67
1
17
7
18
864
37
0
202
0
100
0
198
3
1199
123
0
1
2
0
10
0
58
1
47
39
680
1
0
21
103
2
17
0
0
0
5
0
0
0
1351
6
366
6
2648
0
0
1342
391
0
23
1905
0
1360
0
916
0
4
59
0
203
302
0
238
543
3
104
0
7
242
0
6
0
1309
1126
158
0
1726
1
5
19
21
27
2020
2421
22
1
1
297
198
6
0
0
3
533
0
21
4
106
200
98
50
14
1
2
1821
32
10
0
0
0
1
1
145
0
329
0
1
2
10
178
612
0
0
1112
12
0
0
4
1
640
0
6
1
19
6
0
29
26
0
242
67
86
4
0
0
0
2045
16
1153
0
29
1
0
1030
556
2835
0
1
12
0
320
3
0
1
0
2010
53
61
0
173
1538
5
29
0
182
293
0
413
19
271
173
1
1
0
1
79
0
12
0
40
0
1
0
2
13
417
40
0
38
1156
1090
1
125
0
197
93
229
48
739
22
1
1047
365
0
6
13
30
612
0
811
3
2
67
0
1
0
3710
0
0
0
1
2097
3
720
3
156
0
0
0
0
396
0
0
87
87
30
0
2750
996
3392
0
0
1
10
19
0
939
1
191
19
22
0
8
4
1284
1
104
245
0
2
14
107
58
12
0
8
1
2
13
166
0
0
0
1022
4
0
11
35
1404
3
46
0
27
0
69
6
154
287
18
0
0
1
71
235
0
1080
0
226
947
0
3823
0
0
0
1590
0
0
35
1
0
143
20
0
0
0
3
0
2
35
4
4
0
49
2
513
2
327
1
21
0
222
7
0
192
7
42
6
0
422
23
21
21
6
0
1
44
0
0
2
0
0
223
46
2
8
1
95
0
9
0
1
1
116
1360
2
851
0
22
0
19
0
8
169
1
0
95
0
0
24
71
61
0
112
0
2
147
6
89
1
1702
1
1
2405
0
0
0
416
2
99
143
1
0
0
778
40
1
4
1
0
0
1
9
648
8
0
0
154
1
18
6
16
0
0
413
1
0
0
8
0
860
1
115
3
0
200
0
45
55
170
1
0
1
214
1604
918
2
1587
2085
1
0
11
0
0
0
59
957
28
1
127
10
1
1
0
3959
2092
1
84
0
0
78
3631
1
3223
9
1
0
244
0
0
553
0
0
2
11
0
0
0
126
23
1
109
266
1458
0
78
0
137
0
1
1005
0
0
3
319
0
14
66
128
1
0
5
2
796
1297
1
0
184
0
22
0
0
3
11
0
0
365
8
132
1
0
0
8
1
50
18
0
0
253
93
253
0
2
50
0
6
165
894
108
26
605
0
211
60
185
0
0
1999
2
1
7
315
90
169
10
0
88
11
1
1
6
1
0
3
0
6
0
0
1339
1
5
1
983
0
9
153
1
0
2329
1
0
3
142
0
211
3
0
121
5
87
3
1
0
2
1
8
0
11
2
3
135
91
2
14
0
18
1
1
10
31
2
0
97
0
0
2
203
0
2
0
1449
1034
4
1
0
167
0
0
0
86
11
0
86
1
2
131
1525
0
22
1
0
360
61
140
183
2471
1
41
9
113
2
0
331
5
3
141
0
1
150
1
18
6
1
1
0
1
0
18
1
0
2
139
0
1
19
2
0
1
24
391
27
71
0
0
0
4
16
1
1
850
165
1475
2080
2
406
0
11
1
20
255
22
0
954
2085
0
1
0
60
13
2
1
0
0
1000
213
0
16
0
282
1388
0
41
620
0
1
109
0
1052
0
146
243
1301
5
10
2
1
147
11
2467
1
0
0
5055
11
0
956
13
1
7
3
168
315
2
0
420
1174
224
53
0
0
1
0
119
91
1
0
2051
0
890
1308
0
2095
0
0
0
197
15
37
48
28
150
224
0
0
1
0
87
6
1919
12
0
4
1
0
0
0
14
438
0
0
90
210
2
7
3
811
0
36
0
1173
0
0
2174
0
488
158
3
0
3
98
0
168
1
66
0
61
0
191
0
1
1
0
483
188
1
2
12
2
4
1708
0
2
48
19
708
0
1223
2
32
2
3
993
137
0
2
8
0
0
135
11
9
0
1504
0
0
76
0
0
97
10
149
0
3531
1
0
2
0
1
1
1
31
1839
4
2
37
0
2516
24
0
1513
741
9
8
0
639
63
0
852
0
0
0
16
1
1934
257
0
0
0
0
0
1
0
1
17
0
1081
1459
169
3183
434
0
284
293
7
56
3017
0
7
1
39
211
553
0
0
101
0
1
30
22
0
0
30
8
0
977
1775
1
169
10
119
841
0
1843
0
2
336
144
5
0
402
1893
5
0
306
26
0
1
1739
1
1958
0
126
2
13
1
21
1
326
0
21
0
466
0
2
1
827
185
7
0
47
39
0
2785
192
33
11
0
0
1
0
0
1
5
0
0
2124
2
240
0
1217
1
664
365
8
0
7
0
80
4061
0
1
1
439
0
1732
1189
0
3
0
1886
0
290
0
9
0
1268
92
9
0
256
2
155
613
0
77
0
0
1532
1570
20
73
25
2
2850
0
1
3
109
29
1
1
2
0
224
1284
69
2
660
1
0
576
10
16
5
48
93
8
1973
0
96
141
14
285
26
18
182
44
33
12
1
2
146
266
363
12
1872
28
126
114
7
1036
30
0
0
1285
260
0
21
0
67
0
298
0
12
36
2
307
4044
3282
0
0
0
9
101
3025
57
2877
0
744
40
10
338
92
2
9
7
0
1850
2
4
351
0
0
0
4
0
4
0
0
1
40
0
6
0
17
1109
3
282
7
0
133
0
168
1
1
26
8
1
2716
27
7
17
0
3
4008
4
0
0
0
10
11
0
1
0
20
7
7
1
1
357
1
0
3
201
5
2
9
846
6
1
0
397
0
0
6
9
5
296
1
0
285
228
212
8
0
198
0
155
279
15
286
6
22
139
0
0
11
52
2
145
10
0
0
577
0
5
3
3
1
79
39
126
1093
0
675
0
0
14
222
0
0
19
0
29
10
3
9
0
546
0
3
0
0
0
10
2147
0
0
0
78
0
1
27
209
15
14
0
1
0
3
2
13
0
1
53
291
447
19
0
77
84
1
61
311
54
1521
391
1
262
0
1
98
70
152
0
1
109
3049
325
51
0
17
0
0
901
6
18
0
0
0
0
470
0
1
2
1
0
19
121
2
12
0
10
0
0
0
8
0
1
0
22
24
0
562
596
922
3
84
402
1
202
0
278
1
0
3
0
9
1
0
6
705
3
1
22
177
382
468
46
126
62
91
19
235
942
37
3
235
4
2
56
10
153
103
2
200
0
2
378
378
0
154
24
2
120
0
2
0
30
17
0
860
43
0
0
2
203
31
0
613
10
0
1
1
18
1
845
108
0
3
76
92
2
1
18
11
65
10
105
1
2
2
0
0
270
1
0
0
4
103
708
189
2
0
18
13
590
6
263
197
0
369
0
3
1623
1
468
44
28
4
0
77
0
211
143
0
205
3897
7
2443
25
82
0
4419
0
2
71
19
453
0
2125
2187
0
938
14
161
53
1391
0
1
0
62
211
5
2078
10
2
18
1
109
2
11
6
2
2
0
1
186
0
6
184
116
2043
0
1
10
0
5
0
65
5
0
1
34
133
1
0
99
155
305
285
1
0
0
2
3027
33
0
10
0
21
2
0
3167
0
183
17
143
94
8
1901
1
0
12
5124
0
8
9
1
56
32
4
0
0
1
8
23
115
1787
0
1
181
68
6
8
0
243
40
0
0
150
0
3
766
2
10
0
51
0
157
26
0
74
0
1
0
16
0
190
0
0
0
155
552
9
38
1
13
0
1
107
167
1416
1132
232
927
2789
0
2512
0
0
0
1
75
0
0
1
176
1598
241
0
1
29
2
0
0
0
0
0
273
0
1
1795
60
175
406
28
58
221
52
125
0
15
2
58
9
2040
0
190
204
0
394
0
0
2
9
105
172
25
50
18
67
320
10
3
155
0
0
0
1
1
155
0
364
98
288
30
0
1416
80
0
222
69
70
1
6
0
62
21
206
1
1
188
17
1
0
10
0
22
1
2433
0
309
1
40
1846
12
1
1
0
114
2
120
0
11
7
0
0
60
0
325
520
168
77
0
0
5
0
3
158
632
82
0
10
14
40
2
4405
1574
0
0
47
1341
40
141
1
1
2
0
0
41
0
1
3
0
23
268
0
182
0
0
0
64
22
210
1
1
0
16
752
210
5
52
3
0
2
177
1
7
163
0
2
1
3
0
0
106
25
2842
3
103
878
4
0
0
2989
980
2
66
302
73
0
342
189
0
2
87
1
2
0
0
2311
108
1
1926
17
2
1
4
296
13
1
271
125
1
19
0
14
0
1941
41
104
241
0
0
1
21
1129
4
89
0
0
5
0
440
0
1
0
97
0
316
4
2
12
0
33
105
2
4
26
56
0
895
0
28
1950
250
1
1097
0
2
22
3
0
0
1163
0
1
12
802
0
15
31
0
0
62
219
0
1
0
1
0
1
1
568
0
159
3
269
2
753
28
92
0
1
576
0
69
7
328
128
0
1
12
170
135
2664
493
0
5
0
3
90
1
147
2
0
573
18
22
0
0
85
28
4
0
20
13
0
52
11
23
0
16
32
229
1
0
0
239
0
0
0
0
1
45
0
164
201
183
1
6
2
2
91
10
10
73
313
2
0
0
0
12
427
1
27
0
255
2
0
0
1
18
202
5
380
0
0
0
3
3
304
219
1
2210
48
0
127
110
0
1
1
135
18
1
153
897
0
1
0
70
10
16
0
7
0
0
2967
0
345
0
1
1959
39
110
14
1
1
24
1034
326
0
757
243
112
24
105
1
64
0
13
190
12
39
2
27
13
954
0
12
0
0
679
1
154
2
2
0
0
139
2
13
0
1
1
4
0
0
15
13
1
0
5
0
882
38
4
0
1036
2
0
0
5
29
0
1
0
0
0
0
0
0
84
164
6
1
3
34
6
1
697
0
14
393
69
1
1
83
0
29
200
32
5
1277
1
40
87
23
216
0
20
0
120
235
56
56
201
0
2
1
1
0
6
1
0
3
1830
0
87
43
1
77
207
1110
320
0
8
0
0
210
116
60
80
699
14
1081
7
0
0
2
45
11
0
835
2
3
1
10
1
713
658
4
0
0
0
0
1
8
188
0
0
131
1
1061
0
0
0
0
154
1846
1016
0
4
206
0
0
0
1
3
599
98
26
11
2448
83
0
656
0
273
0
22
3
0
1
0
22
0
566
2
2
102
8
1
829
3
31
124
1
157
210
2
0
9
0
360
603
5
2766
0
2
5
0
0
0
2
217
202
172
1
1487
0
33
0
1
3
12
878
0
2
0
0
1102
2778
2
0
1
1161
2
167
0
0
39
0
0
37
244
0
137
198
20
34
0
0
1001
672
0
171
130
0
20
7
2
9
1
851
0
0
6
28
1635
1
21
0
1
173
57
0
0
8
1
0
0
0
84
0
1065
112
0
1
0
226
1521
50
114
167
1
1
1
10
12
11
757
0
98
12
0
260
58
0
0
0
1
256
1134
668
1044
3
22
0
13
1103
29
21
12
98
49
21
27
0
1967
0
1879
0
1817
0
145
202
21
0
35
8
4
1702
15
0
173
2
1
82
0
1
7
2
1102
33
2
19
1759
2
42
96
41
10
737
10
1295
21
2
0
1
438
0
0
122
1
0
53
279
0
92
4
0
2083
0
0
228
324
1
12
18
306
10
30
8
0
339
7
0
0
2
201
150
0
0
0
83
1
0
1
0
4
326
0
0
25
21
0
202
2
3
1
0
964
10
59
103
56
0
12
135
0
18
0
1392
64
12
2
97
43
1
0
2
24
18
13
0
3
1
0
7
13
0
39
54
17
3324
534
0
0
0
372
0
0
14
248
9
26
87
0
0
5
0
99
1
1
0
8
5
286
8
1
153
42
1
8
1
257
10
5
0
0
1
5
0
0
2098
152
2521
3
17
0
264
0
3
3
0
137
1283
2
3
14
0
0
0
209
3
1349
139
294
2869
2
171
26
18
50
1273
0
6
0
1042
2
0
4185
0
0
11
485
0
0
16
0
100
0
1162
7
11
23
0
0
324
38
4
44
2
12
1
1
0
90
3
0
56
0
0
3
53
4
117
9
5
9
1
141
0
22
1
489
819
2004
15
0
0
7
0
236
0
1010
0
25
2
2126
0
4083
41
40
134
0
2
193
1
144
0
2
20
0
1
57
2
42
2
25
0
1
1
925
1
0
5
0
0
22
248
1
83
0
48
16
0
89
11
414
30
2096
213
162
3
250
0
815
316
3
94
0
0
0
63
0
0
26
15
1
38
3
886
16
199
18
149
15
172
190
13
155
11
103
2950
0
19
25
88
1
248
1
134
0
7
22
248
0
225
3
2
4
0
255
0
45
1
1
75
0
0
634
908
0
4
1014
4
142
2
28
19
1
36
0
1
3
1
7
63
0
1
0
37
0
17
2301
731
14
22
0
249
2
89
1
176
177
0
0
176
4
48
222
179
333
851
0
49
3
5
2
111
24
2007
1
20
0
106
2
22
2
377
0
2
49
98
32
2193
254
93
19
0
6
1
70
1
0
24
143
3
30
0
312
1
199
175
347
43
184
31
10
269
1
2
15
5
0
1
0
1
0
10
1
17
0
0
1
0
3288
2
49
48
0
14
0
25
227
349
55
49
0
0
0
0
0
491
1084
1
0
31
5
273
0
0
0
0
0
0
88
18
142
4
14
0
9
1
0
356
4
1977
0
3
1
6
46
422
0
14
0
152
0
10
229
40
20
0
728
0
0
176
2424
2
8
48
11
0
85
270
0
0
0
87
330
434
0
7
0
85
0
152
0
82
9
0
0
0
32
0
314
0
27
175
50
2
0
94
17
97
0
83
0
3
0
81
2062
0
318
1
0
1
1
0
1
1145
2183
1
1
54
162
0
10
185
2
11
24
0
27
31
2300
0
0
0
3
3
419
18
120
1327
3
1
63
0
0
8
0
2
118
7
2105
90
86
0
3
20
280
619
2
0
8
6
0
9
2
2969
159
91
0
1
374
0
1
0
29
35
0
40
494
0
1
22
6
297
14
2158
1
19
189
37
1947
376
0
55
0
7
0
0
177
0
3
1
17
0
0
0
1
0
258
101
371
1
921
1
11
0
0
152
38
54
0
2
152
12
2319
84
257
0
1662
3
3
1801
76
3443
1
0
0
414
22
21
232
20
0
226
0
0
4
162
2
0
257
0
1
11
3
0
1
0
0
68
212
7
0
7
0
0
0
164
9
157
1
208
1892
10
0
2
1
2
0
104
1
11
8
775
209
1
69
0
22
10
0
1
0
20
0
0
74
36
0
472
1
0
51
0
2566
286
31
0
5
88
0
417
339
0
9
50
1
0
1
1
0
1
0
320
210
1
18
102
58
179
225
0
21
998
101
0
0
56
138
1111
2
320
1
12
121
241
0
1
0
155
7
0
218
1803
50
1303
101
9
0
1
2388
0
2
11
0
0
79
0
0
2
1
204
1
158
3
23
5
0
396
1940
0
109
0
99
2
124
0
14
2
126
1213
0
80
1
191
122
0
1859
15
893
1
2
0
50
0
8
1811
304
2204
2
1
95
18
0
17
54
205
2075
120
0
46
0
3
2587
1
233
3199
1
0
1
156
0
0
5
19
2
66
1
113
29
3
183
226
205
1304
0
3
0
0
4
140
27
1
0
60
271
0
2
18
1
58
12
134
0
29
3
77
254
0
2
0
0
3
106
0
2
150
3
2
0
3
7
1
0
170
160
210
5
10
0
2096
5
0
382
8
30
2
6
18
76
0
1
9
345
1
21
2
247
0
0
1
816
1
0
169
2637
1
11
1403
2
1
0
0
3
407
8
1
0
43
0
83
1
46
199
0
5
0
815
31
197
1
0
0
1
13
174
1920
0
5
0
94
23
848
10
0
1589
2
0
0
285
1
19
3151
1
4
0
1
18
247
148
3
10
27
810
0
90
2527
88
1802
21
0
3
0
7
1
8
289
273
1194
72
0
8
3
0
67
8
0
220
0
27
0
180
1329
3
1991
133
2
1
85
1
26
48
0
12
0
1
7
0
178
422
140
0
0
201
189
402
157
5
0
0
0
0
327
19
2264
10
1
30
0
11
1
1
17
134
4
2
0
1250
67
194
11
835
0
180
0
12
78
1
97
2972
15
31
0
0
1038
17
19
498
32
22
77
10
0
12
32
1
2561
2764
0
39
2
138
1997
78
0
1
295
1
0
554
2107
106
3
0
520
1095
0
1
245
2589
18
1858
2
76
290
0
271
314
0
29
0
0
16
0
4077
1
0
827
20
1
1346
3
116
2287
0
0
1787
10
1396
804
0
62
72
16
18
1374
1
312
1170
2
31
3716
0
11
0
0
76
1
0
0
4
8
0
2028
35
12
277
0
0
1180
92
0
215
146
30
108
28
876
0
29
27
1272
32
8
0
9
1
9
9
49
469
1
404
0
0
80
368
2
1137
1
1
0
0
1
2
253
0
1448
219
5
78
115
0
554
2
1601
2
0
1
0
0
473
11
0
0
9
17
2071
25
2
4
0
3
1
0
0
3
428
0
646
17
0
2101
15
0
50
538
881
76
0
22
0
0
2
27
134
8
3
2
1
14
3583
0
7
0
107
0
0
357
111
2
184
0
7
185
119
65
107
1509
106
2547
3
1
1783
0
0
1593
144
30
323
0
79
0
101
177
73
6
1848
82
0
4
1680
217
774
13
1
16
91
1
40
0
3
200
0
0
0
0
163
0
594
631
5
2
0
11
0
442
22
0
40
0
0
2
1163
0
12
109
168
99
878
0
332
228
0
1
1054
233
24
21
101
1978
0
376
421
0
0
12
111
0
255
1
1
10
0
109
6
0
2
3785
9
1051
3
2082
2
40
0
2
8
3
0
9
0
8
0
12
0
13
22
1
0
2
0
0
2
178
45
2
1
0
129
2
0
41
2034
23
619
67
0
216
1
22
0
142
58
5
11
3
0
1025
0
0
63
23
3
590
106
0
0
2
359
1
350
203
64
0
94
1
12
0
815
7
58
489
3503
1
6
0
3
7
0
0
9
0
9
13
7
1323
2
91
2
0
2
0
69
0
0
3
1
1
1
9
55
2
16
0
8
26
1
0
0
0
2
165
13
37
3
195
20
1
2
0
2
1
10
2
0
3
716
1
0
0
2
4
0
87
1478
18
28
0
1009
104
7
0
0
3
1017
0
0
3
240
0
0
47
9
0
82
1
0
1087
15
0
2
183
2
1033
2
13
0
0
2
89
0
1130
360
4
0
0
23
0
17
37
13
0
0
742
0
0
2
639
12
2
189
2
0
7
0
1
66
0
0
247
3
534
0
0
1232
0
0
14
507
273
0
2
31
0
2
9
1
0
1
22
0
0
67
22
0
75
3
8
22
9
0
3504
2810
224
0
84
3
277
1
0
2
1
1
3
6
28
51
1308
13
0
8
1116
657
128
0
1
0
775
407
137
0
0
1
0
8
53
1017
2
2
0
73
12
0
550
169
2144
5
1
3
52
16
0
14
1
166
539
9
1
5
0
115
0
23
21
2
0
7
1
1044
1
4
0
3635
2
117
2537
1
140
0
11
0
113
12
1461
0
201
0
9
3
0
22
44
1
0
0
0
421
1299
114
4
6
1
1
100
47
2
824
29
11
7
0
2471
1
230
32
1
0
0
3
110
0
0
147
12
0
5
278
0
266
0
0
0
282
3
7
29
1
609
730
150
293
0
2
3
0
1
1
0
2
1302
811
61
2
7
0
127
6
194
1
1
0
1080
1
202
92
524
1150
199
18
480
37
0
1
920
21
13
26
9
0
2
147
1542
1650
16
0
137
5
0
9
303
340
483
6
269
13
1
87
1
1
44
0
1113
5
81
364
26
0
1179
410
20
0
2180
138
2476
145
65
7
0
0
13
174
247
0
27
1
6
120
0
90
0
1064
37
36
0
0
1116
2364
0
31
3
1
87
0
74
1680
183
179
598
0
0
0
54
2
18
22
312
10
38
2165
4
64
11
6
4
6
0
285
75
0
2
2628
1
0
12
1
8
4
9
0
361
1
2
5
2978
0
1587
0
700
1667
89
2
2
0
179
0
1526
2141
11
71
1
0
2
119
12
0
0
0
0
0
0
0
23
1021
420
21
0
0
39
231
69
65
1
4
2
2112
1
0
27
3
140
7
1
93
15
22
4
1214
0
0
1365
0
0
13
0
908
0
1
1362
22
21
1
36
419
0
0
735
19
0
53
0
34
310
1821
678
448
1
3
16
688
75
12
1
0
2
0
0
707
2
3
0
0
14
0
0
2
44
2
0
331
17
56
56
7
29
1
44
9
3
0
3126
0
6
0
93
159
19
25
0
1938
0
1168
0
30
22
144
4
1
11
1
4
0
1
76
3
0
82
74
0
82
20
0
19
17
391
101
200
4
1
41
123
0
0
5
2692
2941
35
61
1
0
95
0
2
0
22
194
223
4
59
0
2
4
1
3
10
107
2883
0
0
0
0
113
0
18
6
81
21
0
18
27
0
0
2
0
120
0
0
1
117
0
0
1
0
253
15
1271
7
11
97
6
0
134
0
0
18
5
20
176
21
3
21
0
369
12
0
207
2
185
1
8
0
87
1
2116
38
12
146
217
51
17
1104
0
0
15
46
2
13
157
0
1
461
35
0
176
0
914
594
7
43
144
0
925
0
868
0
283
1
0
8
716
13
7
37
11
0
875
163
625
171
0
13
0
11
4
1088
1
0
676
6
638
0
0
1
215
2
912
58
676
1
4
303
0
2
0
2
0
0
11
9
2058
4
0
0
0
11
0
8
838
0
591
2
195
376
0
428
46
18
11
264
9
46
1633
11
730
2
92
54
254
0
2
140
0
0
407
1
0
78
49
0
0
112
23
1
29
0
132
0
22
0
1
91
0
0
2
1
0
31
11
841
10
141
33
10
10
1
1038
0
0
2
51
0
1
1088
0
4
0
10
0
1
24
0
0
1241
10
4
149
1
8
1
0
5
0
0
3
0
0
44
10
1
265
0
10
5
1
1
294
0
112
0
96
1
1213
0
12
0
8
251
0
45
0
1
215
4
15
1213
262
6
3135
284
44
8
2
61
2
150
0
0
338
1849
0
0
21
90
0
331
893
0
216
15
77
20
76
0
2155
18
83
6
594
0
56
133
0
2
3
1
43
1
183
3
121
709
2803
0
0
3056
9
1024
2941
0
35
0
1470
0
0
9
13
63
13
5
114
141
109
1
0
113
0
2
572
9
1028
10
1092
0
948
18
0
200
305
207
0
9
0
1
294
84
1
11
2
3332
12
678
4
15
1
2
1
67
0
208
1
1
2
1
0
0
2396
627
1
3355
0
3
391
162
10
0
2633
27
75
0
219
3
0
0
6
265
38
0
0
31
30
99
0
317
1
2848
255
395
4
0
1
0
2
0
20
0
364
0
1
56
0
0
0
0
0
0
0
1
1106
11
8
1
1937
1178
5
20
20
17
0
1
10
0
0
11
0
954
17
0
0
0
1
127
2
122
11
0
18
237
1412
35
19
2
0
849
10
0
61
1
705
2
1
2472
8
2
22
280
1
153
18
1
0
371
738
2130
2173
0
0
1
48
0
0
156
5
195
0
0
3
6
10
1
45
39
39
0
230
0
0
0
19
4
946
0
2998
20
107
0
190
166
369
70
0
0
1
0
13
0
26
9
273
1
138
1
2
1
1
0
0
3
73
34
0
2
12
8
2
26
0
395
24
0
826
150
0
668
3
20
0
105
39
2
1
1326
1
0
2
3
18
205
1870
2
260
0
137
20
250
31
1459
1
8
0
34
125
1
1
27
5
1530
1
0
0
1
1
0
1
11
1
1
24
2480
2
550
0
4560
0
241
0
0
3
3
33
1
7
506
1
0
0
28
0
46
4
1380
0
0
198
0
0
0
985
2
4
1
0
117
223
172
523
35
0
0
1
0
81
155
0
6
1
10
287
9
0
1
12
3
2
1
95
118
0
9
92
0
30
21
2
163
21
26
20
93
1
0
2374
0
1661
306
1
1
9
0
21
3
0
0
91
19
16
0
147
66
489
0
0
0
126
687
72
2
1
273
19
1
0
7
15
3
0
0
0
2358
0
33
1089
2
1064
7
0
21
0
9
0
0
96
17
2489
4
13
6
3322
2968
0
2
0
0
0
12
0
0
131
95
661
2
0
92
0
0
0
0
1556
143
992
76
1
8
0
0
1
16
2
5
0
133
0
3
1772
0
2
2
235
21
2
18
56
3
0
15
0
4
1
215
0
0
41
0
0
2
677
246
2
5
48
244
0
1
9
10
0
0
15
0
0
98
259
0
0
146
3
620
58
2
0
113
18
489
326
0
0
139
2
0
0
1
2694
2024
0
0
16
0
1
15
413
33
2
4245
28
2224
1503
136
3
1
0
0
1
7
105
1
17
22
114
899
2
591
516
11
39
321
1
0
0
0
56
1163
0
871
8
2551
18
109
0
1520
145
79
914
0
4
0
29
1322
8
0
34
2
18
5
0
32
163
0
67
0
2
51
20
0
0
0
170
18
1622
12
26
56
0
19
2
0
52
973
0
119
1338
11
2
1
0
138
2795
1005
0
1989
0
19
136
138
2
364
11
42
5
0
103
0
1
40
1
1
102
95
129
20
291
107
2
3491
22
8
156
357
0
1300
277
14
0
325
17
0
0
47
1
1
0
21
0
2
18
42
0
96
118
64
0
0
562
2
3
0
0
0
1
11
284
146
240
0
0
56
14
2393
52
0
11
186
38
73
722
3633
12
11
184
302
148
0
16
102
0
8
0
3
5
5
1
0
27
16
1149
93
0
512
16
1
1
0
369
17
7
4
68
0
0
153
0
0
0
1151
7
74
6
2
1
7
3
1509
1
1
19
1070
8
1035
24
0
0
4
37
222
0
2069
20
1
1483
0
1
0
12
0
10
0
0
1659
0
0
201
3
42
0
1
102
209
1
5
552
2738
828
4
19
0
1
948
3078
67
0
2273
103
0
2
168
87
36
0
0
8
0
29
0
0
144
0
1009
17
0
0
207
314
0
1944
14
1594
0
0
1123
0
15
0
9
188
586
464
69
0
4
1981
102
1
77
78
261
0
194
1
2
30
1
0
1
0
9
14
83
59
0
0
0
20
0
20
65
0
0
0
109
2
37
1
76
194
1
0
1
29
0
0
3
2
479
0
2
9
0
169
10
64
91
10
40
35
1
4
1
6
4
5
0
182
0
3
0
5
50
2
2113
2
75
7
6
62
862
0
0
6
0
102
19
163
0
0
1106
0
8
218
0
996
186
3
1
103
276
33
77
0
253
4
0
0
133
0
1
2
8
1
84
17
75
0
0
320
175
9
4142
2
2
658
0
1641
1
188
11
3
1
7
16
0
0
6
26
0
977
939
0
148
1410
573
50
0
24
12
1
98
1
2
0
0
957
31
0
25
0
0
1
0
0
0
1
68
0
3
43
1
1349
288
1
1
5
182
1595
3
1401
103
1
0
45
85
1644
2925
141
5
96
120
105
237
181
299
0
123
10
1
0
1
1
3889
116
266
3
1
1542
0
0
49
108
3
1
0
0
0
5
0
259
18
110
79
0
6
3
6
14
6
12
37
206
1
1934
28
2
2
1
0
1
37
300
2520
1
1
0
134
16
173
17
0
22
3410
1
10
5
157
0
113
0
2
1
13
0
111
815
0
2
36
206
1
2201
10
1
3
2
0
0
0
1130
4
0
54
8
73
1
0
1
0
38
90
0
10
2995
107
19
0
18
8
182
1922
2
68
20
2
1196
82
0
0
0
0
1
3289
1258
0
0
204
95
202
17
80
0
2238
2
2210
1180
179
52
745
5
0
109
0
353
0
0
23
0
141
1
2
0
78
580
0
9
0
1107
125
1
6
0
27
0
1011
15
0
2140
0
90
287
0
2
6
0
7
0
8
1
0
0
1
722
9
23
5
364
2
2
0
1
0
250
128
1
869
1
2
0
32
33
19
1
4
5
368
68
1
219
99
334
30
612
23
3
164
1
208
1829
0
168
11
1
46
19
1
0
46
1
2
1
151
203
15
1
0
1
0
147
1
34
1089
30
2408
0
1
1
347
11
9
0
116
1
0
25
0
68
1659
67
18
0
0
8
1
0
0
2
111
53
536
1622
66
0
59
0
0
10
0
20
1
0
4
8
3
0
24
310
284
11
575
210
0
219
29
0
15
10
82
3
7
0
0
3
212
936
845
7
1
16
0
33
295
16
3
31
135
2150
126
0
761
55
0
0
1
8
110
11
122
1
2
40
18
10
17
2
1
1
0
0
126
2466
2
0
0
8
3114
2
0
1
12
0
0
22
81
2
21
92
24
1012
127
5
6
41
145
0
299
106
5
0
10
10
155
23
0
31
19
21
1095
13
11
199
0
1
1261
252
106
0
0
0
0
1
460
0
0
10
117
21
2050
4
15
0
22
0
112
129
0
0
435
532
1
103
1
1
1682
10
0
20
610
0
1743
9
3
10
113
0
10
57
31
0
113
324
0
9
15
25
0
0
11
1
625
58
680
3
1238
79
0
1
16
0
2
11
0
1196
0
0
0
0
942
0
0
2
1
1
46
1
95
92
0
31
0
157
0
0
0
69
0
1
1
86
4
20
159
0
0
0
11
0
15
802
18
1
134
0
62
1223
0
1
0
0
1
17
514
1
9
56
21
97
0
0
1016
40
80
0
2
17
0
0
2
263
0
1
1258
0
2
1
0
3
0
148
105
2788
0
3
171
933
75
0
88
11
739
6
2398
282
980
0
72
2442
0
15
0
35
346
652
17
441
181
1
653
0
0
3
0
3
2
0
0
0
1260
1
1247
0
1123
0
10
0
73
58
8
0
222
30
0
1384
3
0
11
0
90
2
0
0
0
83
11
0
0
3
0
28
0
1
19
2
0
980
143
8
2
80
43
202
0
14
0
176
0
1509
1
5
1746
6
0
1
0
398
3
119
0
0
0
194
209
0
1
1750
0
0
0
271
0
234
172
0
278
1
0
1
3
0
209
4
29
230
2
2
0
43
0
14
76
0
1
53
1798
11
0
0
35
3
516
1
1938
153
2
5
10
11
20
135
0
3
0
1099
0
1
10
121
0
794
1
0
0
1971
47
7
14
0
3
2772
152
15
2
1021
0
10
0
0
0
0
0
0
0
92
114
1
120
1766
592
54
14
2425
15
0
746
93
2253
0
3359
5
1
3224
0
1
2
1
0
0
3
896
101
52
876
0
0
62
0
25
1
0
0
80
1744
0
0
2013
2386
217
0
1542
0
4
41
1577
616
16
3
56
1
97
1679
1
0
102
88
234
99
7
0
0
16
19
9
10
0
78
0
0
1
0
31
0
1
1
0
592
0
1
0
5
1195
2
21
14
6
0
1262
2108
2
0
45
25
1
10
1
112
38
0
3
0
0
23
3836
3
30
11
0
1
78
5
0
108
48
0
0
0
0
10
0
8
3
93
795
3
61
840
195
2376
0
200
7
9
26
5
1
1
5
2
13
0
231
216
1
109
52
0
1
11
0
371
0
59
18
3
0
3
1979
1
18
0
61
100
1
0
0
226
83
35
31
74
0
0
188
7
1
0
1429
42
0
17
0
0
0
11
49
1984
58
0
16
1
1517
8
0
1100
2
0
0
6
15
2038
9
53
0
44
10
16
2
0
9
273
32
12
0
0
13
929
5
0
21
5
0
8
66
0
2
0
2
0
1228
1977
2
2
75
0
2
4
177
2
1697
140
0
73
3
25
0
0
0
2
2
0
79
1
36
0
8
4
0
2925
0
110
0
10
0
2
1873
1
2658
1
0
17
1
108
979
9
1164
0
0
3
192
0
20
1
165
14
0
20
81
1
1
163
2
1
1244
0
2
32
0
3
0
0
103
0
87
5
5
483
0
30
0
1745
4
32
0
0
0
0
316
3
288
0
1356
4
3
10
0
0
0
279
794
1321
0
0
0
0
0
0
0
0
155
292
2834
0
1
2
82
44
4
0
2190
0
4
6
21
0
395
180
920
106
0
25
3
0
23
0
54
0
274
0
16
0
66
3
2
0
0
0
2328
9
30
1
5
229
64
71
2319
347
0
0
791
1
67
3
220
255
0
804
1
80
3
0
134
74
1
18
0
870
54
2
118
2
14
0
4
0
130
0
86
0
0
2
0
2239
1
2
51
0
2
12
0
0
0
0
7
0
0
0
170
35
0
1
11
75
34
1
7
79
0
13
45
1
1663
0
0
72
6
0
1
10
0
6
38
1
18
1
0
0
0
0
235
0
1
0
18
1617
0
0
28
197
0
4
21
191
1364
0
127
1
0
2
183
0
83
0
133
1
0
0
0
235
0
2
2958
2
1231
2
0
0
0
13
2
23
441
61
0
145
0
3738
45
222
17
3
98
12
610
0
22
2
0
1
0
29
1
1
333
28
172
14
15
23
256
0
245
2
0
1
0
0
2
13
11
2271
0
2
19
68
0
191
38
0
2
4
496
38
0
2
0
149
123
640
0
0
27
0
5
21
69
0
2
83
3
1
1
1
8
1102
9
0
309
97
1882
933
99
0
469
3
0
1
87
25
1264
217
1788
13
7
130
12
295
0
377
2
13
1
0
3592
20
22
0
214
12
0
74
0
2
199
28
15
1572
150
0
27
3
0
165
0
48
2
47
2
3
12
0
13
0
0
5
5
0
39
2
884
16
1416
219
0
0
1326
3
74
0
3
12
131
138
61
4
3
18
1
27
80
271
0
15
298
1
3
1611
60
0
793
0
1
76
5
0
71
1
0
10
60
633
148
784
19
0
2
0
530
3286
16
0
51
491
3
9
0
2
64
0
2
10
69
38
0
12
0
2
7
0
0
10
0
2
2
139
169
147
14
16
0
159
1629
132
1
0
0
145
2473
37
166
0
0
0
1
1378
0
0
2
3
7
2020
19
23
163
0
26
2289
20
19
1
0
0
78
0
4
1
287
1983
679
0
0
0
47
1
0
0
109
95
96
5
16
0
84
4
0
1
4
3
24
0
0
0
28
40
39
0
1
1339
0
0
27
685
0
30
1
13
0
1571
416
45
0
1440
0
0
1
6
0
1
98
7
0
0
0
90
0
0
1
2438
0
0
784
0
592
17
388
0
3
328
1
1203
12
2
0
1
1326
192
104
107
10
2
45
90
126
0
0
1681
2
0
1235
0
1
22
28
13
87
263
3
0
2
0
0
8
161
1148
0
110
7
7
147
1
9
0
2
10
201
1380
0
61
18
1
8
835
1519
1
107
23
110
222
2
0
119
10
61
321
0
7
0
31
874
0
1
15
2513
147
0
8
6
10
3
285
169
1
840
1
0
1283
10
328
326
156
17
20
18
0
4
0
0
314
0
0
0
21
0
29
1609
2181
0
0
0
87
1092
0
0
144
240
691
0
2
1046
5
1655
0
0
24
17
0
0
796
0
0
546
106
68
9
0
2
0
0
16
103
2397
1
13
0
1
1089
109
900
0
14
53
0
1036
0
1
1946
20
1
18
0
9
4
3
1
0
2
573
2
171
1430
278
24
35
0
1343
9
6
1
17
0
0
121
10
79
824
2
0
15
1
121
10
106
13
4
1
6
46
19
1
7
1860
0
42
0
104
22
0
0
62
0
1
20
9
2
71
0
0
1
2
1
0
0
0
2
2
2
22
0
110
231
127
2972
0
14
2
0
348
12
0
7
14
966
2421
1
0
130
15
985
588
172
0
3024
63
70
703
2
5
0
3
223
143
0
12
0
1
3
0
90
181
0
90
0
114
0
8
2
0
0
122
3
0
17
265
1509
89
0
66
108
79
1
54
67
2
0
0
3
1
1
0
0
12
4
0
107
0
40
0
1768
62
1
175
23
11
15
0
0
0
100
0
313
98
2
96
2
7
9
0
0
52
3
7
0
0
2
1
2
1
26
185
515
1
12
0
0
89
2
0
896
94
1153
1
39
23
32
330
1
23
4
8
818
56
9
39
2004
24
1648
151
8
26
0
0
25
1957
4
1
45
0
268
169
1
13
808
16
3
0
11
240
1
195
332
0
156
12
82
1012
85
287
25
5
12
2
0
0
417
2431
0
11
1087
9
32
15
11
1655
14
147
12
2
26
2325
2
8
28
41
2088
22
0
86
29
403
0
3521
67
1
97
67
0
0
87
1178
32
0
0
10
1
0
14
2832
1018
2
1
11
1
61
45
0
18
7
4
31
38
2742
2
0
1
1786
87
2
987
1
1
0
72
13
6
1
1165
0
2
0
2113
63
9
17
2596
60
1
7
10
11
3
1
543
2
2
50
0
0
45
30
0
31
2
380
328
92
0
11
0
0
0
595
8
3
0
279
174
8
0
0
0
130
3
10
24
16
3
3018
2
49
11
2041
7
1
1
254
56
0
12
145
0
17
0
0
5
9
0
525
853
917
28
0
2219
102
0
2
1
10
124
10
2
2
288
0
164
0
2
1
63
3
1
0
0
4
814
196
1252
849
0
3
62
11
1
315
1
18
7
4
7
67
774
3
2
0
1
0
0
129
1
368
1
2204
0
49
0
0
0
77
277
446
33
2
1
6
0
44
1
1
27
1
100
70
0
0
3686
3668
22
0
0
23
82
643
1
15
3
68
3
9
8
889
59
1
3056
640
193
2
2
1
26
0
2086
1
0
0
2
1
0
0
0
0
67
0
8
0
2
0
0
142
3
509
0
0
64
28
1
1
1
4
0
2838
992
3
2
29
1
0
75
79
21
3
0
5
181
5
0
511
7
0
20
0
18
0
1
1
7
205
45
12
63
62
2416
6
79
2
0
142
18
9
20
0
0
20
1
0
7
0
3
425
0
991
94
212
0
0
3
0
660
68
3
382
7
0
0
747
1
102
11
7
167
3
17
2
2832
2
60
9
0
19
1
0
3
30
57
1106
1
1
4220
53
1303
67
480
0
0
4
2
0
2
1137
146
0
35
0
0
1
863
24
0
2375
1
212
146
12
2
35
241
28
0
5
311
3
0
904
160
222
1397
1
11
8
0
0
7
0
12
4
1490
47
104
0
23
1
0
0
11
139
30
0
1
29
1
173
185
0
1183
0
0
1370
191
0
1170
0
0
6
133
1
18
0
1
11
0
71
0
639
26
0
0
28
1584
214
1
0
20
91
11
0
122
2
0
183
5
0
782
429
6
0
0
999
47
0
0
12
2
2587
12
2
1
13
0
1
1
10
98
84
0
140
1
1
130
72
274
17
29
1
522
41
0
250
4
152
0
109
0
320
6
619
1100
148
2
1
0
15
0
213
1702
83
0
638
0
0
3
28
33
84
1
22
0
0
0
51
9
1
0
3
0
2121
57
61
0
2
15
0
2
18
0
0
264
7
2
120
1
1
116
0
79
0
0
9
0
3497
0
0
0
172
200
307
140
25
8
1
0
40
19
2243
483
0
75
248
0
1098
14
10
535
143
242
40
155
36
447
50
0
0
2
1
960
22
2
2
33
23
301
0
1173
642
2147
44
11
1115
2
1311
4
138
340
0
0
5
50
985
295
644
0
510
0
0
0
5
5
2
0
0
89
59
4
0
0
2
21
30
2139
1
18
2548
140
74
0
0
0
569
6
0
7
96
367
2
6
1
26
2
36
47
26
2865
0
12
15
0
25
2
0
0
1
77
0
2
202
0
0
2
727
1
0
3
317
223
2
2
0
1
214
0
0
61
0
0
0
0
50
3
2
62
10
0
15
24
4
57
79
0
8
2
127
5
145
29
11
1
6
278
0
1
1
0
76
264
1
0
0
8
198
211
1072
1
0
0
650
0
50
2
0
31
2
0
215
0
1
379
0
0
0
269
2
103
67
1
0
1
3
7
0
7
321
0
874
0
1223
15
0
3
0
13
0
1
1
2661
9
0
463
23
17
176
450
0
0
0
17
0
1394
1211
4152
18
0
0
17
469
139
7
8
1
131
195
106
0
18
85
0
20
1
978
17
1
10
1
22
117
3433
32
5498
24
23
15
89
35
0
3
0
1
0
199
59
3059
6
8
0
311
0
0
4
61
15
6
1
0
0
0
5
42
489
0
22
141
353
0
1
2126
0
258
0
273
3
17
2
22
0
73
0
0
2752
0
0
0
255
0
1759
1
133
0
1
0
0
0
0
1
408
1
2
24
29
0
0
0
2
0
0
0
1
2
65
0
0
0
201
0
0
1530
239
1
1233
1
1027
0
1
190
820
7
0
1
10
1
0
460
0
26
0
471
0
142
511
3006
12
1124
19
210
107
4
77
210
1
141
14
0
9
912
1
25
22
526
47
21
6
28
3356
1856
38
0
0
30
759
0
202
12
1
319
67
11
0
233
0
2
20
1
1214
0
1
39
26
1
0
0
0
105
12
58
14
2
6
193
25
322
4853
0
13
0
2
51
4
5
0
58
1920
0
0
405
30
2
0
21
252
1
1096
819
22
1
27
194
0
0
0
1
33
40
1617
1
1
191
18
0
20
36
0
2857
11
172
1580
92
742
3
0
1074
0
202
0
20
94
221
9
73
282
0
0
20
4
806
1
2
0
40
0
0
26
0
0
0
1
0
0
0
22
184
16
3
5
5
1
0
0
0
0
1
3
0
3
14
1780
6
614
1
55
0
20
15
0
293
955
0
1
1
0
111
5
1
0
0
16
6
0
65
1
0
2
0
0
131
1
0
3
0
0
1681
0
83
1
20
31
1
490
0
0
20
0
0
11
3
0
11
11
0
0
77
145
0
1
6
0
1
72
705
27
0
1399
309
12
1374
118
52
2093
274
11
21
0
2
0
0
284
0
4
2
987
2
15
1
6
19
0
197
0
22
147
317
2
345
5
0
2
11
2
1620
3
76
330
0
112
1
0
0
6
31
10
2
0
105
336
161
116
0
5
222
12
13
0
2
1
14
243
3
38
1
1
9
8
3
1
9
40
0
14
0
17
17
1
280
15
20
6
10
211
42
1
1
834
1
37
0
1
177
309
76
710
89
0
60
0
0
8
95
156
618
21
31
0
73
5
1
0
1223
2
0
11
8
0
1
9
0
3316
1
1504
0
1
0
0
214
13
0
6
7
86
773
11
3
1
14
0
424
1
0
1
0
0
0
0
0
0
0
30
20
11
0
35
6
3
0
1
0
18
2
1031
0
49
53
1
37
1
0
158
372
1
18
36
1
0
11
1
31
81
0
1
20
7
791
0
0
0
5
0
0
362
349
778
18
1
1
168
71
164
16
9
160
0
9
16
12
934
5
887
2
837
0
28
0
8
74
59
4
2
2
192
12
2
0
1
12
4
88
1464
11
0
339
297
5
5
187
8
2
206
1707
0
0
1
1
3
60
9
0
38
716
109
8
175
72
0
82
38
2985
772
0
0
0
771
18
54
2
57
1
1
10
0
2216
6
16
0
424
0
200
53
79
5
6
864
142
0
2
28
10
0
1570
13
0
2414
3585
6
1045
9
0
30
5
18
13
1
0
1
2
153
501
2
21
2
1107
0
403
1
16
35
68
2
5
50
0
1215
0
0
1
16
177
2
2
3046
103
4
1
245
0
0
0
1452
0
1
33
20
0
1
23
9
25
2
2832
0
15
2
3
799
1
156
0
0
6
0
1
1
928
1
0
0
0
114
44
0
3420
80
0
0
72
0
0
8
3
0
1027
0
0
148
31
2
70
1
0
210
3
1
1
1217
9
2
1380
0
16
3
1983
0
0
0
0
77
1
0
4
0
0
56
8
0
0
223
382
1100
1061
3
15
1
1
251
207
0
0
0
0
0
148
0
6
25
5
0
92
1408
0
13
11
0
18
5
1
15
1704
0
0
3
1
2
0
1
1723
0
19
0
485
0
0
1
8
144
43
1
25
0
20
8
0
0
0
7
1
22
54
0
6
10
0
3
0
2514
9
207
840
0
33
7
2
72
0
30
7
1497
17
17
0
0
0
1
0
161
966
2
2021
139
6
55
550
26
2105
0
9
1
8
33
19
0
2246
5
7
0
0
0
0
1
0
0
16
43
8
221
13
1
264
27
54
2374
8
1
0
2
604
0
7
2293
54
1
260
159
374
1
21
5
0
2
0
0
122
380
36
55
0
459
0
7
28
0
117
0
3
178
4
0
79
99
5019
2250
19
4
253
6
154
0
16
1
0
0
0
0
1
65
0
0
1784
0
98
19
0
1
0
2
1
0
19
0
11
523
0
0
1
192
7
5
0
881
32
104
1
179
11
1
37
1286
0
15
546
2
228
2
0
9
107
0
3
12
1
230
367
1
0
4
2
0
0
9
0
0
2
35
0
3
12
0
2
149
0
5
8
21
872
16
561
0
207
0
682
169
81
7
0
0
0
0
10
314
63
0
5
0
4
1801
71
3
0
0
94
0
115
3
2
1940
0
177
339
0
0
0
784
3
16
8
0
51
15
7
19
0
1
0
0
4100
9
910
64
14
28
471
0
157
5
33
54
158
1
0
0
11
149
1
171
0
56
0
0
0
0
6
0
8
414
1
0
149
0
745
451
9
0
1002
0
8
0
690
14
83
0
23
2
0
5
0
29
0
0
6
664
5
27
1
270
1
100
1
1498
11
0
987
178
9
1193
0
2
0
0
81
1
10
2
147
8
1
29
0
239
323
0
6
22
15
0
0
0
0
193
113
1734
4
59
11
48
5
0
9
23
3
1
31
1
1241
17
10
1434
0
0
3002
0
102
1410
0
42
0
0
69
51
31
64
0
0
0
0
945
857
1781
46
30
259
1
1
1115
144
0
13
5
0
2
2
1
5
0
1585
0
9
15
0
196
13
14
1
312
0
0
12
0
2
0
94
1
42
110
1652
0
229
79
1
29
1030
8
1
9
0
384
30
0
1
3
31
0
13
0
0
2
95
0
7
158
0
0
0
4
1
0
34
168
0
9
739
944
1
281
0
1
10
12
8
0
389
0
0
0
616
0
85
1
1
1837
308
1069
19
1
1
51
1
0
0
1
974
931
0
0
43
0
211
0
178
0
2
22
887
1
81
896
973
1
58
1
12
0
8
10
17
1
326
9
30
2
1
0
153
2
2
30
11
0
0
121
152
0
95
14
0
0
28
1
113
54
4
1
191
283
357
0
5
80
197
1
0
0
15
0
19
1
12
548
5
778
259
0
1171
0
2
0
5
131
96
2
4
20
3354
1
0
11
6
1
1
304
6
1
50
0
0
23
85
2
162
0
1550
0
88
10
28
1
1483
1
0
0
5
94
17
63
16
56
2
16
8
0
413
145
8
0
2
1609
88
0
27
35
0
96
0
18
112
1
9
0
3490
1843
0
135
175
368
71
18
10
29
0
8
35
180
6
73
0
748
0
2
0
1073
27
356
0
0
97
941
970
8
55
200
0
1
87
7
0
0
293
3
257
0
110
1541
0
245
0
66
180
2
85
0
0
8
337
0
1
109
730
209
1265
11
2
0
1
932
42
1017
1087
269
799
0
877
28
0
6
20
9
5
2098
236
1
3
11
1424
207
2
0
0
1
0
2
1
18
0
1
10
113
0
14
0
2044
0
2
6
747
54
0
1
0
4
0
18
10
8
0
77
10
185
0
74
1
1
193
2
84
1686
289
62
0
1591
20
1
0
2097
8
213
41
176
0
9
3
2
0
61
0
0
2
11
0
3079
1
0
0
192
0
0
1
950
1618
0
8
3
6
95
0
65
35
0
1522
0
0
697
0
0
3
49
1703
14
0
0
627
0
2
45
18
13
9
751
1
177
249
9
9
3
1252
1648
11
0
291
0
54
8
176
144
0
82
0
0
5
0
117
0
121
1
18
1
0
0
2
10
156
0
0
554
121
21
0
372
0
495
12
2908
0
0
8
0
3941
1
162
0
0
459
12
8
0
253
11
0
0
8
1688
195
5
117
0
0
145
218
0
1266
0
4
9
4
27
201
1
0
21
22
0
0
0
11
136
0
0
0
0
40
10
0
22
0
248
19
130
0
0
0
38
0
0
29
274
0
0
0
559
4
0
60
17
100
4
21
0
881
1
2
0
0
0
0
1893
0
1
2
4
2
0
1
0
3
39
6
186
2793
0
174
5
1
616
481
2
1
2
0
0
12
1
192
2
24
7
0
0
3
17
651
0
176
0
3162
120
0
1
8
104
177
64
80
1169
0
0
167
0
3
0
0
0
93
78
0
25
137
215
117
340
2888
2208
368
135
167
65
939
307
33
306
126
0
1
0
0
0
164
298
0
21
0
2
0
206
0
3
125
8
0
310
34
1
1
1
1
0
2
8
9
0
92
70
32
4253
17
70
3
69
11
534
10
0
78
10
34
0
478
0
0
0
697
0
139
11
295
0
51
0
4
0
319
0
0
1
0
2
2535
3
0
3
0
25
17
7
17
0
226
1
1
359
13
60
293
0
5
0
10
1748
0
97
4
189
0
10
1
86
65
186
12
1
0
0
164
86
0
149
0
0
172
664
860
5
0
1
0
0
0
1
0
90
2206
2
0
2
5
7
0
61
0
0
34
29
20
1080
13
301
13
7
2
0
59
2
27
1
2213
13
1
3
5
0
0
0
0
3
2567
0
0
9
3
535
1
389
48
32
1
6
0
1
89
1011
11
662
10
0
28
0
43
0
270
0
0
1
87
304
0
2
0
82
0
7
20
4
0
14
16
735
500
4
2881
58
1
4
0
0
12
0
115
15
0
78
0
5
69
7
10
34
22
5
12
148
1
60
3
1
31
2
0
15
33
432
22
30
1
183
264
5
17
0
5
2
1865
58
0
0
1909
255
37
0
2
1
1179
0
88
1
1
6
261
0
69
2
130
24
1
0
0
194
0
6
1
83
12
12
0
0
64
52
189
2903
0
0
9
0
326
0
5
2
4
0
0
1870
1674
1
0
3
1
88
0
22
0
20
0
263
103
84
50
196
15
58
1
225
17
77
0
14
0
161
3240
3
0
9
3
86
369
2075
1
2
5
0
195
0
767
0
445
70
0
0
2
29
1980
0
36
1
16
47
0
8
155
0
2
2
0
1774
2195
12
0
12
9
5
1
5
0
46
0
2
0
86
8
2
0
0
136
0
11
0
3
1028
0
0
131
845
1
1
0
1
9
1
825
1
0
6
0
0
0
10
0
0
0
20
1
26
801
126
2
5
360
20
1023
791
2105
23
8
13
0
1
14
0
6
0
454
0
0
260
2
610
10
13
1
1006
32
0
94
5
133
0
0
0
25
91
0
279
53
1
10
0
0
1
0
1733
0
73
2267
10
22
0
11
30
0
0
0
20
2
345
1
1
155
138
0
20
1
0
0
31
0
1
81
4
295
168
2
8
1
102
0
0
984
1267
56
15
115
126
8
1
228
460
0
4
42
1
1001
8
255
13
20
133
299
2
1
0
0
184
2
0
0
20
5
0
9
61
1941
0
0
0
0
1
1
169
73
21
0
1489
0
732
0
2
2
58
5
2526
3
195
0
1994
1
0
4
0
0
5
22
21
0
18
0
0
1
3258
1
15
0
2
1971
6
988
98
5
1
1
1
1
61
1079
125
166
9
1
0
2
0
22
0
0
2
0
0
381
580
0
31
110
18
0
4241
0
112
332
0
3
1005
1916
1
2
0
0
85
0
2
0
0
7
2
420
0
0
3
13
112
0
0
383
0
0
13
348
727
2
6
1
3
2
0
0
0
20
284
0
3
0
0
418
114
110
0
56
25
227
201
0
0
1
43
0
33
1
0
98
0
981
0
2
0
0
0
29
0
64
9
868
443
6
13
3472
2736
751
5
19
0
95
0
0
1702
277
0
0
0
132
56
4
211
47
35
19
16
39
873
10
22
1953
0
1
554
78
419
73
2
41
0
0
17
0
24
1854
149
1155
24
172
0
0
2114
14
1
601
2
0
0
25
0
1110
0
0
0
0
1369
0
72
9
62
3
194
1036
1
0
1
0
11
1
25
65
4
731
0
18
0
32
328
15
98
0
2
2
591
23
78
0
495
106
1
1103
5
1
0
2
0
3
15
1
38
0
2
0
0
0
20
81
0
254
16
176
58
17
0
0
127
0
3
0
0
13
0
12
295
0
2
233
14
122
1
189
9
2
0
107
110
1158
58
1
1855
102
907
6
193
1725
57
0
1
3
22
884
92
1156
0
168
0
3289
672
0
6
1788
1
14
505
0
1
1
0
3
5
100
0
0
9
27
159
190
4
1
0
993
161
82
29
0
9
652
0
1
772
1
6
0
0
2
29
1
131
3
187
264
2
0
25
297
14
115
0
1287
18
0
108
44
1904
0
0
0
41
104
2
0
12
0
2
0
6
0
0
147
9
0
167
1
1
25
18
0
95
0
1904
2
48
1
2
4
1
13
0
34
0
0
611
0
184
0
149
0
18
0
1
2
13
2394
10
959
2
1
44
76
13
2
0
0
1622
0
26
4
0
0
13
6
10
1864
29
22
0
0
1
1
67
9
214
109
49
42
28
0
131
0
2
0
0
1879
0
0
1
1
3
18
154
0
0
0
0
2
0
127
3
35
199
748
15
4141
1
25
0
6
158
1313
0
9
168
56
7
0
2
85
4
9
147
0
0
2
0
0
8
0
16
2
104
37
77
2
0
138
0
2199
0
0
0
109
0
0
512
29
1
0
55
74
12
0
0
773
216
0
53
0
1072
125
138
1
2
25
24
82
74
21
0
71
1
0
92
0
42
1
20
1
67
1
0
0
10
31
0
0
0
3
1
0
0
29
4
1
104
311
0
2
0
2
209
0
0
2
3
3
0
2358
1126
0
0
2
0
16
0
0
260
0
1201
3487
185
5
7
22
74
658
1
418
0
65
0
1
1
0
0
252
168
2
0
0
126
38
3
0
48
0
0
223
14
0
0
2094
7
1195
377
1
36
8
10
984
0
819
86
13
14
1732
497
15
3
0
4258
1948
545
37
0
18
6
22
5
22
84
1036
11
1423
524
154
8
103
4047
0
9
517
34
4
1
4
449
27
0
0
2
93
190
0
153
0
1575
27
0
1
210
14
0
0
1987
4
1
0
212
3
3
0
103
183
4
89
4
1
2
58
9
55
5
415
0
18
0
532
4
161
1
0
33
2
0
295
118
113
36
19
14
108
16
1
76
415
1744
678
1
9
82
0
16
8
116
2
0
0
16
0
68
0
0
64
0
1
145
10
7
259
0
1
0
207
1
38
11
108
0
65
0
0
1634
9
1
15
1
747
16
0
0
0
752
2
0
2
0
81
127
315
40
0
233
223
0
5
19
1
305
152
0
0
2
0
1
0
1
15
40
0
8
1
0
0
6
36
107
201
0
487
15
89
0
2
3
1764
3
83
2
1904
15
0
117
0
126
25
0
1350
0
176
0
0
7
202
0
1807
3
41
14
2475
77
4
0
0
12
4
911
0
0
163
0
0
1
0
946
0
10
24
28
0
137
0
0
20
20
0
27
3
0
0
0
0
1570
0
0
44
2
7
0
4
445
7
320
2
0
0
118
3
2067
24
0
289
74
286
11
0
40
0
174
0
316
0
1
2
18
0
0
145
1
0
0
2
0
20
2
658
8
1
345
2
81
2
0
4
1
4
1
51
0
1
22
0
96
1
233
335
0
0
0
5
89
53
13
16
4
34
0
9
7
117
133
944
0
0
1
0
199
0
1
0
0
10
0
9
19
8
2
95
1298
2
0
2
0
165
648
1
0
24
1534
0
3
15
29
0
200
0
0
112
9
57
2050
172
2
1
0
0
0
38
0
8
2
2593
28
0
1
0
9
4
128
279
102
24
4
17
5
538
1
0
44
1
0
0
6
2
0
3
209
1
39
766
0
59
0
0
291
66
0
378
5
207
0
171
2
0
335
82
2
50
122
872
103
1
222
3
0
28
1
0
2761
0
2735
145
36
0
7
72
0
0
332
0
0
1
99
361
90
85
191
14
77
3054
0
86
1248
10
2
2
58
276
2
0
520
0
175
0
0
1
0
2783
131
1
1048
0
0
2
23
3
0
11
1
1
46
2
1643
465
220
0
3
0
0
133
1
0
0
0
0
0
7
1
2042
113
84
2
0
2
20
2
0
16
0
204
0
0
0
1
1
11
13
378
214
0
0
0
243
1
16
7
0
0
0
389
31
1
21
9
0
0
1529
0
0
85
0
6
334
84
0
3
1
0
3978
0
233
51
1
2496
189
1239
0
51
1272
34
0
197
1
4
695
132
95
0
118
241
16
36
0
255
44
0
0
110
0
22
0
312
12
0
22
