18
38
1686
6
0
1112
142
0
0
0
536
1
2
2
0
292
0
58
72
0
109
0
16
0
193
0
0
46
0
518
7
93
79
0
79
7
7
143
36
3
3
97
0
0
123
53
438
305
0
0
10
1603
44
74
2
65
0
113
1
2060
0
0
512
0
543
243
298
0
2
1
0
111
0
10
2046
1271
0
1123
0
242
0
164
204
3
3
178
16
12
0
247
85
57
3029
5
418
0
0
0
11
132
179
1
1
0
0
11
337
28
7
3
1532
16
596
1
1
2926
0
14
0
1320
156
29
210
0
75
0
1
1
4
21
723
8
0
9
135
144
3
0
84
0
119
20
0
1775
0
1
1184
40
0
6
0
389
1
59
596
1
0
33
241
4
3
5
793
0
246
2
1214
1
12
0
94
12
51
43
347
0
0
0
1
2
4
1
19
13
78
869
2
0
0
0
71
6
207
3
14
9
1
177
243
0
1
1362
7
1
3890
1
0
244
2
351
0
2
299
26
0
1946
1
2
0
27
21
27
29
1
36
3650
1458
0
13
3
1
170
24
15
93
1996
21
133
5
1
0
23
0
2238
1795
0
153
483
384
0
60
430
8
280
14
49
0
1
0
970
0
0
9
2
0
1028
8
23
0
320
2
1
0
62
0
0
0
31
0
4
8
0
28
0
308
68
17
643
0
1
2
1
0
103
0
1
6
3291
6
1
44
0
19
68
4
483
1057
0
29
0
0
179
0
269
81
22
0
1
16
2
11
1
1
242
9
1
3
348
277
15
0
5
0
2
1918
2
8
0
352
677
127
0
41
24
139
109
3
27
0
0
0
1
219
150
1
0
0
419
0
0
27
0
2
1
1977
0
1
5
4
1092
4046
196
3488
10
1
0
161
6
6
744
0
6
3
295
0
94
65
0
10
19
6
264
27
27
28
210
1180
0
320
0
139
31
15
0
0
2019
33
0
24
0
0
599
791
5
27
917
4
787
0
2
151
0
1
3
0
3218
18
687
3
39
22
985
27
545
3
10
1
9
302
0
98
2
79
0
8
1452
16
7
0
2
957
84
1
30
0
1
12
28
1
22
1
0
0
1974
15
0
18
18
1
0
93
1
6
881
28
0
0
74
38
269
908
0
2
19
211
19
2
11
102
0
0
1
2866
1460
9
19
2
1431
0
1513
2
0
20
1
0
22
729
2
2926
3
162
0
29
1
0
301
275
1
1
125
21
2
2
0
7
252
1
1
128
0
1
357
0
2
0
0
0
0
169
656
0
12
0
3
0
10
5
0
7
7
0
31
3
0
3
230
1617
281
283
25
69
0
2
0
3
33
0
1
0
12
0
1
3
3
0
0
13
63
1
0
0
168
32
124
91
2
29
0
0
0
2
0
1
207
370
5
1
1
0
0
175
11
180
0
1
0
26
2
5
0
11
134
2190
286
3
25
45
1764
3
1
0
63
57
1
1694
7
93
150
14
302
0
31
20
117
0
1
5
0
7
0
129
703
0
11
2
208
151
0
71
79
0
0
0
552
2805
251
0
232
611
129
14
0
172
18
1
0
29
0
0
1
126
99
3
1
0
3
0
1885
1
0
0
1683
0
0
59
1599
16
98
8
248
0
1
212
112
0
10
1122
0
16
11
0
66
0
59
1
141
1
0
0
1
0
209
1
25
1
13
110
3
1
14
168
4
0
1
1108
4
0
16
0
46
2
14
113
0
69
184
9
376
0
127
0
0
26
0
12
99
10
1948
433
0
22
1
6
7
0
221
3
511
0
29
905
11
90
0
103
0
27
22
6
163
1
0
31
2
58
883
0
424
4
1284
7
8
30
1
4
333
3
7
24
0
94
0
0
0
40
0
723
1
9
395
150
94
35
0
2
51
75
2176
197
517
0
19
0
1
165
195
40
31
106
0
28
0
6
7
1
7
0
35
0
3081
0
47
1
270
1
0
0
1
0
0
32
21
1156
0
122
0
1691
0
96
0
2
26
14
1
35
0
0
2
1
819
9
3
2
0
1530
2
1
66
131
4
255
13
1
2634
2060
14
1
0
0
57
5
7
642
17
1
0
14
0
14
39
1645
738
1351
799
49
0
52
0
26
120
1
8
0
3
11
2
23
4
20
18
7
0
6
168
18
0
152
2
0
0
24
0
241
86
0
1167
1
10
7
429
17
245
0
1
0
12
2
12
59
12
2709
0
58
1
0
2
151
0
2
0
20
0
86
30
2
0
29
55
20
3
1103
5
3
0
1271
0
0
290
0
1
25
0
8
14
1088
2
71
486
3
0
856
8
0
2589
20
4
0
0
419
0
81
0
21
21
255
0
0
1
1105
9
5
1
0
0
0
3
0
0
0
74
963
0
0
110
0
9
3
22
71
0
15
62
0
1
30
0
2
90
11
0
0
0
4
3
12
0
38
28
0
24
0
96
0
66
2
133
708
0
1
0
1538
0
20
2
0
3
2
1
36
4
0
113
21
1
0
19
294
89
0
0
280
0
10
3
1051
159
65
6
3992
83
21
1
0
7
0
232
15
3
36
2774
51
128
28
5
138
19
46
2
1
2
0
231
236
79
10
0
524
0
0
248
32
2344
0
724
126
631
378
0
0
90
793
0
0
0
11
2
2
282
0
3
17
829
2311
0
0
9
71
293
217
1978
0
209
13
0
682
7
2704
0
2
1
1
1
0
7
0
0
1
141
130
479
1
0
11
270
2
155
7
313
24
9
1
0
2
1
2
0
202
1193
0
191
524
2131
45
31
1990
86
151
796
633
94
12
1465
0
1809
0
16
11
0
3231
0
0
0
946
1
0
8
2
1403
0
1
0
0
24
0
1
0
49
0
1
65
0
1
81
669
0
19
117
453
0
197
11
0
99
0
50
1478
10
1199
0
0
0
259
0
103
0
4
94
258
26
1922
14
35
840
0
0
259
2
12
1
37
83
10
0
1875
81
85
0
72
2
143
244
0
18
0
4351
428
0
335
0
119
22
11
0
2
911
1
0
162
1
1
99
0
116
20
0
1518
1
0
0
1
1
0
92
0
2
31
536
1
2
3
963
0
99
0
1
1
231
0
0
0
1416
0
3
630
0
99
82
999
0
11
0
1
2
1
1
1199
11
1
0
13
2
1
145
0
221
254
9
43
692
0
2207
81
0
21
842
0
653
2
156
128
0
2746
17
13
0
149
0
1
0
11
251
188
0
15
21
0
2872
9
9
0
319
0
0
1
125
35
5
0
0
1615
306
268
2346
0
0
1
2
2
1
0
177
92
1
16
23
99
2
9
1
4
2
1
0
161
1602
15
6
100
70
0
96
0
4
8
0
0
108
1
54
33
0
0
41
0
0
0
0
533
0
501
252
0
0
139
0
3
4
0
2
1
486
1
0
0
142
1
85
2
1
0
0
20
1406
0
235
36
0
55
19
1
370
0
1
800
4
19
5
1
10
1
0
75
1
7
0
791
0
943
5
19
1
1105
1198
10
1688
0
317
2
0
17
0
1
7
61
28
90
0
601
2
12
798
0
53
0
0
1543
4
105
0
23
3181
0
27
137
1027
0
0
0
0
0
911
2
0
4
2
0
87
0
6
66
6
7
124
6
0
16
2
1
0
10
1
1740
0
20
100
7
175
14
1
0
3
3721
1762
250
1
23
167
0
0
1
0
92
2840
0
6
0
0
58
1408
1
1
171
20
0
68
29
0
4
0
0
0
1
9
1
46
244
2663
103
21
1
2
3628
2
357
1863
0
1
0
51
1039
6
33
27
1635
19
135
1
1
10
11
1
148
7
1
2
1545
2954
0
0
7
194
0
24
4
0
0
0
1
25
19
88
0
1
950
264
7
4
2869
195
0
2
2
1
90
0
6
2
4
44
0
136
277
666
5
24
897
1757
71
11
0
1
0
3
263
4
0
2
3
0
143
3
204
16
821
141
2
17
0
74
1
2472
18
0
3
21
36
183
15
0
4
94
0
0
18
1
0
0
1
671
0
0
3
0
29
0
16
243
2
2
288
0
2
0
4
0
19
197
0
6
0
2
173
0
0
1
0
1
40
1991
0
132
0
296
36
78
0
0
208
11
24
20
243
0
4
0
1966
1722
1
1714
2
590
2
47
3
12
0
1
1795
24
59
58
1269
0
5
173
22
9
35
0
46
1683
1
0
9
415
30
201
21
1
1
0
157
13
1
113
0
12
0
92
261
0
1
366
4014
1134
5
3
19
3
1521
0
22
0
78
2
25
10
5
5
322
300
30
178
33
0
1
0
10
0
645
9
1053
965
2
10
0
198
5
127
9
2760
90
10
0
0
21
27
171
6
0
0
19
2
1
0
29
0
1950
0
1078
0
532
2
0
2
70
19
0
0
1
2
6
20
0
18
364
2
22
19
29
18
15
0
1
0
2095
7
0
0
0
9
2
0
143
164
2927
6
6
10
0
955
7
103
0
193
105
9
5
81
71
4
1
6
0
72
0
252
540
579
1
2
0
10
0
0
0
0
2
773
1
40
45
41
7
2476
0
21
61
5
0
0
0
1
1
2
0
44
7
203
1
0
0
26
4
40
3
1
9
2
17
139
0
2
1879
0
96
0
29
3
0
0
0
0
1
14
3
29
0
254
0
1
8
31
70
32
2017
0
76
59
0
6
2
2
25
0
0
287
107
972
0
0
219
0
0
0
0
305
672
11
1
87
0
42
0
3047
0
364
0
3037
423
1
0
59
1
0
0
4
3
2
0
0
3
0
0
126
10
2
0
768
75
27
2
0
1
0
3417
0
2
1
0
1433
149
4
66
133
208
0
0
11
0
0
0
0
86
0
142
0
0
6
0
0
28
6
160
0
0
0
27
0
0
730
59
0
1757
78
1
117
259
826
0
2
21
191
2
2
2004
0
19
7
4
9
2
1214
0
2089
1
11
448
91
114
140
0
2
0
1
0
3
2
795
49
0
279
22
0
475
0
53
0
1
0
1
332
20
30
0
74
0
11
0
2
1
2067
9
0
61
10
4156
0
1100
1
0
14
1
0
1851
0
1
40
0
1
0
1
1756
46
53
5
0
0
1
0
1
1
159
289
12
0
17
0
1
88
1227
0
0
24
1663
8
1
0
270
10
43
3042
2258
0
7
46
8
0
15
0
3472
2
8
1
97
3
206
605
2
19
0
3313
4
5
32
2407
0
74
0
0
260
109
1226
0
133
1
7
2
5
8
1
0
0
1
109
145
29
0
2
914
84
21
0
112
27
289
0
7
180
1
3
2819
0
0
0
86
98
0
10
16
164
371
0
0
135
0
1
2652
21
0
151
248
245
1199
20
6
30
1
0
1
18
185
17
1077
63
3
411
249
7
113
17
277
2
58
0
1
0
1
95
3
36
105
42
1
2
171
0
3064
11
3
1
2
5
736
10
797
103
18
10
0
0
90
57
6
189
19
1
1150
417
693
0
56
97
2130
13
444
0
0
0
0
5
0
2906
1
4208
1
6
16
0
794
2
0
90
8
0
20
0
2
0
0
17
0
31
354
552
0
1
2
340
1194
0
0
98
9
2
920
0
3
4
0
2
3
188
3584
0
87
3
131
21
0
1025
59
1
2725
4
35
249
4
2878
725
0
132
0
2
32
237
384
1
166
0
753
6
78
0
2
6
1071
2
365
1
12
117
986
4
40
1658
249
49
31
0
153
166
3
1217
17
62
150
1
0
1
104
1
235
95
24
2
16
1463
0
1
1
1998
1
535
21
24
273
760
7
12
2
0
2
17
0
0
1
25
275
606
2
150
269
0
15
72
1448
116
0
102
1506
1043
0
1
912
902
220
9
0
89
296
2
1
2
108
138
0
13
0
0
1
0
3
0
98
0
7
18
9
693
1
117
1620
10
1288
8
0
75
0
1937
1
47
0
0
27
1
20
1
105
1289
43
1
2
253
3
58
0
143
60
30
4
0
2
49
25
2
170
19
18
73
1
0
0
1
5
109
0
1240
37
68
488
30
28
3
1
6
180
0
171
8
0
88
0
1
0
698
222
0
952
9
1783
0
2992
65
0
172
1
21
518
222
0
0
1
2
1
0
211
2
36
134
0
0
684
11
104
8
0
0
1
0
4
1
2
0
1
0
0
1
0
0
0
154
149
14
0
22
938
13
1
123
663
0
0
0
14
11
0
2
52
8
11
0
0
0
38
3
29
1
1030
14
4
2
1
0
11
240
52
3
19
659
110
1
0
78
1
2
182
1
0
13
11
2
433
19
462
381
273
838
6
56
0
0
1301
515
107
0
13
113
0
0
0
0
0
2933
2
0
1900
181
16
103
0
0
20
134
167
21
1224
2
105
23
0
22
1
5
2634
22
2
1507
6
0
0
9
2400
5
618
9
2
1
0
3
0
0
15
1242
0
186
137
0
0
2
61
4467
296
542
0
1
4
575
0
47
0
0
0
1
0
0
2
107
1020
257
1154
1704
3
435
34
1225
0
96
0
174
73
0
264
4
0
288
176
1
94
0
43
0
1194
0
0
0
0
2141
31
0
284
16
0
0
939
11
784
0
700
11
1
2124
1843
18
0
174
6
140
496
4
1
1
1
519
187
1164
112
2
6
55
1
296
2
198
0
0
28
0
91
3
0
2
3
14
2
5
0
14
91
278
5
15
0
12
22
1
2
21
7
29
0
0
0
97
1138
1
0
2
0
0
1
6
27
2390
917
448
6
2459
1681
0
1
12
151
0
2
1
40
0
143
41
263
3160
17
7
2
0
124
118
100
46
2471
208
0
1
272
435
0
109
19
9
1
21
6
2999
111
3
105
0
182
15
20
145
0
227
11
79
566
21
0
209
0
612
1
195
124
1
486
0
37
132
114
0
12
0
1
0
46
569
0
0
1340
61
2
2
1
12
1
2
8
0
1
1
76
1
6
18
25
49
2
0
84
0
1
10
1
17
0
0
124
8
0
834
16
1014
1
2
0
1
1271
139
0
0
1
0
3
898
0
5
0
106
6
13
311
2942
4
8
46
897
7
111
0
115
1
0
130
0
153
353
11
0
2
5
47
0
59
0
1680
1
0
2945
971
246
4
33
14
7
0
1648
248
2416
98
2
257
5
0
0
14
2733
1
0
17
30
1
2203
0
1
1
8
1
0
22
36
315
112
2
1156
21
2
2
247
34
0
163
1115
63
16
0
18
1099
0
0
756
0
9
0
1
64
16
15
1
8
5
1
663
17
0
0
0
13
1
201
207
12
0
0
101
2
0
1
0
17
2
14
1
0
0
0
135
1057
22
185
16
0
41
61
2
1
3
4
138
0
179
25
22
977
80
1
76
69
2
3
25
0
0
1
0
0
2
0
3
8
266
0
0
131
0
0
1382
1
3
0
0
18
243
0
0
16
6
14
877
0
0
0
1
2173
46
163
0
125
13
5
341
2
3
30
128
22
78
0
1143
8
11
20
15
2513
0
55
1
159
59
44
0
1
1
1973
2
2
0
1
5
1
3
0
3
1
1
375
883
10
5
0
0
1
0
0
0
189
0
28
47
167
0
0
0
308
0
0
198
0
1
80
108
86
663
0
148
18
1
1
16
2
0
549
0
3
105
4352
0
812
0
1
911
0
1
470
8
15
0
168
7
0
0
213
0
2230
146
977
2
1268
2
1
7
228
3
85
2
158
2
47
533
6
0
20
0
0
11
8
1
0
21
527
863
0
61
2
1
0
1734
1
416
10
0
89
21
139
14
36
130
0
5
0
223
9
0
298
51
122
109
134
0
0
103
18
0
2
232
0
1687
0
0
2
1218
0
288
0
984
1702
1
0
0
0
96
0
0
12
94
2480
0
6
0
79
0
0
3
0
0
27
6
0
2
1046
9
0
209
0
121
4
200
1
0
3
753
0
80
83
1
22
2
21
0
1
0
20
2
143
42
1
345
19
0
23
93
1371
0
1
1
2
1
268
0
0
2910
802
1
48
169
2
1056
1
1867
3
105
1
0
73
0
286
0
1
206
0
0
173
173
0
8
0
0
2
0
1
0
1
0
0
0
0
116
0
105
0
456
431
1
19
52
0
14
2144
112
10
59
1733
0
1
0
23
276
6
75
1243
2358
14
2135
0
0
775
1
0
0
1
0
27
0
53
658
0
102
0
0
2
21
703
1
38
2858
10
0
316
0
0
17
154
2
9
93
121
15
26
2
3
2
4
850
47
1
0
71
95
36
399
14
47
364
0
75
456
20
0
1
618
1
45
50
3388
107
40
123
2
0
0
0
9
1
3
0
46
1
273
1581
0
2426
111
82
0
92
59
65
0
2
1
3
67
65
11
265
0
85
1
2
744
5
1
18
2
1
0
0
6
0
0
6
568
0
1
8
649
1
898
0
1
192
0
614
0
3157
6
0
21
268
2
106
1
0
20
297
0
0
0
5
0
18
0
4
5
65
0
0
316
33
2
1
17
2
0
1
724
11
0
0
85
2
0
1026
30
0
111
11
0
192
6
13
1
132
8
2
8
0
26
0
2700
3
1604
1
73
0
0
2864
12
180
3084
44
0
205
2
0
36
161
55
36
10
1
0
0
96
0
0
23
3
4
1
1
5
0
0
129
30
0
2
91
21
25
0
17
0
80
2730
0
347
872
0
832
10
1
93
0
88
3
1
0
78
7
0
1169
1368
2994
2
8
0
2
6
0
8
0
138
9
2
0
4
18
2385
68
11
96
0
12
0
198
89
74
20
0
26
0
168
0
0
49
952
11
9
0
179
3
0
50
148
6
0
0
793
43
19
0
6
4
21
0
2036
15
12
0
2
1
0
1
111
0
134
0
0
127
2580
76
2034
88
53
2
83
0
13
57
207
3
0
1372
99
11
38
0
0
349
1
1
184
1031
0
1
0
1
1274
0
535
0
1
210
12
12
6
0
0
1
1
821
0
0
312
12
1
92
3188
1
1
14
59
10
0
2
0
478
0
36
40
0
0
1
36
5243
219
1
18
1
5
4
0
0
9
0
109
33
1
0
0
0
0
14
2615
47
749
335
189
0
139
4
2
5
300
164
0
3
9
0
12
1
0
3
143
0
1700
0
2
0
0
0
159
28
100
0
0
192
961
5
19
41
3
157
22
0
0
1099
0
1
442
267
0
100
50
116
0
0
1
36
816
1785
0
14
783
2014
30
1
1
3
616
2
12
215
41
0
6
0
0
71
0
0
65
211
73
125
1
21
0
1
0
4
0
406
361
0
0
134
247
8
1831
91
183
6
56
251
0
2
0
0
103
2
210
1
0
110
1452
0
10
196
0
180
1
1
2
0
0
1
0
5
2
933
2
0
3
159
0
323
0
236
85
0
85
76
0
1
15
2569
1
200
0
54
28
4
0
0
0
80
1
297
1
21
0
0
34
2
1
128
10
87
336
1883
104
1
0
30
92
10
67
1030
2
2
11
736
0
0
9
65
0
1
2
1615
4
0
0
0
0
0
106
114
0
0
0
1157
332
0
0
6
8
0
850
235
24
42
310
6
0
2
14
34
2
420
7
15
75
12
10
5
0
2
0
163
474
96
1048
0
15
6
227
1168
2
151
1
161
1
1
204
707
0
2
1110
0
15
3
0
0
191
2135
10
3
0
71
0
990
24
745
0
1
221
0
9
31
9
2
60
0
8
1358
0
17
0
143
5
0
0
0
1
1
0
0
823
26
8
0
0
141
0
19
0
0
15
225
0
0
4769
888
1
20
3
10
0
5
0
2
87
13
4
1
14
2143
2
3006
0
50
0
0
0
200
92
0
1
17
1
10
40
0
8
3
1
5
0
2
3
0
18
1
3
1
0
0
0
0
1374
1
0
1
0
7
0
0
927
24
1
1
193
1543
36
2
0
97
0
0
1
23
1
12
3
290
0
0
0
76
9
0
97
0
61
2084
7
10
0
227
0
0
2
151
88
1
4
0
2
154
0
0
1
1
185
65
0
131
104
7
161
5
0
2
1318
5
33
0
13
1
85
1
1
16
0
22
79
0
22
175
71
0
11
184
0
1
865
1
2
1
0
4
1
11
456
1
11
46
346
180
69
22
185
6
26
0
955
90
788
2507
2
1
46
765
6
1
2
140
0
90
2807
6
0
325
0
68
290
3
96
0
0
0
0
2
0
0
0
61
1
1
0
19
11
14
20
0
1
2070
0
0
2497
0
0
177
0
0
39
98
94
0
0
3
125
9
0
1
0
453
0
41
0
109
0
2
0
1353
10
10
1
152
38
10
6
647
13
2
22
8
14
381
2101
14
2649
0
0
1688
30
201
0
16
0
3
2976
855
1
0
0
1
10
21
637
857
30
36
1
114
0
492
345
18
0
153
19
2
1675
9
109
2815
432
0
50
1
9
6
0
13
1
1
0
19
3
19
0
1
3
76
0
1
0
16
0
0
0
441
56
322
0
43
491
0
0
1100
100
2
24
0
0
1699
64
821
0
295
51
16
1
1
0
842
2
7
4
44
2
4
0
0
0
62
0
276
1
127
0
0
180
468
70
31
7
2
0
13
1
0
0
100
302
1
82
258
0
0
94
0
23
0
22
5
25
6
372
220
22
0
0
0
3
0
8
9
0
58
6
131
96
223
1
0
0
0
0
110
1348
24
3
9
52
2
126
0
444
142
8
0
13
1
0
877
12
0
999
258
2271
154
0
5
0
42
0
8
2
0
15
471
39
15
0
1
22
16
5
2861
0
11
3
0
0
0
81
0
114
0
0
1
130
0
18
1
2623
1292
692
28
29
119
2
144
6
608
297
3
0
167
0
1038
24
1992
3
80
0
4
0
0
1
2
1
2
62
0
145
29
1
6
278
0
2
28
0
366
1
0
800
21
24
77
56
7
0
43
0
157
568
1208
0
0
0
343
1
0
1
3
13
0
307
0
24
0
346
287
59
0
217
6
0
2
15
1
0
12
1
295
2
15
1
0
15
1
12
97
147
1
1
341
1
0
46
294
0
0
2
701
0
209
0
887
9
0
56
3
19
0
0
345
87
0
14
1
10
49
65
0
0
1
1212
2
0
0
0
0
2
22
35
0
2
438
0
18
0
194
516
653
0
3
0
17
0
1
0
164
0
211
5
0
0
4
0
2
1
79
81
173
68
971
7
163
33
0
0
1
72
0
0
0
0
32
24
17
0
0
1
0
3
688
1020
12
0
68
3
16
1140
327
1
103
3
2
0
5390
160
0
4
1
0
26
1430
1329
323
0
2
1
0
0
1
174
339
22
0
5
10
0
0
0
2
144
88
1
300
49
19
1
0
1
0
758
5
27
0
1
0
0
60
0
13
0
295
17
9
14
7
5
342
74
2025
10
1
16
0
50
2
27
21
0
0
196
0
331
24
28
2
214
1
262
0
16
41
2555
72
131
19
90
533
501
0
13
2
0
0
160
0
0
0
4
128
17
2
0
0
0
12
1
763
17
149
0
0
4
0
1
0
36
24
369
294
25
75
10
0
1
1
2
0
253
1
3
932
18
0
120
19
0
0
0
33
1315
1
0
1
200
0
192
0
0
1
54
165
1173
1289
107
9
0
16
1
1
2
52
0
1827
1
1
177
0
1
2
4
202
4
0
0
0
0
1
107
36
1
175
2188
0
1
63
5
1770
1
0
44
1278
189
0
210
40
3
529
1883
1
95
71
2
0
2
1
111
69
37
2
7
2
1340
187
0
2
58
0
7
0
0
21
0
1822
0
2
3
0
1648
0
3436
7
3
0
4
2
13
0
1
0
0
2
1629
96
0
755
1
0
0
113
40
9
10
37
0
69
10
86
1
0
1
0
1
1
3054
19
4
0
1
1
0
206
22
2
151
17
82
70
110
73
0
71
0
5
351
1
0
3
14
9
2542
0
1
1
1
177
0
2
87
393
0
3566
5
150
79
151
3
253
40
1
1168
1
16
95
1066
0
11
0
5
3955
19
3217
0
12
50
0
0
1
28
3998
0
1504
0
19
4
2730
1
59
5
156
0
1
746
115
1
0
72
0
180
0
8
3
2
181
8
1
6
0
1260
35
1
20
16
1366
0
187
69
85
109
91
263
0
938
6
33
10
4
9
0
0
2
79
20
8
546
1
116
2
0
1994
0
0
1
3
216
2
0
1554
8
9
1
88
1327
0
15
0
0
54
282
3
0
0
2
140
1674
28
121
11
13
122
76
0
362
988
0
0
2
1
2551
2
11
141
2
1
1
0
3
1
11
0
5
0
219
0
55
108
156
72
0
223
9
9
290
0
1
0
2
173
0
474
0
3468
0
0
71
2
21
843
0
249
4
1
7
1
0
0
0
1
181
2
9
54
0
1210
1
923
0
0
2
0
1326
7
1644
0
0
174
0
101
618
0
88
0
0
2
1
1
0
32
167
876
116
341
17
2
776
0
12
6
2
3375
0
2837
0
1
81
1
4
23
1479
202
1708
14
0
132
3
233
33
4
2
1931
0
0
44
0
0
7
1
18
937
0
2838
0
0
13
2
2
14
0
1614
2
1
94
36
1
24
444
0
9
0
3
1
1
19
0
21
10
0
12
7
0
48
0
17
0
7
723
0
51
0
1939
6
4
1027
0
0
139
1
1
14
14
0
1144
1881
2
0
2348
22
0
176
110
1
118
206
1981
30
0
811
0
744
280
0
2324
28
0
8
1
573
32
0
3
5
2
192
1
2002
767
154
3
2
0
21
1
10
823
0
6
0
84
1
9
104
285
249
119
3
0
1
52
0
9
0
1
6
103
1833
1129
18
1
97
9
52
0
20
2
169
348
0
2
51
5
1
1840
69
3
2
404
11
45
4
111
240
0
2
9
0
17
4
2
192
0
0
19
5
102
53
11
26
2411
1
0
856
2304
252
25
0
69
44
16
0
0
2051
0
29
8
2
17
2
282
877
1
0
7
0
4
167
4
1
0
6
3
0
5
0
10
84
26
95
23
20
390
327
62
4
0
1
5292
2
214
13
2181
2
2
3187
2
146
0
54
1236
132
7
12
1
0
3
2
271
1
0
0
1
0
2853
516
1
0
0
0
31
7
4
0
0
8
874
0
198
2813
0
0
2
1
34
145
57
167
0
0
756
0
60
2077
0
113
0
2
19
3653
1
120
1
2
0
3734
10
40
1219
26
3
262
13
0
1043
0
0
0
11
39
95
0
2
1618
1
18
42
135
27
97
0
30
193
0
7
539
2
1
1183
29
11
60
61
274
0
0
3
1
313
4261
0
1
2152
69
150
1
146
0
0
46
0
6
42
0
655
77
3
32
5
0
191
26
0
2293
2
154
441
0
2
1041
270
5
106
0
165
3
80
3
913
1445
1
0
617
2295
1238
239
12
107
0
11
1
266
14
924
0
163
0
0
4
0
2214
0
267
0
1
188
1
1
0
0
44
7
44
6
3
0
366
290
649
30
2138
5
0
0
3
0
19
0
6
0
6
210
14
86
2
22
111
219
82
76
0
0
0
0
0
448
1596
1
547
152
3
33
3
21
0
0
1423
0
5
57
4
75
0
0
0
1
0
8
7
0
378
106
48
0
21
2
7
307
1049
0
2
0
0
70
54
7
1
7
0
0
96
2404
15
88
501
1146
414
0
110
1457
233
0
4
973
0
1
401
1
551
0
2
9
14
0
1
1
86
0
0
982
0
2
24
106
2137
315
0
7
11
1326
1
17
193
0
15
270
747
9
7
0
979
137
1
0
0
6
933
1
0
18
190
1
0
237
209
1033
27
12
4
19
2
1
1
0
21
3
261
2
1274
0
149
21
0
4
1737
125
16
0
0
1054
2
108
289
572
5
0
4
0
0
4061
21
0
4
0
59
178
0
0
209
21
0
238
8
20
29
112
19
0
1
195
6
44
12
0
1885
301
2
0
17
0
68
250
11
103
87
1
272
4
177
0
0
16
0
17
8
0
5
0
0
2
0
0
2
1
65
18
12
36
0
1
72
0
610
11
240
617
5
297
0
432
0
1142
0
2
1905
0
399
83
0
190
117
1
20
1208
1583
109
25
2
19
2
1550
24
2
0
3
1
2
1
2
3175
108
5
0
0
0
163
0
0
183
4
13
68
2
138
0
0
2
191
2
155
69
9
13
1415
0
1437
339
56
2
7
3
0
11
71
168
12
1665
1236
51
0
2741
445
17
51
53
204
80
0
0
0
0
3520
112
1
27
561
306
0
793
19
1
0
87
9
7
109
0
315
1
42
3
960
1
4
20
2
3
48
1
176
1
1
30
3
1024
2
0
3
4
1934
1
10
394
40
9
173
0
11
6
246
1
0
3
0
1239
0
1296
1690
158
1
0
258
3
1190
3
0
825
18
0
1431
3
0
2087
1069
0
0
1
42
0
0
159
632
9
0
2
0
0
0
12
0
1
2
3822
1
1
0
0
60
197
0
10
1
139
3
508
3048
22
0
0
1
4
0
3
1175
2819
2
9
6
466
1597
9
149
0
266
0
1942
16
0
1593
3
1808
110
0
9
7
432
24
2
1
6
458
3
699
563
0
3
763
1
5
221
11
0
1
0
1
0
1
9
147
70
1904
0
4
7
300
32
0
39
676
17
2
2
664
4
64
0
0
2005
23
0
0
215
0
0
1239
2
0
0
84
68
0
47
95
167
13
2
1034
0
0
0
77
3
1
5
16
20
0
0
0
60
14
307
5
2787
107
94
0
1
0
77
1
16
0
1328
35
78
0
1
1634
6
2444
731
0
1853
285
0
182
935
1
21
0
0
0
1685
1
53
0
0
2
1548
8
72
6
2
188
0
312
0
26
1363
722
2
0
0
0
1
119
189
2
18
14
0
5
1
0
0
23
0
0
72
0
1
2047
0
22
0
36
1
71
1
146
0
130
0
1
0
18
0
1
1381
1269
1
113
0
0
0
14
4
577
0
243
0
821
98
1011
39
1
1
0
8
90
4
58
0
10
2
3
3
501
21
1872
107
0
3739
8
0
258
15
7
0
173
1
1
0
33
18
307
3
1
0
91
0
7
63
3
0
0
255
129
0
107
0
1184
0
781
0
134
1423
0
20
759
4
13
157
10
1
3
2
0
1
5
3
72
0
2
0
4
1687
0
17
68
11
0
0
2186
4
20
112
18
257
2
1
894
0
557
4
16
3
39
288
0
0
0
1
0
7
138
6
0
0
1
147
0
0
90
470
25
0
492
46
746
0
1
1
3
0
2
0
210
1858
2564
0
1
1
2
0
14
2
0
1521
2
0
224
80
1526
2467
1
0
280
37
18
81
0
110
0
16
0
8
34
0
7
1
0
0
208
45
0
20
47
1
13
0
1
6
0
14
670
0
1
2
1388
3
6
314
0
275
3
16
0
130
2
0
2
205
58
3
17
0
0
158
0
0
303
17
8
3
2
0
0
117
0
648
0
274
3
0
788
2
2
4
1
1255
0
571
0
2009
1
2
233
208
0
101
1
868
20
0
228
8
0
10
271
2
0
0
0
42
5
0
7
71
0
0
54
0
37
0
28
26
3
0
732
20
0
1097
25
0
142
1
2
5
99
138
1
97
0
10
0
0
6
0
0
0
1
84
59
0
392
8
7
16
0
2
2
0
2
0
22
993
0
2
2
0
1
76
278
870
16
0
12
3
20
29
7
0
0
311
3
580
0
0
638
1
18
5
0
0
137
45
93
0
0
0
6
11
2
469
0
0
0
0
0
1
0
0
13
1
0
109
0
55
5
19
1
2
328
40
24
0
4
0
0
19
239
129
1
4
2
0
80
1124
0
565
855
0
6
983
344
3
133
2
20
187
15
0
43
1
0
429
0
288
37
0
1078
0
0
90
1
19
316
0
624
1
302
0
0
138
2
3
3
11
244
53
1
125
9
1
54
989
86
1
2
28
0
5
1378
646
16
1927
0
0
2
187
2501
3146
3
77
0
38
0
6
31
1420
22
421
0
1020
82
0
2608
72
21
67
89
10
103
0
40
7
0
11
16
198
0
213
11
3
13
0
5
9
17
2
2
0
33
0
5
8
0
98
1
10
0
490
175
109
79
6
2
8
3276
4
0
160
106
1
1
7
0
10
922
4996
3
0
0
1
1
16
217
1
287
30
2
0
0
186
0
0
0
0
1
0
0
0
189
0
1
4
0
44
0
0
103
253
16
2
9
4
18
25
0
0
1
0
88
2
15
12
94
151
0
728
4
0
149
1904
20
398
0
0
15
0
0
52
0
0
0
65
32
4
136
11
113
126
1038
1
3
7
0
58
4
83
9
56
170
1
16
11
1
0
21
0
150
0
7
0
0
3
0
101
191
0
296
389
0
1
0
0
98
0
172
74
2
21
0
15
2
5
3
372
15
0
223
123
0
1
5
375
5
21
268
36
0
111
107
0
55
599
46
0
34
293
17
2436
213
43
12
0
1
0
101
367
18
10
250
17
36
3
0
75
601
102
0
0
53
0
0
0
1
0
277
10
0
1
1410
1
0
18
43
16
35
1
94
0
2
35
118
76
97
0
208
122
26
880
1
0
1
0
0
623
1487
1062
0
12
0
5
3
55
211
1
56
0
1
7
0
0
182
0
2926
8
0
22
1037
0
0
1
1
1
330
11
212
2
710
0
0
155
7
21
105
0
1
35
750
132
1
11
0
0
544
209
0
2
13
9
0
0
6
8
4
1
87
0
950
1
78
323
0
76
0
0
1
159
198
1
1
288
9
0
11
1
1
3
1
851
1173
0
0
194
9
3
0
1
22
7
765
1901
1
1
152
9
214
3
0
3841
0
8
1
12
27
0
0
46
9
376
1057
0
2375
14
74
2
0
5
0
14
0
5
10
182
0
2
0
0
0
1
1
1
401
25
3
40
267
2
1
16
5
1139
0
9
1
21
0
0
0
17
10
20
0
1
279
5
1
0
9
205
180
4
65
278
21
9
162
0
110
349
0
20
0
186
0
0
292
2718
26
0
0
0
4
0
6
158
5
2
0
66
2033
0
273
160
0
1
0
12
1
122
0
13
1701
131
786
128
1806
3
117
0
337
8
284
6
1
0
2
1
0
2
0
155
1431
4
0
1
0
1
0
21
0
75
140
763
0
1
311
0
975
0
3
1
3
4
958
0
9
1
0
0
50
3776
2
2
0
2
0
0
11
8
2962
1
13
4
0
2
5
0
10
8
0
371
69
1
2
307
106
0
2067
1800
68
1808
87
4
4
1285
945
0
49
1
0
4
0
29
40
20
0
36
932
1
20
825
10
1
598
0
0
22
0
9
0
2
0
540
179
44
1
1
1
658
10
0
1152
324
1286
2
0
321
95
0
154
26
2115
65
3
2535
1
3
15
292
233
0
75
17
4
22
1
7
0
188
23
9
1
823
19
19
11
3072
0
1
0
0
3
0
61
25
1
151
0
0
68
0
7
0
73
1
23
0
22
11
0
22
7
251
171
1696
4
0
204
81
0
211
28
9
5
12
1
10
1
0
1
1
1910
2
0
2
8
0
364
25
9
31
0
0
3
34
86
0
7
3
0
155
0
0
0
22
6
1193
196
1712
0
1
1
4
32
0
3
259
1027
1083
0
4
0
11
1
1
0
0
8
16
7
8
0
0
1358
2816
25
21
6
794
164
80
570
6
126
2
999
1594
12
152
0
0
2
723
14
781
2
0
157
0
213
252
0
74
1198
1
41
0
1
0
0
0
10
112
639
0
1
38
2711
380
4
77
0
2152
96
2681
32
0
0
12
1
0
1
143
0
0
125
0
2
11
29
0
482
0
2
0
0
19
31
0
235
0
1
2
0
1062
1
187
0
44
9
0
0
1077
0
0
0
22
0
35
14
0
3582
19
0
7
0
27
200
5
0
30
0
127
19
0
1
9
2
64
50
427
6
1156
101
0
1
2
0
12
1
5
0
0
0
88
0
68
11
19
683
0
0
221
2
1091
0
3
1
641
1
0
3
49
1
15
18
0
1594
172
2157
41
101
100
7
1
14
0
94
171
14
105
30
104
5
820
1
0
44
0
0
23
0
7
0
2
2
0
1443
0
2
0
24
33
20
99
0
3
25
71
1686
1512
356
7
4
1
17
18
12
1
33
1
10
87
0
1
0
68
0
23
11
0
1
201
8
0
1
1849
0
877
97
42
0
3246
1
68
1
283
274
1
696
218
0
0
5
7
3
3
0
0
412
3
1
2
9
1
0
0
14
1
192
51
18
35
17
0
9
954
1
3
1063
106
1
3
7
0
39
527
1
2520
2
11
66
0
809
0
11
1
1351
0
7
51
26
0
11
490
0
95
196
30
0
2
305
242
0
1
15
8
24
801
851
628
0
37
1104
0
2438
496
121
125
37
0
1441
1
0
11
1
0
11
79
1
0
10
702
33
68
0
8
0
2
9
1
1135
125
2
28
146
149
7
1
1
4
0
95
19
0
172
739
3
884
5
31
0
36
2
4
191
23
37
3
2
7
101
192
27
183
3522
2073
2
5
6
337
10
1924
10
26
71
0
0
0
0
23
0
0
0
208
33
1573
0
4
1188
10
2
264
0
1295
2834
0
59
1
1
0
1
3
0
193
6
9
1
33
17
1927
2
2412
7
1038
5
1
3
0
7
74
496
8
163
44
2343
0
17
0
0
0
38
2029
26
0
0
129
2
201
4
1
0
0
16
230
12
2
0
0
3110
0
21
4
0
6
368
30
108
1
1105
4
135
64
145
13
0
115
1
0
12
188
0
0
1550
47
10
0
7
83
109
1605
144
2
1
526
0
121
179
0
6
0
0
1
114
218
211
1
1
0
1
14
191
2138
0
421
5
0
2
4
150
7
0
21
20
1737
166
2
1
49
8
2
0
42
0
0
0
377
10
3
230
0
0
13
0
2
105
10
0
0
1643
63
8
766
3
15
5
117
1
34
120
65
2974
3
0
0
1
1
20
67
1
0
1
0
0
4
0
0
215
2
1859
1
5
10
100
184
34
3085
272
0
74
31
3
4
3
74
1
189
1
0
1
2
1
0
3
0
2
0
0
0
2
247
139
1095
1
715
162
281
342
9
1
67
68
1011
60
22
1391
2
0
1
77
18
0
314
0
0
7
1
44
35
140
8
13
0
603
12
562
964
12
235
10
0
12
0
1
166
0
6
0
0
0
1
9
6
0
1
128
0
0
11
15
0
2289
0
0
6
0
0
238
1
401
2
1159
0
0
0
0
1104
36
1
322
1
1
114
0
10
11
2
0
0
2095
163
4
146
1881
0
386
15
1
3
76
0
28
0
123
2355
0
20
0
68
0
379
0
52
2
0
1004
39
16
50
259
0
3
308
0
1
11
1780
28
59
0
0
11
2249
42
3
0
1
1
0
10
2
17
6
0
1
392
45
0
2
9
8
1
401
18
1380
0
19
233
88
0
184
4
0
1082
0
2
1059
103
1726
1
14
1154
39
2982
696
1
60
5
1
2214
87
575
16
48
2
311
1
103
22
6
7
0
0
8
2
53
1067
126
25
1
0
0
0
703
904
1
3
2
0
18
15
1
0
4
5
0
6
1604
4278
295
78
19
152
33
0
0
2239
0
43
46
1
19
1810
1
0
2
3178
0
10
1
5
0
9
22
2
0
30
14
172
0
30
48
1
230
0
28
3
39
200
0
0
0
1966
899
75
0
198
1
10
16
0
91
8
0
0
16
3
521
257
1172
6
0
207
1
941
1036
1
39
1
0
64
17
63
12
172
4
0
1687
3
0
277
58
0
1
0
13
0
57
3
7
1
2
77
1
0
1697
52
0
0
8
5
2
983
2
158
850
43
559
0
0
5
26
148
0
16
0
10
21
256
20
0
7
51
103
0
2
502
7
1
6
3
2
392
0
58
0
1
221
0
0
5
31
0
207
56
8
222
0
0
200
2
0
1
1137
48
2
101
1
3
54
190
0
330
3
0
0
8
0
70
21
18
2
0
298
0
0
4307
77
233
9
16
6
0
0
1
341
0
0
3
33
0
1595
1
4
0
121
37
1
1082
0
0
1
186
19
306
104
0
1
1904
0
0
26
13
21
1
0
6
338
21
0
1
2
12
0
5
1426
182
10
1
24
0
22
2
454
1
0
9
1
81
1327
1668
0
0
188
206
367
12
19
22
0
14
233
0
1
144
0
81
11
1963
1491
46
16
1082
41
3
0
7
915
6
0
16
1580
6
0
16
2882
92
1
0
1804
2
0
1167
1328
287
2181
2
102
133
0
0
0
115
59
1
7
109
112
0
0
218
1179
8
199
0
0
68
11
0
0
19
2
2
413
1
78
13
1
0
252
117
0
0
0
21
178
1635
0
34
51
1
697
0
12
22
231
0
27
3
35
41
38
1937
148
199
16
1
544
0
9
0
2
83
159
40
38
0
0
7
0
15
1971
648
0
0
12
2
0
1
0
17
1
6
0
307
0
96
0
0
1
0
14
271
2
1183
277
1
1
48
150
0
384
75
0
2155
9
418
3
17
0
9
3
192
61
34
757
32
1
11
0
0
0
2
1050
4
18
0
1
0
903
1
2
2
85
71
652
25
36
0
7
2
85
0
912
21
0
93
1
0
208
72
0
0
28
0
14
0
123
0
3
77
2
21
1
0
3
0
0
1300
18
175
0
1
19
0
3
118
1
134
1
2
309
0
2
45
21
2614
728
121
3
1379
0
10
2117
0
10
21
0
22
19
182
1775
0
2088
37
23
22
14
163
8
0
0
110
105
0
0
0
98
3
11
0
0
10
2683
23
0
3
1
0
0
0
17
0
1
118
0
718
0
133
70
196
86
27
233
2
22
175
0
0
1
15
1
78
0
2
1895
124
1
756
35
10
7
3
156
1070
2781
2124
192
5
261
247
22
0
130
22
143
2
1
1
0
6
0
109
17
10
0
10
130
0
223
1
2
4
0
46
6
15
0
2
301
19
124
0
279
257
0
0
723
31
1
0
3
0
2
0
190
114
0
0
2
770
1
699
13
2
1
112
64
255
205
3017
34
157
0
0
239
0
1866
0
20
0
0
0
836
19
0
0
1
2736
187
26
0
49
52
0
453
41
32
2721
0
2023
0
60
973
0
20
1
808
5
11
67
191
97
136
1
198
0
2
21
0
1849
0
0
0
12
688
0
0
1
0
228
6
2
1621
256
949
2
1
3881
23
1
6
0
238
685
23
2
30
209
58
0
23
3
1
219
124
0
10
661
1
1
2
22
416
1453
0
1364
1
2
194
0
0
701
3
0
0
1124
5
9
214
184
2
3
0
740
10
1
4
974
159
31
0
1
0
0
0
0
61
495
8
0
1
8
0
10
8
1
1
98
2
0
181
0
1256
1566
0
3
335
16
2
2
1
155
0
6
0
17
1
0
28
269
0
0
325
1340
0
0
0
8
13
0
1
123
2
1094
0
0
176
55
282
157
20
0
1
0
0
900
930
0
1
0
100
1
0
4
3
0
1
22
1
0
17
107
115
0
162
0
0
2
0
18
0
158
18
0
12
25
13
0
203
18
214
2
1
346
0
0
2
0
156
791
150
154
0
2
2
1
0
0
1
0
5
295
18
1
0
2134
0
859
318
1160
5
0
0
311
0
301
0
290
1039
87
1
97
188
23
60
29
125
7
3
0
1
1
1
5
0
0
0
156
111
1248
0
143
9
1392
0
1
2
0
365
35
1112
1518
38
1505
35
1025
0
275
0
7
0
0
0
86
24
212
219
3
148
0
745
0
7
0
558
1647
2838
0
1
22
14
682
3
190
490
995
82
21
49
0
10
882
0
0
623
0
60
294
1120
0
264
7
0
1
4
0
2
187
81
2705
0
55
0
0
33
0
4
2
1
1
2
1
1189
4
745
19
2309
4
4
18
1
1
0
0
221
92
266
43
219
0
257
19
79
71
7
30
240
0
938
52
2
0
4
395
31
484
0
492
844
1
0
3
2
17
0
1
18
3422
20
4
32
11
14
0
6
16
1
1
409
1
0
1
110
147
10
7
9
120
156
0
0
13
120
32
160
314
7
154
0
2
93
111
2
390
0
2
0
63
0
0
2
1
77
41
238
88
0
6
12
22
0
0
0
6
140
173
0
26
9
250
712
126
0
0
0
0
2
37
0
29
88
0
0
0
265
218
18
33
0
16
1
116
30
0
1175
11
1
0
1
6
104
0
1693
8
3
152
211
2
0
11
0
2
0
0
4
1293
1552
72
7
25
320
25
8
0
36
102
0
73
45
161
22
9
0
204
60
303
0
89
39
0
68
58
8
10
0
57
282
126
0
18
9
740
0
20
1
16
149
1752
0
73
0
0
0
0
5
417
81
4
194
16
17
301
1
0
0
0
1
1096
6
82
1859
0
17
0
1
223
1079
72
11
1
190
3
573
23
0
2
0
0
15
0
0
8
2
2
321
0
700
211
1
21
2228
0
25
0
744
1179
1
17
21
0
599
313
7
1
21
68
1
1019
0
10
84
12
0
0
83
172
2
0
0
0
0
1233
41
1588
0
0
0
0
0
38
1
125
1911
3
954
8
31
0
6
0
0
65
127
1
866
1
0
204
1
7
7
64
11
5
5
9
13
9
0
3635
0
2
259
318
1
0
0
2
2
0
6
282
329
271
4
144
15
0
74
729
0
421
19
2044
0
0
93
0
9
562
1368
0
252
0
0
0
100
6
0
2
0
0
31
142
2
153
0
12
214
0
361
631
0
40
55
167
833
0
0
1
23
10
47
0
23
0
0
2
12
0
8
1
0
19
0
507
314
1
81
0
4
430
0
128
9
55
0
4
45
0
1
0
3
0
3
2
3
299
677
0
1
10
0
124
37
0
0
0
68
7
11
0
1
1062
0
1429
3
1
52
2319
38
0
1242
0
4
1
21
0
14
10
430
1
0
0
0
42
2
273
16
0
2
1
4
291
7
0
61
701
14
6
580
0
1
68
7
0
0
1
0
2
0
0
0
2011
178
7
6
1204
877
2
0
0
1
7
15
0
3
0
0
281
0
50
883
23
5
32
1739
1367
0
22
1731
1
15
1543
13
1
18
2
2
1
1
128
0
1
958
1
608
0
158
0
0
11
81
95
11
1
1
11
0
0
0
2
138
0
0
9
0
816
604
1900
1
9
1328
13
22
3
33
1954
0
8
1986
0
188
97
4
0
1
1
462
0
1
157
1
7
64
4
0
0
11
1598
50
280
0
32
2083
1
1
3
89
1
8
1014
170
1039
9
491
0
3121
642
18
1495
6
3
4
0
0
21
0
10
6
0
0
382
3
1
258
0
25
30
99
1
2
3
13
0
251
991
11
5
50
1
271
0
13
2
1
16
0
2
0
1125
0
2
391
431
2
1
0
15
0
0
1
287
160
24
314
160
2
1
29
0
3
0
0
0
1
1
201
1
166
0
0
21
1
20
3
261
66
146
1
0
0
0
13
1
0
123
1501
665
1
1
5
0
5
3
1
0
1094
0
1898
1
21
2
0
16
1
1183
1840
168
52
798
1170
368
9
3
8
216
5
0
96
3
1
189
3
93
876
1
375
25
74
2740
389
1806
0
1
0
147
0
1
68
6
110
37
31
1
7
0
10
3
0
11
6
55
210
954
126
1328
0
5
21
7
43
0
101
0
0
0
12
0
0
7
75
31
7
314
0
0
0
3
0
1701
118
28
40
705
0
0
0
1
174
38
3
2505
10
356
1
242
4
16
0
0
0
3
804
1
21
1349
0
1
82
0
2
1
14
3
149
972
0
27
321
1
5
132
0
116
29
0
48
0
305
142
2
12
164
15
0
1034
9
0
0
0
1
0
1
0
0
18
0
1
30
310
116
7
1
3
0
0
1
1844
0
16
0
0
2
15
0
210
0
1
9
170
2
5
7
1070
1
3
0
0
591
0
852
1
0
2064
2
35
8
321
35
1132
536
1148
0
27
0
3
534
850
141
36
6
767
984
1
3
78
1233
1
31
0
804
0
2
1184
0
0
2
343
715
151
0
698
1
0
0
0
37
20
2
0
0
0
308
319
0
1
228
2785
40
94
0
1
0
123
5
29
1214
0
23
1530
4
49
4
0
82
1915
272
21
0
2858
0
1
20
0
13
1
0
0
1
0
1
0
0
0
989
2
8
101
3
0
1376
79
2
31
302
17
553
30
8
0
21
774
3298
0
1747
44
3880
1
13
3
320
175
166
2
0
5
0
0
11
4
4
1221
1
113
1
34
359
49
2
30
21
0
0
2566
325
0
15
9
0
2
2
862
1
1703
3
2
2684
11
0
0
16
0
2304
179
1
72
14
95
0
27
0
1
0
1
1
0
2
405
1
190
1
0
0
0
484
6
90
3090
29
102
0
1
110
1
0
0
22
0
0
1
2290
10
0
0
226
22
7
129
7
140
1
0
212
16
0
0
0
15
10
76
0
106
0
2592
20
11
0
13
296
1926
0
0
139
2
0
1117
217
2339
106
0
1
2756
142
0
0
231
18
0
19
1
78
1
1
2192
2
351
1195
84
3
149
7
0
6
291
24
88
0
36
5
2
30
190
163
293
3547
0
1261
69
975
40
0
1
1
0
6
0
0
109
1
16
82
0
0
7
24
1
1
90
17
15
1
0
1
2277
0
0
1923
0
0
231
62
0
21
1340
11
3
10
0
3
10
1
4
348
1969
4
2
329
223
19
2
0
0
0
4
596
14
40
3
3
131
0
718
1
0
0
1
0
251
218
1
15
34
0
1
1994
22
1
3488
583
12
9
13
219
0
0
20
2
4
71
12
13
3
0
3
0
0
68
13
16
2
221
191
16
72
7
1710
3
14
0
272
49
2
0
118
2133
0
0
309
0
2
0
2150
0
6
22
0
0
0
0
42
3
920
0
0
1
123
192
17
1
2
0
0
10
207
2843
194
0
2
383
2
0
27
2
0
0
289
1
725
51
0
4
28
1
0
0
0
5
107
0
3
2116
43
167
19
10
43
1
4033
0
1
11
1854
50
15
5
859
74
0
0
0
179
0
0
0
1149
0
2
0
31
0
9
1826
5
0
1
66
183
106
30
119
0
0
9
6
0
72
1597
2
0
14
1
0
23
1258
0
1229
208
383
2
19
19
25
0
0
0
67
0
19
0
1930
2
448
62
923
235
126
128
0
0
1
0
11
4
155
0
246
2
3
0
0
2
7
8
0
0
20
82
2698
912
0
110
0
0
0
0
5
4
92
300
2394
3
1263
3054
122
31
1662
148
0
218
29
0
374
3
88
1
0
0
1
3253
155
4
7
362
0
88
10
0
14
1471
4
64
22
1
0
3
541
126
1
674
0
29
0
0
114
0
5
1979
0
1258
0
97
0
1434
38
26
1
14
1
0
31
1
48
7
489
0
3
0
0
750
0
2
258
170
0
92
71
0
0
2
56
29
1
0
3
3
281
198
0
0
0
1194
14
0
82
1
4
158
68
0
54
0
98
1092
110
78
0
1
20
44
0
0
2
12
59
11
24
1
0
0
4
0
1
292
0
17
120
9
124
0
174
1
291
0
2
0
2
0
97
0
0
7
200
0
3
91
0
641
13
1511
4
5
2
658
177
1
21
1
5
16
3
0
29
3
307
37
0
8
199
0
2
0
1001
0
1396
4
2459
5
1
2037
186
0
0
332
0
1
75
6
1
2
0
0
0
428
0
0
0
58
170
582
1
160
0
0
0
34
178
0
0
2105
5
6
32
0
0
0
67
267
0
91
190
16
10
1187
752
0
0
739
105
0
27
108
1
0
3
195
1
2
755
769
0
30
522
2
107
0
13
20
209
5
3
332
3
1316
199
16
4
523
2
2036
6
0
3
993
2
0
2635
0
0
1
4
8
2
5
584
1702
0
29
0
123
15
1134
5
13
0
0
0
41
0
1
2
0
3
8
1
177
1
0
0
41
2
416
4355
6
1
0
319
20
0
2008
0
16
11
0
0
0
2201
18
1234
75
3
82
1
0
0
9
0
0
0
1
0
1
160
112
0
0
14
39
89
338
179
1
0
1
11
0
0
12
31
134
35
6
237
54
0
41
392
2
1993
0
0
2
1703
5
178
0
1
239
275
0
0
79
15
0
0
2415
1
43
3
0
1
42
1581
0
569
0
67
12
0
10
0
29
2
11
1
0
16
2
232
3
12
863
10
0
4
0
0
105
20
1
0
289
0
12
0
59
2610
3
1
3
0
101
0
2
19
477
0
1
9
2969
0
603
76
0
5
0
0
297
94
192
9
0
1061
17
29
0
23
4
746
0
120
0
8
16
1
0
102
194
0
104
91
50
127
119
106
10
826
453
1
2123
2
1
1
93
64
0
278
23
0
1
324
3
918
0
1702
654
0
0
30
925
0
9
226
23
0
0
16
0
452
399
16
16
27
3
16
2843
159
250
11
2
2
0
0
0
305
19
182
0
2
1146
2520
1
0
11
0
3
293
139
1
10
75
224
12
17
433
82
0
205
7
4
118
226
6
0
4531
874
3735
86
17
0
22
0
0
0
76
0
59
3
32
2829
0
10
464
17
0
9
0
157
33
0
88
810
17
0
0
26
8
179
0
2
1309
0
4504
8
95
59
1142
32
14
46
0
0
99
0
122
207
0
1059
1
0
1
1
14
1970
0
0
0
250
0
3
7
0
0
807
11
152
111
0
20
109
2630
1
0
0
991
1237
0
5
2
184
0
6
3
3
8
0
0
76
428
4
2
0
0
1409
0
1
1383
0
1
191
12
264
0
1473
3
1
3
34
4
17
2
20
1
132
2
1100
0
95
44
1
1876
83
47
389
55
116
360
4
16
0
0
0
1
0
67
4
0
2
6
1
409
0
53
0
11
2
15
0
2
11
11
2
1
6
7
17
3809
0
364
919
1
314
0
190
0
136
1611
236
14
6
85
0
1738
168
39
2074
19
8
0
0
0
187
15
0
0
0
77
0
0
83
5
16
3994
17
7
9
0
31
792
147
0
0
13
99
626
930
0
444
189
2927
1
353
394
1435
455
0
88
3
1958
0
0
11
1
0
0
2
0
7
1
0
9
1
140
15
71
293
0
0
66
15
0
2335
3
0
2
0
552
2
20
12
0
200
331
0
0
1950
21
0
0
179
2
143
1
0
1460
126
20
98
1
75
0
1144
0
0
21
1
1
1
0
30
59
0
0
117
5
0
102
22
2
1
0
8
0
48
573
703
11
235
0
249
0
131
211
1278
0
0
0
1961
0
0
0
21
1800
0
0
1
0
32
0
0
0
418
1
0
1
245
0
0
369
1
265
15
2
364
0
6
203
12
1
6
71
136
113
0
6
175
754
10
203
2
4
21
0
195
0
2404
0
28
50
2
1754
0
0
1
54
41
1
1
216
10
2497
16
19
83
27
0
8
187
13
1798
30
5
276
0
437
22
0
0
15
299
0
0
65
1996
0
3
64
1
0
1
1
44
26
53
886
1
185
0
1
2445
14
0
11
740
3
7
2
154
10
0
0
0
0
1
2
0
2
0
0
2067
3
0
0
2
17
474
193
1562
0
0
1
0
0
58
336
116
3
0
10
0
1
31
2741
1799
0
7
9
326
78
1492
0
1
11
0
9
2
170
0
501
50
253
0
42
1764
10
3
42
1909
2
147
634
3
0
1
5
3
0
1
17
1
1817
4
3
0
152
79
0
13
29
0
671
1
27
0
0
11
2789
0
0
0
163
381
2
0
435
96
0
63
1
18
0
2
20
23
1008
0
0
3
4
41
0
11
1
86
0
0
7
5
17
62
0
0
2304
6
6
12
125
211
2
1687
0
2
144
1
0
0
3
3156
1
1030
16
522
517
0
1
1
8
170
2297
2
0
2
1
21
1097
0
0
2756
0
61
199
0
1
7
21
28
11
0
1
0
1272
5
13
1
1
0
19
0
0
37
2
36
0
573
1
460
4
2
136
12
1043
1
2
137
29
50
95
1
325
0
1
48
1
0
0
401
15
102
0
279
904
0
0
0
2
0
1
0
1
0
740
0
1
125
3
0
189
0
1
1
0
68
232
0
1
0
88
1086
4
0
6
5
0
1459
505
187
0
0
2
0
0
39
0
70
123
23
293
657
175
30
122
2
17
0
0
1
24
1025
2841
156
112
11
5
111
0
44
157
1
0
0
0
96
41
280
0
0
1
12
1
0
57
178
2
0
0
92
0
0
1
65
8
47
220
2401
0
723
150
1955
0
0
4539
0
1
0
7
19
21
2
362
175
2
0
0
0
48
1
2730
73
0
82
35
1
439
21
1144
4
4
104
64
17
1859
209
0
0
519
0
81
395
0
1
242
40
650
79
0
0
0
103
1
202
0
0
2
1
10
44
0
69
46
0
93
0
0
39
92
544
13
1
2
1
1
0
1896
4
50
1
8
1
0
4
569
2916
1462
10
70
0
17
311
1
24
0
662
120
46
258
32
155
1035
17
1956
1476
17
0
0
1
1
5
0
22
1
76
42
5
349
1
1
4
20
3
1452
0
8
1079
0
0
299
5
775
0
228
8
3
217
2325
14
0
2086
22
4
2
0
1246
2619
40
28
108
653
56
0
22
52
5
1703
469
1
0
2
1575
1
62
3
1
10
242
0
92
20
1101
2
224
0
108
72
0
71
1
298
0
83
428
0
0
0
2
0
49
203
84
921
106
0
68
3
0
0
0
123
2110
1
84
1284
512
2
0
44
28
5
29
54
22
0
35
1
0
0
8
1
0
767
3
0
0
14
1
0
0
58
1817
149
0
1721
614
1
1
1
782
353
0
110
0
0
33
3325
567
5
8
114
0
0
145
2
16
5
1
33
31
3
0
1
139
9
2
401
1
0
102
12
5
0
0
96
2
51
0
0
2
24
0
126
1
216
155
0
6
0
1729
2
31
134
6
17
1
1
427
1
0
0
0
0
105
8
185
1
159
0
53
810
724
3
2
3
1350
20
3962
145
78
3
836
15
5
0
0
23
1
553
0
20
4018
87
1
17
1890
69
112
10
0
2
48
3443
8
0
0
0
72
1021
1
119
14
1782
0
3
70
20
0
0
1805
24
19
210
1
296
59
83
90
6
223
10
1
11
26
0
0
2
32
0
3
1
5
100
1
0
27
2
0
2
3
0
98
8
547
11
0
191
9
172
1006
1346
100
0
0
18
4
1
3928
4
12
98
0
72
2159
175
1158
1
7
1
4
2
0
1
158
185
0
0
0
2
49
1
29
104
84
32
154
3340
873
90
0
920
7
22
755
3
0
0
1
39
11
0
0
0
9
9
0
344
276
7
15
0
0
2
187
4243
15
0
0
0
9
1
387
0
45
47
1
180
281
30
527
170
112
2
33
16
0
18
79
0
87
0
461
1
1201
3
9
1
0
2
1
4
1
1
1
1
177
0
8
10
2457
28
121
3
0
16
1
0
292
214
178
2
8
10
0
1
43
337
0
2856
8
20
92
24
18
7
131
12
787
3
750
1
1
0
6
0
6
18
0
201
7
0
35
88
3160
1841
12
3
26
544
3726
6
25
43
1
117
247
0
72
16
121
286
0
955
0
387
2
109
0
221
1182
130
8
88
18
0
1084
177
1
307
158
2
10
31
0
0
0
214
4
0
1
0
1498
0
0
10
157
3797
348
14
97
2030
16
295
14
0
6
3625
19
1548
1136
0
0
112
8
105
32
195
83
335
31
96
0
2
2
40
0
9
0
0
0
184
486
34
1
135
0
0
104
35
2
2
1
0
4302
1
0
31
135
0
284
23
33
3
21
23
0
0
1
1323
16
0
103
4
9
314
161
945
104
0
11
164
458
0
58
0
220
192
295
1212
47
438
11
0
0
776
1481
29
480
3
3
10
1318
12
0
1
37
2
10
46
99
4
6
0
20
0
0
0
6
206
13
1
52
0
793
0
42
1572
55
0
7
0
291
14
101
181
14
0
0
11
21
2
3
0
124
0
43
0
0
61
6
2
0
3
37
4
23
2910
2901
13
0
1
24
0
2
15
28
66
19
0
18
1
0
0
18
339
1982
2
1040
55
0
171
1
2
1
1
99
12
125
1431
0
2597
0
836
0
0
1069
0
0
0
3
0
138
223
2
961
4
25
138
0
1
52
177
23
0
146
1
2192
0
0
157
2
0
0
33
49
1255
10
6
642
0
9
5
526
9
54
0
15
511
11
0
1
1
122
5
0
141
16
0
0
977
0
0
18
2
0
136
1
3
349
0
4
84
7
1039
0
110
0
33
2
1036
0
0
1
0
7
0
1
1
102
0
0
0
0
0
0
0
276
0
305
2015
0
79
0
0
0
1
0
404
270
0
22
2
1
318
281
0
1268
782
0
0
4054
410
2
2081
107
0
2
2571
0
39
1384
0
2
17
0
0
119
192
0
73
1
962
3
5
75
844
8
0
592
329
63
0
0
0
85
2
13
10
3
222
2
2
179
260
97
912
1
0
0
0
641
2
12
1
0
0
551
2
15
1
200
234
0
10
0
0
1
281
2153
10
10
2
19
165
0
63
1
1570
0
648
1
126
15
2
0
35
0
5
0
1
498
1508
48
3638
38
636
0
0
87
3713
1552
2
0
108
7
467
67
0
12
6
3
1
20
2
987
2
6
0
1
993
20
11
13
18
41
0
2
1016
2
2
8
2533
0
47
0
12
525
8
1044
63
21
981
291
110
0
0
1
21
1256
2559
0
206
1
8
12
37
1
384
0
0
98
61
0
1
0
8
0
1
942
0
0
0
395
1
85
0
9
11
71
0
201
1
6
0
0
492
0
10
39
1
28
1488
0
742
64
0
14
669
1
36
51
0
69
335
7
111
256
11
33
0
23
132
3
179
0
1
19
119
2
7
0
4
0
27
0
1
72
4
3
35
0
70
1
5
932
0
1
1
1
0
9
22
1326
184
13
0
3
0
1
51
0
4
1
2
129
1
1
0
20
0
0
0
29
335
487
2185
49
27
0
1273
1028
3
768
1773
0
0
0
611
1124
141
7
38
25
0
3204
3535
14
1
2483
21
28
75
52
43
198
16
0
166
1
35
217
6
52
388
19
234
935
1875
873
14
1
0
0
3961
22
2
5
78
8
2061
1047
657
0
1
0
83
0
0
3
0
379
128
84
11
7
12
2
1
4
0
62
34
14
0
0
0
1
61
4460
606
10
5
9
0
159
0
11
0
197
0
49
0
3
0
111
2161
0
206
307
22
32
231
0
1
2
1
1295
18
2
20
4
77
0
1
21
6
0
9
74
33
21
2040
16
326
0
6
0
94
0
75
11
11
1
0
1
2
2
950
21
163
260
0
660
0
2132
3
0
0
0
0
11
7
0
0
0
0
0
21
0
0
1157
21
13
49
3
209
162
7
89
0
0
0
0
14
0
324
0
2803
40
0
0
287
0
31
199
160
0
91
0
43
160
1264
87
0
0
0
3811
52
0
660
33
3
0
13
0
0
1118
559
51
0
136
332
0
2
1
0
67
0
360
31
1
4
2
0
21
9
2321
8
0
11
748
21
1
3
0
0
0
60
314
83
37
2211
24
0
0
2
1
93
30
2
113
16
13
0
1
51
0
0
607
0
124
1
0
4
1391
0
0
0
161
212
1
1645
0
15
2
1
1245
4
4
1551
583
6
1
17
1
9
0
2
0
29
2202
2
0
791
167
7
1298
0
0
0
0
293
1
0
53
42
0
54
1
10
15
757
68
1
1229
329
2
0
2
19
0
2
6
0
26
81
75
31
302
1596
190
332
1130
1
52
238
0
0
2
264
2
0
4
1680
833
2
517
128
1
16
0
5
3
0
540
0
2776
1279
0
14
0
0
947
0
80
2
0
9
170
0
7
0
0
21
10
0
1
2
0
0
3
2
0
4
465
0
251
1
0
1991
0
67
50
185
40
20
102
0
69
17
0
65
4
27
16
0
0
3
3237
44
0
0
0
10
0
239
2294
132
0
0
2
0
16
1051
3
7
2
12
19
1
0
1
4
98
0
0
74
1
0
179
4
21
1249
1
90
1
188
20
38
2134
0
231
0
6
17
30
1075
0
22
0
0
2
3
1
2
1
1
44
19
0
21
38
0
31
5
78
5
147
3
2
16
8
38
10
0
10
2
0
0
27
0
32
0
0
0
109
1
2514
748
8
9
190
2808
0
0
89
0
39
8
0
0
1
3
0
1
4316
13
0
132
64
0
1
0
4
0
0
1
0
8
45
0
1
2354
2
467
34
67
809
1550
1302
6
9
0
366
4
0
3
0
3
1
38
0
14
8
1651
0
108
884
0
0
44
7
123
998
224
27
400
139
0
14
2
2
1337
3918
6
0
749
22
1184
389
1
111
222
64
6
1
0
2
1
59
6
18
1
0
200
102
0
0
0
1700
520
557
210
0
0
1
1818
1
1
84
1021
1540
181
1018
940
1
81
6
51
0
107
143
5
4893
0
11
0
3
0
0
8
0
3
10
3
3564
121
0
18
7
0
1
0
7
88
0
0
0
2
0
20
6
1
2
40
0
21
0
2
17
853
58
12
0
8
21
130
0
29
1
0
98
4
8
0
67
211
8
207
239
0
1
446
3
791
213
2
0
20
1
1146
24
2
66
61
20
0
1
0
4
2
4
207
90
14
10
63
107
5
134
170
0
16
3
0
1
0
0
10
111
7
0
141
147
1069
0
235
1
112
48
0
1
0
0
9
0
1
0
12
19
63
0
0
7
22
52
0
0
50
4306
937
0
9
0
0
0
2
69
21
4
1184
1
0
0
1609
14
34
0
177
358
0
70
10
0
6
13
0
30
1
11
0
13
149
7
2
0
0
1
0
0
2
386
0
1
1126
83
4
62
0
129
10
0
307
1500
0
1874
0
1
0
21
5
1582
56
0
2
1
2
64
1401
0
0
3
8
0
219
20
0
0
7
38
4123
38
5
2
1877
42
0
234
0
22
13
9
12
0
0
191
7
648
329
2
11
57
0
13
2
166
10
147
0
893
2
20
1
0
10
0
230
0
382
0
2862
2
3
97
0
2
0
880
1
0
0
4
91
113
231
0
16
1840
0
11
0
0
12
8
10
1
31
2916
0
2385
0
38
171
159
68
2
1
23
2
1636
12
0
2
177
0
0
1
25
3
851
1
10
17
417
170
1902
1
203
0
0
0
0
320
1
1
1
161
1
6
13
7
16
100
115
0
957
74
0
0
3216
4
12
0
8
239
11
906
0
1
0
0
1006
8
2
95
4
0
542
271
163
0
7
6
0
144
0
0
0
8
1
67
442
2
0
1017
1
1
0
14
3
0
11
10
0
20
10
0
104
0
0
3
1859
3
11
0
1
9
0
1955
0
0
2
0
7
13
74
278
103
846
0
4
1
115
210
5
0
53
0
914
2
93
208
2
2
0
1811
987
1
19
0
9
94
773
85
0
310
13
1
292
9
483
11
22
3
0
21
184
1
114
10
227
122
2
1
0
0
3
124
0
0
43
2
2
0
1316
24
36
378
12
0
536
0
3
3
19
0
199
8
0
4
0
255
1
570
981
36
114
2
0
2
165
100
258
58
751
7
11
7
0
0
0
1
2
264
0
53
52
121
0
5
0
64
0
1
418
1083
1090
11
3
1122
0
0
0
5
248
2
12
1
1303
18
0
0
0
0
551
0
222
1
2
54
27
6
0
4276
30
93
10
1
0
38
115
0
11
4
1
0
11
12
3
16
6
12
13
20
0
0
13
0
72
167
926
1
67
0
0
720
1
9
234
7
0
0
1282
0
6
20
0
17
0
2
164
0
16
24
4
2
0
0
59
1
0
468
1
1145
0
278
7
3
21
2
0
0
12
1
753
3
0
137
2525
173
1425
244
0
0
16
0
58
0
4
0
130
1216
982
70
0
11
8
72
204
20
0
3
0
1
331
1090
0
9
0
40
2266
0
2240
211
89
10
8
13
0
193
0
347
113
10
1699
0
0
0
74
1
1
1
0
101
1
240
0
4
0
1767
3
3
90
0
0
78
0
1
3752
20
99
2
259
7
8
148
1
8
0
1
87
43
106
0
1
30
337
1383
351
0
18
2
129
288
12
1
102
0
0
6
320
87
8
18
4
15
872
60
3
3
1
1
0
0
37
0
0
5
0
17
0
7
68
17
1277
0
0
0
4427
47
1093
3
2642
1180
1
0
0
5
1
53
1256
8
7
137
19
0
0
1
1
1072
3
13
0
84
1
39
0
158
2
5
0
0
250
73
11
134
0
0
1
583
90
0
0
784
0
13
1
12
0
37
147
2
0
0
328
1291
190
1
0
0
52
1
11
10
0
0
21
178
0
138
20
220
1
22
0
75
89
0
1
1
38
4
0
4
787
0
2728
1
6
0
9
11
274
0
32
0
2
11
2
1761
1
10
0
1056
90
0
1
0
48
0
44
0
260
22
13
0
48
3
0
211
0
198
0
100
322
0
48
1
796
2424
259
3
0
0
2
19
0
10
130
1562
2910
25
1
1
1
114
0
1
21
0
260
228
43
0
0
164
31
412
1364
92
400
27
151
164
526
301
113
0
10
0
1
93
0
2
17
456
933
1
278
19
0
0
1838
0
0
0
0
2
293
0
0
9
1
2
2
21
72
191
155
0
3
77
29
26
1
13
2397
758
31
11
0
0
1
146
0
49
1
2
1
0
4
39
10
156
20
0
192
0
566
10
176
9
0
152
5
280
82
93
0
32
590
2222
276
0
0
7
1094
0
61
0
9
0
0
3
0
45
0
27
51
205
16
11
2903
4
292
27
874
0
14
431
306
71
20
2
2
277
8
257
26
0
0
0
9
146
1
100
7
2923
129
12
25
2
1
5
0
195
1
344
73
270
1154
1107
1
18
2261
3
1
2302
0
291
0
295
4
11
0
304
1
256
1523
104
22
54
19
0
0
0
8
198
11
0
330
9
22
0
1
76
0
0
13
8
70
1
2
0
19
33
0
15
3
54
0
1
0
0
2665
0
538
107
202
0
0
0
0
1141
0
0
2
2
143
17
1284
10
546
0
1031
1
2917
16
0
120
0
734
2
194
0
38
0
722
0
7
1
10
22
2
189
1
0
19
1
71
0
52
946
20
0
1
11
2
0
0
4
11
5
0
17
123
0
1
71
55
0
1
3
3
306
379
82
1
112
0
9
150
156
95
0
1
300
0
0
0
927
6
18
9
0
16
0
14
225
2
0
24
170
10
397
2105
14
5
102
1
0
2
24
1
0
0
1
1
8
1
0
111
124
381
2
9
58
0
1150
0
0
4
1806
0
0
1
1
37
1419
1
0
76
1
0
1
0
2066
1
120
91
21
48
5
20
48
1
13
571
22
2589
0
689
2
214
0
0
0
0
0
48
0
11
1
154
1
12
2
137
30
0
1
180
275
865
3
0
1
2186
225
17
0
2
376
94
115
1069
0
0
0
41
220
1
1
0
116
28
0
0
22
1
8
11
1
15
2
0
98
182
1
20
0
2
0
16
171
0
31
2041
14
59
0
24
2
7
2
291
0
8
20
0
1127
0
64
81
7
4
0
88
111
19
0
1
0
209
130
34
565
193
20
0
200
0
9
51
0
4
83
40
0
384
5
0
10
15
0
0
0
49
91
0
183
224
129
0
102
469
0
1
765
4
81
1308
83
243
4
17
1
10
1
3439
1945
1
105
14
2
3
1181
46
3
0
660
0
0
16
201
1024
1174
0
4
950
6
16
1
56
3
99
353
3
2
32
14
2
38
0
10
11
1
0
10
0
1
3
1
0
3
1
3
1
0
10
11
408
58
124
0
1
0
2
0
84
2702
195
4
3
0
154
13
140
74
1
175
0
1601
0
3
21
3
10
9
7
29
1
0
1
1
0
0
73
362
2
70
0
2
0
471
0
0
0
2
0
2
155
1902
47
1
0
1
128
10
156
3695
0
0
2326
12
2
52
267
140
0
408
338
0
0
657
1
1163
2
0
315
104
22
111
2
0
0
1962
0
1
27
0
0
3
0
155
0
3
46
459
223
459
12
0
18
159
191
0
82
2
112
2
566
324
377
4
2
2689
0
2
1
6
24
25
2
485
156
24
0
717
0
0
107
140
311
223
3
6
236
1
0
0
0
0
14
14
193
116
59
31
3819
0
6
0
3
14
1069
1
0
70
1
2119
27
0
15
2
82
0
0
161
12
9
0
91
12
0
0
6
14
457
0
8
13
0
2
116
1
0
2
284
25
1046
0
1
309
0
0
18
11
1
0
0
159
0
0
10
180
551
1079
251
0
14
43
1421
20
165
0
2612
0
22
1050
950
3
85
0
4
87
0
1159
22
0
0
189
5
1967
2
2
198
13
0
195
1
266
834
0
383
37
2105
54
230
28
0
0
0
0
232
1691
5
3
0
7
639
12
3
100
0
0
438
2
3
1573
0
12
867
0
10
1
0
0
1071
623
201
20
1078
11
48
0
0
4
1939
0
1151
103
2
1
0
0
0
1
16
17
0
0
0
9
6
1
52
0
43
1
2
28
0
81
1314
0
0
1
3
875
11
3912
0
32
2
828
1155
100
149
2
10
0
61
0
100
0
4
580
281
2
128
106
52
3
330
39
1
60
2
0
1
1
0
7
1416
2
0
1325
0
0
2
112
182
0
107
1
0
371
0
36
18
57
23
0
0
0
0
5
0
0
101
5
11
134
2
1806
0
0
192
41
0
0
1
218
0
2997
307
125
233
0
4
540
53
7
23
49
158
1
3
3324
0
0
33
148
1071
479
1
219
58
0
0
29
2
12
0
44
12
42
8
0
0
0
3
0
0
109
1000
277
16
0
1
194
0
9
1
11
0
843
0
10
0
0
0
89
70
7
3
2
0
0
673
0
58
3
1
1059
0
100
168
45
1939
0
1
1
0
1
0
0
1
0
0
3796
0
2
230
0
165
0
7
0
0
194
12
0
4
1160
5
19
0
1
121
1
121
226
73
182
1094
21
0
8
0
2
0
23
60
1
24
0
4
0
1
1089
518
22
0
5
0
0
11
2
7
4
1
0
1
408
105
13
1
272
106
1199
270
0
0
0
22
39
3
87
1
4
16
3
327
0
2
13
3
5
0
13
21
4
2
2963
1
0
1
34
2
93
0
768
80
213
0
21
2
16
14
0
1
1
0
52
297
1961
0
0
0
0
3
82
0
136
75
2309
59
0
210
1
3
98
0
0
0
0
639
2
434
3
18
6
2214
0
24
2
5
4
241
0
0
190
21
3
0
11
21
17
172
0
1082
6
325
3042
1
38
2
13
30
2178
1006
2491
1
17
35
9
152
2080
2
3
0
328
1213
185
1
0
20
0
68
7
17
207
181
17
0
1
0
132
20
0
3
27
94
104
19
0
966
43
1
2652
3
46
32
0
0
0
542
703
3
0
0
135
0
1
23
0
2
1865
1
0
0
0
0
0
0
0
13
1
41
2244
35
0
0
155
1
185
9
63
16
52
4
2
1370
2568
2047
0
1
96
1418
110
1416
1
1857
0
2898
1
0
9
0
5
1
867
0
0
13
0
989
9
3
1
1578
7
1
121
0
0
79
2
0
63
1490
0
40
18
12
0
614
608
272
1
646
0
41
0
3
13
0
0
107
41
348
20
0
46
217
2
0
414
6
213
3123
0
3
2
8
2
378
84
5
573
14
18
194
3
307
0
643
14
377
101
0
66
121
0
351
31
157
5
6
500
1
420
0
11
1
22
1420
0
729
0
17
78
0
0
3
16
0
625
16
0
0
3
0
0
1
56
0
28
0
1360
19
13
11
20
1551
1
20
367
254
0
321
229
3
185
16
0
0
245
1
31
1
78
36
608
31
11
4
1
0
0
10
1
0
23
919
0
0
0
0
16
1
11
0
43
98
234
1258
21
674
1083
110
0
22
0
0
2
0
203
24
0
21
0
3
4
7
3
137
4
1069
52
72
2
0
0
0
3
952
0
208
32
0
0
3
11
281
185
20
11
1937
0
3569
1
388
3
107
2031
114
51
130
2
1954
5
34
0
18
0
12
235
465
2
2605
1332
0
2
3
5
175
8
0
2472
8
0
3
458
169
2
1853
3
2
2
12
143
798
128
36
6
29
0
0
5
2
0
0
720
83
1
22
5
38
749
0
0
2417
0
1072
27
0
20
2879
13
3
313
267
0
1
331
0
0
8
83
1
5
0
0
3
4
0
769
1
4
0
0
0
7
3
0
0
16
23
158
426
3
2
937
15
1
395
1
97
698
88
0
361
9
11
161
60
205
188
126
39
0
137
6
78
1573
11
1
714
281
0
99
1
0
310
2
157
0
19
55
67
306
1
139
0
47
0
18
9
13
1587
0
1
0
180
403
161
2
90
10
2
294
1375
6
391
1492
5
196
1793
2
1020
0
190
18
55
105
0
1
131
2
1692
1
0
1
4
152
38
0
2
0
67
56
1
1450
1
0
1
1
0
150
15
0
462
16
6
42
28
168
1342
3083
0
19
7
1
14
583
0
1
1
426
758
0
968
1
3049
1
0
3
257
5
0
2
2
32
0
206
790
7
5
29
130
1500
0
14
2675
0
0
182
41
2
0
59
1734
1
605
232
2
27
1
7
287
275
19
1
2565
0
0
0
6
240
28
2
1
145
11
1
2
122
1198
19
1666
26
1
119
3
6
4932
12
8
3
14
1
873
883
3
1
0
1
2382
0
8
439
0
0
2723
0
10
1
869
1
0
1
0
4
325
3682
0
0
0
206
165
35
2381
0
362
13
6
0
813
13
0
15
0
2
0
0
3
1
0
132
0
2
338
11
1
5
0
262
1474
20
213
1
0
1
1
109
301
115
1673
121
0
0
105
120
11
16
9
1
0
147
3
0
38
0
23
623
0
1
1
803
0
0
1
30
1
164
0
0
1
1594
100
11
1
1
25
1132
4
0
1
470
0
42
138
11
3
1
2
21
1
20
838
7
222
0
0
0
38
6
0
0
1
92
43
23
0
1847
1
0
2
1
18
128
0
12
118
66
1996
0
0
1202
0
13
2
2
0
0
0
197
5
9
55
0
96
298
202
14
12
1
8
1
29
7
0
232
0
5
5
34
0
0
338
80
0
0
1
241
0
8
2993
158
1482
69
166
19
0
0
0
11
0
0
1
91
2
7
0
0
3
4
182
0
6
3
184
1191
9
150
6
1
0
0
701
0
10
5
1
0
0
147
220
10
0
9
0
0
228
1005
1
2
194
7
0
0
82
0
0
248
0
0
0
1101
167
0
2
21
1
84
0
0
4
6
73
0
1
600
566
407
0
2
3
62
393
1
1
59
340
1810
1
14
0
5
34
5
132
0
16
0
308
17
67
467
0
3
0
375
24
32
936
2316
2
9
0
0
122
66
8
15
28
681
90
8
118
0
0
10
0
16
12
21
137
188
8
11
0
0
0
0
0
331
331
0
93
2
0
108
0
2577
235
0
1
461
1
0
14
0
0
0
997
1155
389
4
7
2
0
550
0
0
0
2030
0
4
185
294
0
8
205
130
0
2034
0
1
11
0
1
171
2
0
847
0
1
204
0
2176
0
358
3
0
2778
0
0
4
63
0
0
18
172
34
393
0
634
0
3
0
0
35
12
1
1
0
3
8
988
9
0
0
144
291
29
12
1
0
5
0
0
11
1
0
355
88
58
0
0
314
175
3
2
0
478
0
1
9
10
0
2
108
7
91
0
1382
2
152
146
10
3
21
26
52
321
2
111
44
0
1
0
181
3
5
94
1
3
279
1
33
294
0
0
0
0
332
0
0
0
132
0
0
5
0
329
592
89
22
74
34
2
2
0
0
0
1
253
0
0
14
1
2991
0
0
695
1
1118
2
0
31
1601
956
758
29
0
105
3
1
0
226
126
1
0
1
9
1
4
1
18
0
0
0
3
120
0
0
160
3
537
96
43
0
1440
11
6
0
0
0
47
0
198
142
2
87
54
118
0
62
3
1
322
0
0
1027
0
63
15
0
0
12
8
771
11
1
23
8
10
1463
2772
108
3
203
24
11
9
770
0
1
0
577
269
246
1504
80
0
16
285
731
0
482
2
32
0
111
0
0
181
2
168
961
9
3
6
71
1472
105
0
1
9
0
0
152
0
1
107
69
325
0
0
3
1
6
0
0
636
18
90
0
294
15
1
0
313
2
0
980
70
0
930
0
581
0
17
15
12
48
211
1
29
0
0
165
0
0
21
14
484
0
2
163
25
0
2589
19
2
0
11
0
1
0
0
0
109
0
0
0
7
1
606
17
10
0
0
387
201
0
95
0
2216
8
83
9
14
23
6
0
0
4
35
13
137
119
0
0
0
23
1
137
0
41
57
4
2
57
138
2
20
0
2
0
489
187
0
0
1
0
207
38
0
31
0
8
8
3
2
0
5
3
1
8
1412
2
2
1979
16
0
199
6
0
0
0
0
0
0
0
5
15
99
222
29
1168
17
8
4
6
0
11
0
1
0
0
217
419
0
219
20
302
44
24
0
0
180
7
20
220
0
1088
0
0
2627
156
7
0
163
846
0
0
7
2
0
217
5
14
0
31
3
110
116
1
2
2878
57
233
2
56
18
0
9
75
22
10
0
2
8
0
3
1
12
12
158
2122
10
2
0
31
0
110
0
16
195
2
5
17
7
15
998
0
2
1860
23
1
31
1
7
0
2
0
0
1
35
1
13
88
3095
8
22
8
0
552
0
11
30
21
9
1
4
11
0
1
0
1
222
2
2209
1006
2
0
3
694
0
0
8
4
1374
202
0
0
0
2
1
161
2049
824
256
847
22
2850
63
644
0
10
0
3
1514
1
0
3
0
118
90
947
132
0
7
4
3
192
1
470
0
3
22
268
0
77
0
1
84
1524
0
97
2166
0
0
0
1
4
0
299
2
0
408
51
302
12
0
0
30
17
0
84
11
0
500
1
3
130
0
11
40
2
20
21
932
0
0
89
1
0
21
0
0
1
45
0
0
2446
261
98
3
2
1
710
6
12
0
12
0
601
1226
7
1
0
1906
0
5
193
874
1
133
0
10
335
20
116
18
0
1
0
0
1
1451
899
2
7
1986
28
1
0
10
0
9
0
207
126
155
250
3
17
1
5
1
1
9
0
0
0
0
0
0
65
2040
477
19
150
114
0
6
0
309
146
904
0
2
0
13
70
14
2
0
1945
0
5
0
0
0
606
1
0
62
23
1
0
105
109
16
75
181
633
1174
0
31
1
7
30
6
0
6
398
186
690
0
351
5
0
1
71
0
17
0
73
0
7
0
171
3
2
6
1003
699
2
1
423
847
13
1
0
3066
0
3
0
677
1
0
96
0
1993
48
60
2852
1
26
840
287
0
13
0
0
58
9
416
1715
126
254
0
2166
2
2966
21
0
126
71
192
126
351
1
0
1
0
96
6
78
2196
12
0
28
3
1140
132
0
468
0
3
1
0
1
6
45
7
0
1
2
43
2
0
1
0
9
1
12
1114
54
663
866
0
1
2
16
16
2
786
3
203
842
418
30
0
0
0
191
1715
0
0
1
1
5
26
0
8
315
0
4
18
21
2
137
457
2
7
2085
20
171
851
0
3
5
0
12
21
0
156
285
998
3
0
45
0
0
81
0
1
9
1070
15
1
1
2380
44
28
19
0
1
1
33
0
2440
36
1
38
10
156
0
0
203
1321
1
17
772
1
156
1192
4
0
28
2097
3
1
56
221
62
31
138
223
0
3
0
204
12
49
290
1
0
1
0
136
17
4
9
1
4
13
0
59
2
134
1
39
5
117
1
1
0
0
0
0
1
50
32
1
1
2
1
629
6
3
0
7
7
11
10
2
0
10
128
6
886
3
11
1
9
499
6
202
147
0
13
1003
149
167
1029
0
0
0
2
1
100
3
0
8
1655
2
231
22
1
172
1668
1681
6
17
0
30
0
1
0
15
0
1
1
9
5
8
0
2
13
15
12
1
1280
26
13
628
8
93
0
0
69
0
156
316
70
30
4023
715
0
21
10
20
10
0
0
74
0
1282
0
1
2
1
0
44
18
762
1084
1
48
1
3290
13
129
13
17
1
159
281
352
3
19
1
2
2353
10
208
216
0
0
33
0
0
0
0
994
2
1
13
174
0
1
494
0
66
130
134
0
12
0
197
1
3215
0
1
104
1152
11
68
27
33
2577
2427
32
3
13
1
39
3
25
47
4
3
2
33
10
1
1
1
180
1505
30
9
2
2
228
1
0
3
0
24
0
1
3
187
0
2480
593
183
119
0
1
17
28
0
0
0
2
0
4
1787
0
8
145
0
471
10
0
827
120
362
10
209
0
0
90
20
0
0
80
12
158
96
1
123
4
0
0
970
1121
14
0
0
0
5
37
11
89
194
0
75
22
454
0
1870
2
137
7
2190
94
1634
39
1
1
4
0
448
15
3
0
10
3
48
120
135
1391
192
332
1
0
0
182
0
2
71
4
0
0
0
0
171
145
3
0
15
32
138
12
0
2
122
7
1
40
48
440
2927
68
1
0
8
543
0
3136
1
2
0
4
11
0
268
22
0
11
72
1
4
0
3
0
3
1526
0
24
109
79
294
1
452
0
127
0
0
1
18
103
12
1
0
5
25
615
0
285
2
2
235
7
17
156
0
43
15
12
0
0
11
0
7
457
3
102
0
1075
11
114
6
1
1170
70
0
13
0
0
1282
0
33
204
1
4
1537
16
44
0
3
5
84
0
4
21
0
5
103
0
0
0
7
2
1429
2304
483
46
0
1
30
168
3
1
15
1
0
279
0
2
567
4
282
4
279
0
1
7
0
77
1
3017
3876
0
0
3
0
109
9
13
42
61
153
179
1382
30
54
0
159
102
0
8
0
187
1
0
0
1563
3
0
0
2
1438
164
0
348
781
2
106
0
11
269
1
3455
0
2
1161
0
6
7
1863
0
0
125
0
38
0
131
0
0
347
0
10
0
208
432
13
0
2
0
0
0
3
220
45
8
3
90
0
0
0
1
0
1786
1062
0
0
0
3
2
10
2
1
887
1
3230
0
0
2
0
23
19
0
2
0
0
20
104
0
0
8
593
1286
47
2
1
8
0
2007
0
0
1
59
10
679
2
1865
996
0
812
3
2102
1
0
0
0
0
1
876
171
0
75
196
0
0
0
0
5
8
0
0
0
0
24
0
387
0
2115
0
5
0
87
5
2
0
43
28
0
0
1078
0
21
13
0
1425
7
713
0
82
407
29
86
0
0
165
0
1604
1035
1950
2
359
48
46
123
0
292
85
11
1
0
11
28
285
1098
1
4
77
0
185
2607
1
6
0
20
142
13
3
1
50
0
933
0
145
40
943
1
0
993
0
12
0
822
0
0
12
843
0
0
0
9
2
0
2
134
1
12
9
1
1
134
210
499
129
0
2
57
2
272
1
198
38
0
0
12
17
0
0
127
0
77
0
21
13
23
31
16
0
85
34
0
18
35
0
156
2
34
0
0
0
0
21
2
35
18
27
1
13
0
204
1
8
36
21
0
597
0
0
1
26
0
0
0
0
10
9
0
48
2057
96
0
0
0
0
263
0
2
0
28
0
0
16
3
1866
0
0
0
2
1
16
16
37
2
17
0
181
8
14
27
0
0
0
65
0
120
24
0
11
161
1356
85
7
378
1811
112
3277
70
19
20
2796
65
1267
28
0
0
1
968
0
2045
20
659
1025
22
2
1264
5
1
11
21
261
6
144
1
1
14
160
1093
0
1
37
203
2
1
2
13
0
0
207
0
25
101
3
0
9
0
54
0
19
1
35
108
175
0
155
5
302
182
8
1
1742
101
0
638
0
88
1287
185
1
205
56
146
0
172
1
1
8
3709
6
1
2293
0
84
5
5
136
0
32
0
5
0
3
1355
17
27
0
50
0
7
16
0
1
631
63
156
7
7
55
370
0
0
2555
889
0
9
9
260
12
1
0
26
1068
770
0
111
16
0
2
1
10
242
12
43
0
3
0
0
0
0
127
4
99
19
0
4
0
0
12
0
161
32
401
105
0
0
0
32
4
0
1
117
60
15
19
11
0
96
46
0
260
0
0
51
7
1
83
2
267
138
0
9
1
1601
118
2
790
110
8
1
4798
1
0
3809
1
1
0
1993
1
4
1558
425
0
99
0
197
23
0
1
1
238
33
0
0
49
320
2
1
0
0
15
1
9
20
5
0
0
18
114
55
13
56
11
5
2
76
11
6
0
0
32
0
0
0
1824
0
0
3855
10
0
14
28
0
5
1
19
0
54
1
0
0
76
0
165
3972
52
7
4
48
831
0
388
0
651
0
978
5
0
11
0
1
173
189
0
0
229
768
133
1
0
1733
818
1
0
2
21
1
1497
0
0
1
5
1
18
0
0
2230
5
0
2
22
4
18
14
0
1
0
3703
0
0
1
23
22
212
24
1
76
8
0
11
0
1128
1
0
2
9
1760
68
0
275
1
244
3
1741
364
28
121
0
0
113
0
2727
49
2
116
22
0
1
599
0
0
217
0
0
0
185
0
0
1262
0
42
29
0
0
7
41
1
434
0
8
109
1727
10
8
16
0
0
694
2
1
2
18
3
193
1
2
17
7
2728
0
2
205
0
5
154
27
0
7
0
81
32
193
0
10
748
0
19
109
6
65
1211
3
435
0
56
15
136
4
5
0
29
0
960
159
20
0
4
0
0
30
0
0
61
44
1804
25
9
660
2049
1
74
727
2068
1588
4084
10
917
18
2413
2
0
0
8
0
778
7
2
857
3
4
1
101
22
1
0
0
15
2
9
1543
281
0
1
1
2
9
24
47
1
135
0
233
2388
0
3038
114
2
0
9
5
20
9
0
0
0
0
160
0
1273
0
0
101
22
0
18
8
130
1621
1502
17
0
0
0
0
188
3124
0
0
5
20
0
26
0
36
0
11
101
1
0
2
281
9
33
0
60
0
257
2
0
2
0
17
0
200
124
82
18
10
16
201
28
0
67
124
1047
0
851
0
28
0
2
1387
20
3
0
0
1
0
87
88
14
971
699
1
14
5
0
54
0
0
147
27
0
2
0
1
4
21
3
0
2
156
3
5
0
1
6
134
11
20
2862
0
3000
108
2181
112
1
21
1
0
61
1
1
1814
17
23
1821
1108
47
20
0
6
125
4
29
30
13
0
26
0
0
0
19
164
0
12
1994
358
52
0
1
3
13
862
22
1
391
767
2
31
41
12
0
0
62
2
5
0
169
2
537
1721
2
70
14
13
1872
3
20
0
110
0
4
3
21
0
119
0
13
1
1173
0
208
2774
4
812
0
52
18
2
14
55
717
2
1
1890
8
182
0
1721
0
0
0
841
127
11
1
6
0
0
84
259
0
3
8
1
0
0
1
0
7
43
318
1189
0
2019
1
148
65
2
184
23
0
0
182
1
2686
33
17
45
0
9
1
0
1
648
22
0
0
228
256
0
926
166
151
0
93
814
1956
0
211
69
14
69
39
0
0
0
1
776
418
15
53
3947
274
0
1
604
6
2279
8
1655
30
0
1
0
170
0
0
14
186
1423
0
2004
1
11
2
32
0
13
0
1
0
2278
8
3
42
0
1804
2
19
14
0
8
7
444
40
0
16
0
189
21
10
287
308
749
0
10
219
5
1643
153
1
18
2
0
716
1
2
20
10
1394
90
157
0
0
0
0
0
1
0
3
1
9
7
15
0
0
85
2387
0
20
0
601
1
225
0
0
0
1
707
1
0
665
111
125
28
13
48
3
28
1590
192
286
0
131
53
1111
1166
111
13
904
2
0
3
0
1
0
153
86
2
3
110
26
12
13
0
2
16
1
508
0
123
85
0
0
6
5
0
275
788
2
133
1592
1
0
1213
170
0
0
1
7
2
188
0
25
48
41
31
55
87
0
4015
0
0
33
1606
1
28
0
0
1
6
47
161
182
0
0
5
34
0
5
1747
0
2436
0
2389
135
1528
1
0
1804
28
3
0
0
47
0
0
148
0
1753
1148
21
0
2186
0
0
3516
94
1324
0
1
109
2
15
2
7
94
0
2
185
4
0
15
0
2
196
0
24
0
13
322
296
1
344
5
11
0
0
8
0
2
1515
0
337
0
0
2
0
91
79
43
15
203
2
408
159
568
0
12
0
0
1943
4
1977
597
1027
54
0
1685
947
72
3
13
631
290
4
2
106
17
5
28
0
1267
14
29
0
0
0
0
66
12
1
5
0
692
1081
78
3
0
0
0
133
28
7
20
64
112
165
26
4
154
0
69
95
128
0
1
2041
36
395
0
1
2021
77
1610
13
0
2
12
4
7
2
1394
1257
1412
14
0
0
2
18
46
777
0
0
1092
632
3
0
9
6
68
1
0
67
0
18
0
0
0
0
158
1
54
1
586
29
187
5
0
3977
0
0
275
0
0
14
1
4
3
1352
0
0
630
582
196
3
12
45
44
1
0
0
8
34
1
0
0
73
10
164
460
123
185
1
3
1
0
0
0
12
277
729
1
13
402
69
3
2
6
72
29
4
0
148
31
6
0
425
2544
11
24
1075
398
0
0
1
3
0
0
60
228
0
0
718
11
0
1
11
3
1
201
0
178
284
1
0
163
75
5
0
4
1
1
0
2879
171
0
7
1235
172
4
448
235
13
149
42
3
0
1985
0
52
0
1053
0
0
21
5
2
8
20
20
69
1
1058
0
0
3
0
0
499
1181
8
4
18
3
0
16
118
0
0
7
1
5
1
1
0
178
200
22
7
2337
196
122
254
24
731
0
7
99
0
20
4
90
319
0
