11111
0
0
0
0
0
0
0
0
0
1022222
11111
0
0
0
0
0
0
0
0
922222
11111
0
0
0
0
0
0
0
0
822222
11111
0
0
0
0
0
0
0
0
722222
11111
0
0
0
0
0
0
0
0
622222
11111
0
0
0
0
0
0
0
0
522222
11111
0
0
0
0
0
0
0
0
422222
11111
0
0
0
0
0
0
0
0
322222
11111
0
0
0
0
0
0
0
0
222222
0
0
0
0
0
0
0
0
0
122222
11111
0
0
0
0
0
0
0
0
22222
0
0
0
0
0
0
0
0
0
1033333
22222
0
0
0
0
0
0
0
0
933333
22222
0
0
0
0
0
0
0
0
833333
22222
0
0
0
0
0
0
0
0
733333
22222
0
0
0
0
0
0
0
0
633333
22222
0
0
0
0
0
0
0
0
533333
22222
0
0
0
0
0
0
0
0
433333
22222
0
0
0
0
0
0
0
0
333333
0
0
0
0
0
0
0
0
0
233333
11111
0
0
0
0
0
0
0
0
133333
22222
0
0
0
0
0
0
0
0
33333
0
0
0
0
0
0
0
0
0
1044444
33333
0
0
0
0
0
0
0
0
944444
33333
0
0
0
0
0
0
0
0
844444
33333
0
0
0
0
0
0
0
0
744444
33333
0
0
0
0
0
0
0
0
644444
33333
0
0
0
0
0
0
0
0
544444
33333
0
0
0
0
0
0
0
0
444444
0
0
0
0
0
0
0
0
0
344444
11111
0
0
0
0
0
0
0
0
244444
22222
0
0
0
0
0
0
0
0
144444
33333
0
0
0
0
0
0
0
0
44444
0
0
0
0
0
0
0
0
0
1055555
44444
0
0
0
0
0
0
0
0
955555
44444
0
0
0
0
0
0
0
0
855555
44444
0
0
0
0
0
0
0
0
755555
44444
0
0
0
0
0
0
0
0
655555
44444
0
0
0
0
0
0
0
0
555555
0
0
0
0
0
0
0
0
0
455555
11111
0
0
0
0
0
0
0
0
355555
22222
0
0
0
0
0
0
0
0
255555
33333
0
0
0
0
0
0
0
0
155555
44444
0
0
0
0
0
0
0
0
55555
0
0
0
0
0
0
0
0
0
1066666
55555
0
0
0
0
0
0
0
0
966666
55555
0
0
0
0
0
0
0
0
866666
55555
0
0
0
0
0
0
0
0
766666
55555
0
0
0
0
0
0
0
0
666666
0
0
0
0
0
0
0
0
0
566666
11111
0
0
0
0
0
0
0
0
466666
22222
0
0
0
0
0
0
0
0
366666
33333
0
0
0
0
0
0
0
0
266666
44444
0
0
0
0
0
0
0
0
166666
55555
0
0
0
0
0
0
0
0
66666
0
0
0
0
0
0
0
0
0
1077777
66666
0
0
0
0
0
0
0
0
977777
66666
0
0
0
0
0
0
0
0
877777
66666
0
0
0
0
0
0
0
0
777777
0
0
0
0
0
0
0
0
0
677777
11111
0
0
0
0
0
0
0
0
577777
22222
0
0
0
0
0
0
0
0
477777
33333
0
0
0
0
0
0
0
0
377777
44444
0
0
0
0
0
0
0
0
277777
55555
0
0
0
0
0
0
0
0
177777
66666
0
0
0
0
0
0
0
0
77777
0
0
0
0
0
0
0
0
0
1088888
77777
0
0
0
0
0
0
0
0
988888
77777
0
0
0
0
0
0
0
0
888888
0
0
0
0
0
0
0
0
0
788888
11111
0
0
0
0
0
0
0
0
688888
22222
0
0
0
0
0
0
0
0
588888
33333
0
0
0
0
0
0
0
0
488888
44444
0
0
0
0
0
0
0
0
388888
55555
0
0
0
0
0
0
0
0
288888
66666
0
0
0
0
0
0
0
0
188888
77777
0
0
0
0
0
0
0
0
88888
0
0
0
0
0
0
0
0
0
1099999
88888
0
0
0
0
0
0
0
0
999999
0
0
0
0
0
0
0
0
0
899999
11111
0
0
0
0
0
0
0
0
799999
22222
0
0
0
0
0
0
0
0
699999
33333
0
0
0
0
0
0
0
0
599999
44444
0
0
0
0
0
0
0
0
499999
55555
0
0
0
0
0
0
0
0
399999
66666
0
0
0
0
0
0
0
0
299999
77777
0
0
0
0
0
0
0
0
199999
88888
0
0
0
0
0
0
0
0
99999
0
0
0
0
0
0
0
0
0
1111111
0
0
0
0
0
0
0
0
0
1011111
0
0
0
0
0
0
0
0
0
911111
800000
0
0
0
0
0
0
0
0
811111
700000
0
0
0
0
0
0
0
0
711111
600000
0
0
0
0
0
0
0
0
611111
500000
0
0
0
0
0
0
0
0
511111
400000
0
0
0
0
0
0
0
0
411111
300000
0
0
0
0
0
0
0
0
311111
200000
0
0
0
0
0
0
0
0
211111
100000
0
0
0
0
0
0
0
0
111111
0
0
0
0
0
0
0
0
0
11111
0
0
0
0
0
0
0
0
0
11022222
11111
0
0
0
0
0
0
0
0
10922222
11111
0
0
0
0
0
0
0
0
10822222
11111
0
0
0
0
0
0
0
0
10722222
11111
0
0
0
0
0
0
0
0
10622222
11111
0
0
0
0
0
0
0
0
10522222
11111
0
0
0
0
0
0
0
0
10422222
11111
0
0
0
0
0
0
0
0
10322222
11111
0
0
0
0
0
0
0
0
10222222
111111
0
0
0
0
0
0
0
0
10122222
11111
0
0
0
0
0
0
0
0
10022222
11111
0
0
0
0
0
0
0
0
9922222
811111
11111
0
0
0
0
0
0
0
9822222
711111
11111
0
0
0
0
0
0
0
9722222
611111
11111
0
0
0
0
0
0
0
9622222
511111
11111
0
0
0
0
0
0
0
9522222
411111
11111
0
0
0
0
0
0
0
9422222
311111
11111
0
0
0
0
0
0
0
9322222
211111
11111
0
0
0
0
0
0
0
9222222
111111
0
0
0
0
0
0
0
0
9122222
11111
0
0
0
0
0
0
0
0
9022222
111111
11111
0
0
0
0
0
0
0
8922222
11111
0
0
0
0
0
0
0
0
8822222
711111
11111
0
0
0
0
0
0
0
8722222
611111
11111
0
0
0
0
0
0
0
8622222
511111
11111
0
0
0
0
0
0
0
8522222
411111
11111
0
0
0
0
0
0
0
8422222
311111
11111
0
0
0
0
0
0
0
8322222
211111
11111
0
0
0
0
0
0
0
8222222
111111
0
0
0
0
0
0
0
0
8122222
11111
0
0
0
0
0
0
0
0
8022222
211111
11111
0
0
0
0
0
0
0
7922222
111111
11111
0
0
0
0
0
0
0
7822222
11111
0
0
0
0
0
0
0
0
7722222
611111
11111
0
0
0
0
0
0
0
7622222
511111
11111
0
0
0
0
0
0
0
7522222
411111
11111
0
0
0
0
0
0
0
7422222
311111
11111
0
0
0
0
0
0
0
7322222
211111
11111
0
0
0
0
0
0
0
7222222
111111
0
0
0
0
0
0
0
0
7122222
11111
0
0
0
0
0
0
0
0
7022222
311111
11111
0
0
0
0
0
0
0
6922222
211111
11111
0
0
0
0
0
0
0
6822222
111111
11111
0
0
0
0
0
0
0
6722222
11111
0
0
0
0
0
0
0
0
6622222
511111
11111
0
0
0
0
0
0
0
6522222
411111
11111
0
0
0
0
0
0
0
6422222
311111
11111
0
0
0
0
0
0
0
6322222
211111
11111
0
0
0
0
0
0
0
6222222
111111
0
0
0
0
0
0
0
0
6122222
11111
0
0
0
0
0
0
0
0
6022222
411111
11111
0
0
0
0
0
0
0
5922222
311111
11111
0
0
0
0
0
0
0
5822222
211111
11111
0
0
0
0
0
0
0
5722222
111111
11111
0
0
0
0
0
0
0
5622222
11111
0
0
0
0
0
0
0
0
5522222
411111
11111
0
0
0
0
0
0
0
5422222
311111
11111
0
0
0
0
0
0
0
5322222
211111
11111
0
0
0
0
0
0
0
5222222
111111
0
0
0
0
0
0
0
0
5122222
11111
0
0
0
0
0
0
0
0
5022222
511111
11111
0
0
0
0
0
0
0
4922222
411111
11111
0
0
0
0
0
0
0
4822222
311111
11111
0
0
0
0
0
0
0
4722222
211111
11111
0
0
0
0
0
0
0
4622222
111111
11111
0
0
0
0
0
0
0
4522222
11111
0
0
0
0
0
0
0
0
4422222
311111
11111
0
0
0
0
0
0
0
4322222
211111
11111
0
0
0
0
0
0
0
4222222
111111
0
0
0
0
0
0
0
0
4122222
11111
0
0
0
0
0
0
0
0
4022222
611111
11111
0
0
0
0
0
0
0
3922222
511111
11111
0
0
0
0
0
0
0
3822222
411111
11111
0
0
0
0
0
0
0
3722222
311111
11111
0
0
0
0
0
0
0
3622222
211111
11111
0
0
0
0
0
0
0
3522222
111111
11111
0
0
0
0
0
0
0
3422222
11111
0
0
0
0
0
0
0
0
3322222
211111
11111
0
0
0
0
0
0
0
3222222
111111
0
0
0
0
0
0
0
0
3122222
11111
0
0
0
0
0
0
0
0
3022222
711111
11111
0
0
0
0
0
0
0
2922222
611111
11111
0
0
0
0
0
0
0
2822222
511111
11111
0
0
0
0
0
0
0
2722222
411111
11111
0
0
0
0
0
0
0
2622222
311111
11111
0
0
0
0
0
0
0
2522222
211111
11111
0
0
0
0
0
0
0
2422222
111111
11111
0
0
0
0
0
0
0
2322222
11111
0
0
0
0
0
0
0
0
2222222
0
0
0
0
0
0
0
0
0
2122222
100000
0
0
0
0
0
0
0
0
2022222
0
0
0
0
0
0
0
0
0
1922222
811111
0
0
0
0
0
0
0
0
1822222
711111
0
0
0
0
0
0
0
0
1722222
611111
0
0
0
0
0
0
0
0
1622222
511111
0
0
0
0
0
0
0
0
1522222
411111
0
0
0
0
0
0
0
0
1422222
311111
0
0
0
0
0
0
0
0
1322222
211111
0
0
0
0
0
0
0
0
1222222
111111
0
0
0
0
0
0
0
0
1122222
11111
0
0
0
0
0
0
0
0
1022222
11111
0
0
0
0
0
0
0
0
922222
700000
11111
0
0
0
0
0
0
0
822222
600000
11111
0
0
0
0
0
0
0
722222
500000
11111
0
0
0
0
0
0
0
622222
400000
11111
0
0
0
0
0
0
0
522222
300000
11111
0
0
0
0
0
0
0
422222
200000
11111
0
0
0
0
0
0
0
322222
100000
11111
0
0
0
0
0
0
0
222222
0
0
0
0
0
0
0
0
0
122222
11111
0
0
0
0
0
0
0
0
22222
0
0
0
0
0
0
0
0
0
11033333
22222
0
0
0
0
0
0
0
0
10933333
22222
0
0
0
0
0
0
0
0
10833333
22222
0
0
0
0
0
0
0
0
10733333
22222
0
0
0
0
0
0
0
0
10633333
22222
0
0
0
0
0
0
0
0
10533333
22222
0
0
0
0
0
0
0
0
10433333
22222
0
0
0
0
0
0
0
0
10333333
222222
0
0
0
0
0
0
0
0
10233333
122222
11111
0
0
0
0
0
0
0
10133333
22222
0
0
0
0
0
0
0
0
10033333
22222
0
0
0
0
0
0
0
0
9933333
822222
22222
0
0
0
0
0
0
0
9833333
722222
22222
0
0
0
0
0
0
0
9733333
622222
22222
0
0
0
0
0
0
0
9633333
522222
22222
0
0
0
0
0
0
0
9533333
422222
22222
0
0
0
0
0
0
0
9433333
322222
22222
0
0
0
0
0
0
0
9333333
222222
0
0
0
0
0
0
0
0
9233333
122222
11111
0
0
0
0
0
0
0
9133333
22222
0
0
0
0
0
0
0
0
9033333
122222
22222
0
0
0
0
0
0
0
8933333
22222
0
0
0
0
0
0
0
0
8833333
722222
22222
0
0
0
0
0
0
0
8733333
622222
22222
0
0
0
0
0
0
0
8633333
522222
22222
0
0
0
0
0
0
0
8533333
422222
22222
0
0
0
0
0
0
0
8433333
322222
22222
0
0
0
0
0
0
0
8333333
222222
0
0
0
0
0
0
0
0
8233333
122222
11111
0
0
0
0
0
0
0
8133333
22222
0
0
0
0
0
0
0
0
8033333
222222
22222
0
0
0
0
0
0
0
7933333
122222
22222
0
0
0
0
0
0
0
7833333
22222
0
0
0
0
0
0
0
0
7733333
622222
22222
0
0
0
0
0
0
0
7633333
522222
22222
0
0
0
0
0
0
0
7533333
422222
22222
0
0
0
0
0
0
0
7433333
322222
22222
0
0
0
0
0
0
0
7333333
222222
0
0
0
0
0
0
0
0
7233333
122222
11111
0
0
0
0
0
0
0
7133333
22222
0
0
0
0
0
0
0
0
7033333
322222
22222
0
0
0
0
0
0
0
6933333
222222
22222
0
0
0
0
0
0
0
6833333
122222
22222
0
0
0
0
0
0
0
6733333
22222
0
0
0
0
0
0
0
0
6633333
522222
22222
0
0
0
0
0
0
0
6533333
422222
22222
0
0
0
0
0
0
0
6433333
322222
22222
0
0
0
0
0
0
0
6333333
222222
0
0
0
0
0
0
0
0
6233333
122222
11111
0
0
0
0
0
0
0
6133333
22222
0
0
0
0
0
0
0
0
6033333
422222
22222
0
0
0
0
0
0
0
5933333
322222
22222
0
0
0
0
0
0
0
5833333
222222
22222
0
0
0
0
0
0
0
5733333
122222
22222
0
0
0
0
0
0
0
5633333
22222
0
0
0
0
0
0
0
0
5533333
422222
22222
0
0
0
0
0
0
0
5433333
322222
22222
0
0
0
0
0
0
0
5333333
222222
0
0
0
0
0
0
0
0
5233333
122222
11111
0
0
0
0
0
0
0
5133333
22222
0
0
0
0
0
0
0
0
5033333
522222
22222
0
0
0
0
0
0
0
4933333
422222
22222
0
0
0
0
0
0
0
4833333
322222
22222
0
0
0
0
0
0
0
4733333
222222
22222
0
0
0
0
0
0
0
4633333
122222
22222
0
0
0
0
0
0
0
4533333
22222
0
0
0
0
0
0
0
0
4433333
322222
22222
0
0
0
0
0
0
0
4333333
222222
0
0
0
0
0
0
0
0
4233333
122222
11111
0
0
0
0
0
0
0
4133333
22222
0
0
0
0
0
0
0
0
4033333
622222
22222
0
0
0
0
0
0
0
3933333
522222
22222
0
0
0
0
0
0
0
3833333
422222
22222
0
0
0
0
0
0
0
3733333
322222
22222
0
0
0
0
0
0
0
3633333
222222
22222
0
0
0
0
0
0
0
3533333
122222
22222
0
0
0
0
0
0
0
3433333
22222
0
0
0
0
0
0
0
0
3333333
0
0
0
0
0
0
0
0
0
3233333
200000
0
0
0
0
0
0
0
0
3133333
100000
0
0
0
0
0
0
0
0
3033333
0
0
0
0
0
0
0
0
0
2933333
711111
0
0
0
0
0
0
0
0
2833333
611111
0
0
0
0
0
0
0
0
2733333
511111
0
0
0
0
0
0
0
0
2633333
411111
0
0
0
0
0
0
0
0
2533333
311111
0
0
0
0
0
0
0
0
2433333
211111
0
0
0
0
0
0
0
0
2333333
111111
0
0
0
0
0
0
0
0
2233333
11111
0
0
0
0
0
0
0
0
2133333
111111
11111
0
0
0
0
0
0
0
2033333
11111
0
0
0
0
0
0
0
0
1933333
822222
11111
0
0
0
0
0
0
0
1833333
722222
11111
0
0
0
0
0
0
0
1733333
622222
11111
0
0
0
0
0
0
0
1633333
522222
11111
0
0
0
0
0
0
0
1533333
422222
11111
0
0
0
0
0
0
0
1433333
322222
11111
0
0
0
0
0
0
0
1333333
222222
0
0
0
0
0
0
0
0
1233333
122222
11111
0
0
0
0
0
0
0
1133333
22222
0
0
0
0
0
0
0
0
1033333
22222
0
0
0
0
0
0
0
0
933333
600000
22222
0
0
0
0
0
0
0
833333
500000
22222
0
0
0
0
0
0
0
733333
400000
22222
0
0
0
0
0
0
0
633333
300000
22222
0
0
0
0
0
0
0
533333
200000
22222
0
0
0
0
0
0
0
433333
100000
22222
0
0
0
0
0
0
0
333333
0
0
0
0
0
0
0
0
0
233333
11111
0
0
0
0
0
0
0
0
133333
22222
0
0
0
0
0
0
0
0
33333
0
0
0
0
0
0
0
0
0
11044444
33333
0
0
0
0
0
0
0
0
10944444
33333
0
0
0
0
0
0
0
0
10844444
33333
0
0
0
0
0
0
0
0
10744444
33333
0
0
0
0
0
0
0
0
10644444
33333
0
0
0
0
0
0
0
0
10544444
33333
0
0
0
0
0
0
0
0
10444444
333333
0
0
0
0
0
0
0
0
10344444
233333
11111
0
0
0
0
0
0
0
10244444
133333
22222
0
0
0
0
0
0
0
10144444
33333
0
0
0
0
0
0
0
0
10044444
33333
0
0
0
0
0
0
0
0
9944444
833333
33333
0
0
0
0
0
0
0
9844444
733333
33333
0
0
0
0
0
0
0
9744444
633333
33333
0
0
0
0
0
0
0
9644444
533333
33333
0
0
0
0
0
0
0
9544444
433333
33333
0
0
0
0
0
0
0
9444444
333333
0
0
0
0
0
0
0
0
9344444
233333
11111
0
0
0
0
0
0
0
9244444
133333
22222
0
0
0
0
0
0
0
9144444
33333
0
0
0
0
0
0
0
0
9044444
133333
33333
0
0
0
0
0
0
0
8944444
33333
0
0
0
0
0
0
0
0
8844444
733333
33333
0
0
0
0
0
0
0
8744444
633333
33333
0
0
0
0
0
0
0
8644444
533333
33333
0
0
0
0
0
0
0
8544444
433333
33333
0
0
0
0
0
0
0
8444444
333333
0
0
0
0
0
0
0
0
8344444
233333
11111
0
0
0
0
0
0
0
8244444
133333
22222
0
0
0
0
0
0
0
8144444
33333
0
0
0
0
0
0
0
0
8044444
233333
33333
0
0
0
0
0
0
0
7944444
133333
33333
0
0
0
0
0
0
0
7844444
33333
0
0
0
0
0
0
0
0
7744444
633333
33333
0
0
0
0
0
0
0
7644444
533333
33333
0
0
0
0
0
0
0
7544444
433333
33333
0
0
0
0
0
0
0
7444444
333333
0
0
0
0
0
0
0
0
7344444
233333
11111
0
0
0
0
0
0
0
7244444
133333
22222
0
0
0
0
0
0
0
7144444
33333
0
0
0
0
0
0
0
0
7044444
333333
33333
0
0
0
0
0
0
0
6944444
233333
33333
0
0
0
0
0
0
0
6844444
133333
33333
0
0
0
0
0
0
0
6744444
33333
0
0
0
0
0
0
0
0
6644444
533333
33333
0
0
0
0
0
0
0
6544444
433333
33333
0
0
0
0
0
0
0
6444444
333333
0
0
0
0
0
0
0
0
6344444
233333
11111
0
0
0
0
0
0
0
6244444
133333
22222
0
0
0
0
0
0
0
6144444
33333
0
0
0
0
0
0
0
0
6044444
433333
33333
0
0
0
0
0
0
0
5944444
333333
33333
0
0
0
0
0
0
0
5844444
233333
33333
0
0
0
0
0
0
0
5744444
133333
33333
0
0
0
0
0
0
0
5644444
33333
0
0
0
0
0
0
0
0
5544444
433333
33333
0
0
0
0
0
0
0
5444444
333333
0
0
0
0
0
0
0
0
5344444
233333
11111
0
0
0
0
0
0
0
5244444
133333
22222
0
0
0
0
0
0
0
5144444
33333
0
0
0
0
0
0
0
0
5044444
533333
33333
0
0
0
0
0
0
0
4944444
433333
33333
0
0
0
0
0
0
0
4844444
333333
33333
0
0
0
0
0
0
0
4744444
233333
33333
0
0
0
0
0
0
0
4644444
133333
33333
0
0
0
0
0
0
0
4544444
33333
0
0
0
0
0
0
0
0
4444444
0
0
0
0
0
0
0
0
0
4344444
300000
0
0
0
0
0
0
0
0
4244444
200000
0
0
0
0
0
0
0
0
4144444
100000
0
0
0
0
0
0
0
0
4044444
0
0
0
0
0
0
0
0
0
3944444
611111
0
0
0
0
0
0
0
0
3844444
511111
0
0
0
0
0
0
0
0
3744444
411111
0
0
0
0
0
0
0
0
3644444
311111
0
0
0
0
0
0
0
0
3544444
211111
0
0
0
0
0
0
0
0
3444444
111111
0
0
0
0
0
0
0
0
3344444
11111
0
0
0
0
0
0
0
0
3244444
211111
11111
0
0
0
0
0
0
0
3144444
111111
11111
0
0
0
0
0
0
0
3044444
11111
0
0
0
0
0
0
0
0
2944444
722222
11111
0
0
0
0
0
0
0
2844444
622222
11111
0
0
0
0
0
0
0
2744444
522222
11111
0
0
0
0
0
0
0
2644444
422222
11111
0
0
0
0
0
0
0
2544444
322222
11111
0
0
0
0
0
0
0
2444444
222222
0
0
0
0
0
0
0
0
2344444
122222
11111
0
0
0
0
0
0
0
2244444
22222
0
0
0
0
0
0
0
0
2144444
122222
22222
0
0
0
0
0
0
0
2044444
22222
0
0
0
0
0
0
0
0
1944444
833333
22222
0
0
0
0
0
0
0
1844444
733333
22222
0
0
0
0
0
0
0
1744444
633333
22222
0
0
0
0
0
0
0
1644444
533333
22222
0
0
0
0
0
0
0
1544444
433333
22222
0
0
0
0
0
0
0
1444444
333333
0
0
0
0
0
0
0
0
1344444
233333
11111
0
0
0
0
0
0
0
1244444
133333
22222
0
0
0
0
0
0
0
1144444
33333
0
0
0
0
0
0
0
0
1044444
33333
0
0
0
0
0
0
0
0
944444
500000
33333
0
0
0
0
0
0
0
844444
400000
33333
0
0
0
0
0
0
0
744444
300000
33333
0
0
0
0
0
0
0
644444
200000
33333
0
0
0
0
0
0
0
544444
100000
33333
0
0
0
0
0
0
0
444444
0
0
0
0
0
0
0
0
0
344444
11111
0
0
0
0
0
0
0
0
244444
22222
0
0
0
0
0
0
0
0
144444
33333
0
0
0
0
0
0
0
0
44444
0
0
0
0
0
0
0
0
0
11055555
44444
0
0
0
0
0
0
0
0
10955555
44444
0
0
0
0
0
0
0
0
10855555
44444
0
0
0
0
0
0
0
0
10755555
44444
0
0
0
0
0
0
0
0
10655555
44444
0
0
0
0
0
0
0
0
10555555
444444
0
0
0
0
0
0
0
0
10455555
344444
11111
0
0
0
0
0
0
0
10355555
244444
22222
0
0
0
0
0
0
0
10255555
144444
33333
0
0
0
0
0
0
0
10155555
44444
0
0
0
0
0
0
0
0
10055555
44444
0
0
0
0
0
0
0
0
9955555
844444
44444
0
0
0
0
0
0
0
9855555
744444
44444
0
0
0
0
0
0
0
9755555
644444
44444
0
0
0
0
0
0
0
9655555
544444
44444
0
0
0
0
0
0
0
9555555
444444
0
0
0
0
0
0
0
0
9455555
344444
11111
0
0
0
0
0
0
0
9355555
244444
22222
0
0
0
0
0
0
0
9255555
144444
33333
0
0
0
0
0
0
0
9155555
44444
0
0
0
0
0
0
0
0
9055555
144444
44444
0
0
0
0
0
0
0
8955555
44444
0
0
0
0
0
0
0
0
8855555
744444
44444
0
0
0
0
0
0
0
8755555
644444
44444
0
0
0
0
0
0
0
8655555
544444
44444
0
0
0
0
0
0
0
8555555
444444
0
0
0
0
0
0
0
0
8455555
344444
11111
0
0
0
0
0
0
0
8355555
244444
22222
0
0
0
0
0
0
0
8255555
144444
33333
0
0
0
0
0
0
0
8155555
44444
0
0
0
0
0
0
0
0
8055555
244444
44444
0
0
0
0
0
0
0
7955555
144444
44444
0
0
0
0
0
0
0
7855555
44444
0
0
0
0
0
0
0
0
7755555
644444
44444
0
0
0
0
0
0
0
7655555
544444
44444
0
0
0
0
0
0
0
7555555
444444
0
0
0
0
0
0
0
0
7455555
344444
11111
0
0
0
0
0
0
0
7355555
244444
22222
0
0
0
0
0
0
0
7255555
144444
33333
0
0
0
0
0
0
0
7155555
44444
0
0
0
0
0
0
0
0
7055555
344444
44444
0
0
0
0
0
0
0
6955555
244444
44444
0
0
0
0
0
0
0
6855555
144444
44444
0
0
0
0
0
0
0
6755555
44444
0
0
0
0
0
0
0
0
6655555
544444
44444
0
0
0
0
0
0
0
6555555
444444
0
0
0
0
0
0
0
0
6455555
344444
11111
0
0
0
0
0
0
0
6355555
244444
22222
0
0
0
0
0
0
0
6255555
144444
33333
0
0
0
0
0
0
0
6155555
44444
0
0
0
0
0
0
0
0
6055555
444444
44444
0
0
0
0
0
0
0
5955555
344444
44444
0
0
0
0
0
0
0
5855555
244444
44444
0
0
0
0
0
0
0
5755555
144444
44444
0
0
0
0
0
0
0
5655555
44444
0
0
0
0
0
0
0
0
5555555
0
0
0
0
0
0
0
0
0
5455555
400000
0
0
0
0
0
0
0
0
5355555
300000
0
0
0
0
0
0
0
0
5255555
200000
0
0
0
0
0
0
0
0
5155555
100000
0
0
0
0
0
0
0
0
5055555
0
0
0
0
0
0
0
0
0
4955555
511111
0
0
0
0
0
0
0
0
4855555
411111
0
0
0
0
0
0
0
0
4755555
311111
0
0
0
0
0
0
0
0
4655555
211111
0
0
0
0
0
0
0
0
4555555
111111
0
0
0
0
0
0
0
0
4455555
11111
0
0
0
0
0
0
0
0
4355555
311111
11111
0
0
0
0
0
0
0
4255555
211111
11111
0
0
0
0
0
0
0
4155555
111111
11111
0
0
0
0
0
0
0
4055555
11111
0
0
0
0
0
0
0
0
3955555
622222
11111
0
0
0
0
0
0
0
3855555
522222
11111
0
0
0
0
0
0
0
3755555
422222
11111
0
0
0
0
0
0
0
3655555
322222
11111
0
0
0
0
0
0
0
3555555
222222
0
0
0
0
0
0
0
0
3455555
122222
11111
0
0
0
0
0
0
0
3355555
22222
0
0
0
0
0
0
0
0
3255555
222222
22222
0
0
0
0
0
0
0
3155555
122222
22222
0
0
0
0
0
0
0
3055555
22222
0
0
0
0
0
0
0
0
2955555
733333
22222
0
0
0
0
0
0
0
2855555
633333
22222
0
0
0
0
0
0
0
2755555
533333
22222
0
0
0
0
0
0
0
2655555
433333
22222
0
0
0
0
0
0
0
2555555
333333
0
0
0
0
0
0
0
0
2455555
233333
11111
0
0
0
0
0
0
0
2355555
133333
22222
0
0
0
0
0
0
0
2255555
33333
0
0
0
0
0
0
0
0
2155555
133333
33333
0
0
0
0
0
0
0
2055555
33333
0
0
0
0
0
0
0
0
1955555
844444
33333
0
0
0
0
0
0
0
1855555
744444
33333
0
0
0
0
0
0
0
1755555
644444
33333
0
0
0
0
0
0
0
1655555
544444
33333
0
0
0
0
0
0
0
1555555
444444
0
0
0
0
0
0
0
0
1455555
344444
11111
0
0
0
0
0
0
0
1355555
244444
22222
0
0
0
0
0
0
0
1255555
144444
33333
0
0
0
0
0
0
0
1155555
44444
0
0
0
0
0
0
0
0
1055555
44444
0
0
0
0
0
0
0
0
955555
400000
44444
0
0
0
0
0
0
0
855555
300000
44444
0
0
0
0
0
0
0
755555
200000
44444
0
0
0
0
0
0
0
655555
100000
44444
0
0
0
0
0
0
0
555555
0
0
0
0
0
0
0
0
0
455555
11111
0
0
0
0
0
0
0
0
355555
22222
0
0
0
0
0
0
0
0
255555
33333
0
0
0
0
0
0
0
0
155555
44444
0
0
0
0
0
0
0
0
55555
0
0
0
0
0
0
0
0
0
11066666
55555
0
0
0
0
0
0
0
0
10966666
55555
0
0
0
0
0
0
0
0
10866666
55555
0
0
0
0
0
0
0
0
10766666
55555
0
0
0
0
0
0
0
0
10666666
555555
0
0
0
0
0
0
0
0
10566666
455555
11111
0
0
0
0
0
0
0
10466666
355555
22222
0
0
0
0
0
0
0
10366666
255555
33333
0
0
0
0
0
0
0
10266666
155555
44444
0
0
0
0
0
0
0
10166666
55555
0
0
0
0
0
0
0
0
10066666
55555
0
0
0
0
0
0
0
0
9966666
855555
55555
0
0
0
0
0
0
0
9866666
755555
55555
0
0
0
0
0
0
0
9766666
655555
55555
0
0
0
0
0
0
0
9666666
555555
0
0
0
0
0
0
0
0
9566666
455555
11111
0
0
0
0
0
0
0
9466666
355555
22222
0
0
0
0
0
0
0
9366666
255555
33333
0
0
0
0
0
0
0
9266666
155555
44444
0
0
0
0
0
0
0
9166666
55555
0
0
0
0
0
0
0
0
9066666
155555
55555
0
0
0
0
0
0
0
8966666
55555
0
0
0
0
0
0
0
0
8866666
755555
55555
0
0
0
0
0
0
0
8766666
655555
55555
0
0
0
0
0
0
0
8666666
555555
0
0
0
0
0
0
0
0
8566666
455555
11111
0
0
0
0
0
0
0
8466666
355555
22222
0
0
0
0
0
0
0
8366666
255555
33333
0
0
0
0
0
0
0
8266666
155555
44444
0
0
0
0
0
0
0
8166666
55555
0
0
0
0
0
0
0
0
8066666
255555
55555
0
0
0
0
0
0
0
7966666
155555
55555
0
0
0
0
0
0
0
7866666
55555
0
0
0
0
0
0
0
0
7766666
655555
55555
0
0
0
0
0
0
0
7666666
555555
0
0
0
0
0
0
0
0
7566666
455555
11111
0
0
0
0
0
0
0
7466666
355555
22222
0
0
0
0
0
0
0
7366666
255555
33333
0
0
0
0
0
0
0
7266666
155555
44444
0
0
0
0
0
0
0
7166666
55555
0
0
0
0
0
0
0
0
7066666
355555
55555
0
0
0
0
0
0
0
6966666
255555
55555
0
0
0
0
0
0
0
6866666
155555
55555
0
0
0
0
0
0
0
6766666
55555
0
0
0
0
0
0
0
0
6666666
0
0
0
0
0
0
0
0
0
6566666
500000
0
0
0
0
0
0
0
0
6466666
400000
0
0
0
0
0
0
0
0
6366666
300000
0
0
0
0
0
0
0
0
6266666
200000
0
0
0
0
0
0
0
0
6166666
100000
0
0
0
0
0
0
0
0
6066666
0
0
0
0
0
0
0
0
0
5966666
411111
0
0
0
0
0
0
0
0
5866666
311111
0
0
0
0
0
0
0
0
5766666
211111
0
0
0
0
0
0
0
0
5666666
111111
0
0
0
0
0
0
0
0
5566666
11111
0
0
0
0
0
0
0
0
5466666
411111
11111
0
0
0
0
0
0
0
5366666
311111
11111
0
0
0
0
0
0
0
5266666
211111
11111
0
0
0
0
0
0
0
5166666
111111
11111
0
0
0
0
0
0
0
5066666
11111
0
0
0
0
0
0
0
0
4966666
522222
11111
0
0
0
0
0
0
0
4866666
422222
11111
0
0
0
0
0
0
0
4766666
322222
11111
0
0
0
0
0
0
0
4666666
222222
0
0
0
0
0
0
0
0
4566666
122222
11111
0
0
0
0
0
0
0
4466666
22222
0
0
0
0
0
0
0
0
4366666
322222
22222
0
0
0
0
0
0
0
4266666
222222
22222
0
0
0
0
0
0
0
4166666
122222
22222
0
0
0
0
0
0
0
4066666
22222
0
0
0
0
0
0
0
0
3966666
633333
22222
0
0
0
0
0
0
0
3866666
533333
22222
0
0
0
0
0
0
0
3766666
433333
22222
0
0
0
0
0
0
0
3666666
333333
0
0
0
0
0
0
0
0
3566666
233333
11111
0
0
0
0
0
0
0
3466666
133333
22222
0
0
0
0
0
0
0
3366666
33333
0
0
0
0
0
0
0
0
3266666
233333
33333
0
0
0
0
0
0
0
3166666
133333
33333
0
0
0
0
0
0
0
3066666
33333
0
0
0
0
0
0
0
0
2966666
744444
33333
0
0
0
0
0
0
0
2866666
644444
33333
0
0
0
0
0
0
0
2766666
544444
33333
0
0
0
0
0
0
0
2666666
444444
0
0
0
0
0
0
0
0
2566666
344444
11111
0
0
0
0
0
0
0
2466666
244444
22222
0
0
0
0
0
0
0
2366666
144444
33333
0
0
0
0
0
0
0
2266666
44444
0
0
0
0
0
0
0
0
2166666
144444
44444
0
0
0
0
0
0
0
2066666
44444
0
0
0
0
0
0
0
0
1966666
855555
44444
0
0
0
0
0
0
0
1866666
755555
44444
0
0
0
0
0
0
0
1766666
655555
44444
0
0
0
0
0
0
0
1666666
555555
0
0
0
0
0
0
0
0
1566666
455555
11111
0
0
0
0
0
0
0
1466666
355555
22222
0
0
0
0
0
0
0
1366666
255555
33333
0
0
0
0
0
0
0
1266666
155555
44444
0
0
0
0
0
0
0
1166666
55555
0
0
0
0
0
0
0
0
1066666
55555
0
0
0
0
0
0
0
0
966666
300000
55555
0
0
0
0
0
0
0
866666
200000
55555
0
0
0
0
0
0
0
766666
100000
55555
0
0
0
0
0
0
0
666666
0
0
0
0
0
0
0
0
0
566666
11111
0
0
0
0
0
0
0
0
466666
22222
0
0
0
0
0
0
0
0
366666
33333
0
0
0
0
0
0
0
0
266666
44444
0
0
0
0
0
0
0
0
166666
55555
0
0
0
0
0
0
0
0
66666
0
0
0
0
0
0
0
0
0
11077777
66666
0
0
0
0
0
0
0
0
10977777
66666
0
0
0
0
0
0
0
0
10877777
66666
0
0
0
0
0
0
0
0
10777777
666666
0
0
0
0
0
0
0
0
10677777
566666
11111
0
0
0
0
0
0
0
10577777
466666
22222
0
0
0
0
0
0
0
10477777
366666
33333
0
0
0
0
0
0
0
10377777
266666
44444
0
0
0
0
0
0
0
10277777
166666
55555
0
0
0
0
0
0
0
10177777
66666
0
0
0
0
0
0
0
0
10077777
66666
0
0
0
0
0
0
0
0
9977777
866666
66666
0
0
0
0
0
0
0
9877777
766666
66666
0
0
0
0
0
0
0
9777777
666666
0
0
0
0
0
0
0
0
9677777
566666
11111
0
0
0
0
0
0
0
9577777
466666
22222
0
0
0
0
0
0
0
9477777
366666
33333
0
0
0
0
0
0
0
9377777
266666
44444
0
0
0
0
0
0
0
9277777
166666
55555
0
0
0
0
0
0
0
9177777
66666
0
0
0
0
0
0
0
0
9077777
166666
66666
0
0
0
0
0
0
0
8977777
66666
0
0
0
0
0
0
0
0
8877777
766666
66666
0
0
0
0
0
0
0
8777777
666666
0
0
0
0
0
0
0
0
8677777
566666
11111
0
0
0
0
0
0
0
8577777
466666
22222
0
0
0
0
0
0
0
8477777
366666
33333
0
0
0
0
0
0
0
8377777
266666
44444
0
0
0
0
0
0
0
8277777
166666
55555
0
0
0
0
0
0
0
8177777
66666
0
0
0
0
0
0
0
0
8077777
266666
66666
0
0
0
0
0
0
0
7977777
166666
66666
0
0
0
0
0
0
0
7877777
66666
0
0
0
0
0
0
0
0
7777777
0
0
0
0
0
0
0
0
0
7677777
600000
0
0
0
0
0
0
0
0
7577777
500000
0
0
0
0
0
0
0
0
7477777
400000
0
0
0
0
0
0
0
0
7377777
300000
0
0
0
0
0
0
0
0
7277777
200000
0
0
0
0
0
0
0
0
7177777
100000
0
0
0
0
0
0
0
0
7077777
0
0
0
0
0
0
0
0
0
6977777
311111
0
0
0
0
0
0
0
0
6877777
211111
0
0
0
0
0
0
0
0
6777777
111111
0
0
0
0
0
0
0
0
6677777
11111
0
0
0
0
0
0
0
0
6577777
511111
11111
0
0
0
0
0
0
0
6477777
411111
11111
0
0
0
0
0
0
0
6377777
311111
11111
0
0
0
0
0
0
0
6277777
211111
11111
0
0
0
0
0
0
0
6177777
111111
11111
0
0
0
0
0
0
0
6077777
11111
0
0
0
0
0
0
0
0
5977777
422222
11111
0
0
0
0
0
0
0
5877777
322222
11111
0
0
0
0
0
0
0
5777777
222222
0
0
0
0
0
0
0
0
5677777
122222
11111
0
0
0
0
0
0
0
5577777
22222
0
0
0
0
0
0
0
0
5477777
422222
22222
0
0
0
0
0
0
0
5377777
322222
22222
0
0
0
0
0
0
0
5277777
222222
22222
0
0
0
0
0
0
0
5177777
122222
22222
0
0
0
0
0
0
0
5077777
22222
0
0
0
0
0
0
0
0
4977777
533333
22222
0
0
0
0
0
0
0
4877777
433333
22222
0
0
0
0
0
0
0
4777777
333333
0
0
0
0
0
0
0
0
4677777
233333
11111
0
0
0
0
0
0
0
4577777
133333
22222
0
0
0
0
0
0
0
4477777
33333
0
0
0
0
0
0
0
0
4377777
333333
33333
0
0
0
0
0
0
0
4277777
233333
33333
0
0
0
0
0
0
0
4177777
133333
33333
0
0
0
0
0
0
0
4077777
33333
0
0
0
0
0
0
0
0
3977777
644444
33333
0
0
0
0
0
0
0
3877777
544444
33333
0
0
0
0
0
0
0
3777777
444444
0
0
0
0
0
0
0
0
3677777
344444
11111
0
0
0
0
0
0
0
3577777
244444
22222
0
0
0
0
0
0
0
3477777
144444
33333
0
0
0
0
0
0
0
3377777
44444
0
0
0
0
0
0
0
0
3277777
244444
44444
0
0
0
0
0
0
0
3177777
144444
44444
0
0
0
0
0
0
0
3077777
44444
0
0
0
0
0
0
0
0
2977777
755555
44444
0
0
0
0
0
0
0
2877777
655555
44444
0
0
0
0
0
0
0
2777777
555555
0
0
0
0
0
0
0
0
2677777
455555
11111
0
0
0
0
0
0
0
2577777
355555
22222
0
0
0
0
0
0
0
2477777
255555
33333
0
0
0
0
0
0
0
2377777
155555
44444
0
0
0
0
0
0
0
2277777
55555
0
0
0
0
0
0
0
0
2177777
155555
55555
0
0
0
0
0
0
0
2077777
55555
0
0
0
0
0
0
0
0
1977777
866666
55555
0
0
0
0
0
0
0
1877777
766666
55555
0
0
0
0
0
0
0
1777777
666666
0
0
0
0
0
0
0
0
1677777
566666
11111
0
0
0
0
0
0
0
1577777
466666
22222
0
0
0
0
0
0
0
1477777
366666
33333
0
0
0
0
0
0
0
1377777
266666
44444
0
0
0
0
0
0
0
1277777
166666
55555
0
0
0
0
0
0
0
1177777
66666
0
0
0
0
0
0
0
0
1077777
66666
0
0
0
0
0
0
0
0
977777
200000
66666
0
0
0
0
0
0
0
877777
100000
66666
0
0
0
0
0
0
0
777777
0
0
0
0
0
0
0
0
0
677777
11111
0
0
0
0
0
0
0
0
577777
22222
0
0
0
0
0
0
0
0
477777
33333
0
0
0
0
0
0
0
0
377777
44444
0
0
0
0
0
0
0
0
277777
55555
0
0
0
0
0
0
0
0
177777
66666
0
0
0
0
0
0
0
0
77777
0
0
0
0
0
0
0
0
0
11088888
77777
0
0
0
0
0
0
0
0
10988888
77777
0
0
0
0
0
0
0
0
10888888
777777
0
0
0
0
0
0
0
0
10788888
677777
11111
0
0
0
0
0
0
0
10688888
577777
22222
0
0
0
0
0
0
0
10588888
477777
33333
0
0
0
0
0
0
0
10488888
377777
44444
0
0
0
0
0
0
0
10388888
277777
55555
0
0
0
0
0
0
0
10288888
177777
66666
0
0
0
0
0
0
0
10188888
77777
0
0
0
0
0
0
0
0
10088888
77777
0
0
0
0
0
0
0
0
9988888
877777
77777
0
0
0
0
0
0
0
9888888
777777
0
0
0
0
0
0
0
0
9788888
677777
11111
0
0
0
0
0
0
0
9688888
577777
22222
0
0
0
0
0
0
0
9588888
477777
33333
0
0
0
0
0
0
0
9488888
377777
44444
0
0
0
0
0
0
0
9388888
277777
55555
0
0
0
0
0
0
0
9288888
177777
66666
0
0
0
0
0
0
0
9188888
77777
0
0
0
0
0
0
0
0
9088888
177777
77777
0
0
0
0
0
0
0
8988888
77777
0
0
0
0
0
0
0
0
8888888
0
0
0
0
0
0
0
0
0
8788888
700000
0
0
0
0
0
0
0
0
8688888
600000
0
0
0
0
0
0
0
0
8588888
500000
0
0
0
0
0
0
0
0
8488888
400000
0
0
0
0
0
0
0
0
8388888
300000
0
0
0
0
0
0
0
0
8288888
200000
0
0
0
0
0
0
0
0
8188888
100000
0
0
0
0
0
0
0
0
8088888
0
0
0
0
0
0
0
0
0
7988888
211111
0
0
0
0
0
0
0
0
7888888
111111
0
0
0
0
0
0
0
0
7788888
11111
0
0
0
0
0
0
0
0
7688888
611111
11111
0
0
0
0
0
0
0
7588888
511111
11111
0
0
0
0
0
0
0
7488888
411111
11111
0
0
0
0
0
0
0
7388888
311111
11111
0
0
0
0
0
0
0
7288888
211111
11111
0
0
0
0
0
0
0
7188888
111111
11111
0
0
0
0
0
0
0
7088888
11111
0
0
0
0
0
0
0
0
6988888
322222
11111
0
0
0
0
0
0
0
6888888
222222
0
0
0
0
0
0
0
0
6788888
122222
11111
0
0
0
0
0
0
0
6688888
22222
0
0
0
0
0
0
0
0
6588888
522222
22222
0
0
0
0
0
0
0
6488888
422222
22222
0
0
0
0
0
0
0
6388888
322222
22222
0
0
0
0
0
0
0
6288888
222222
22222
0
0
0
0
0
0
0
6188888
122222
22222
0
0
0
0
0
0
0
6088888
22222
0
0
0
0
0
0
0
0
5988888
433333
22222
0
0
0
0
0
0
0
5888888
333333
0
0
0
0
0
0
0
0
5788888
233333
11111
0
0
0
0
0
0
0
5688888
133333
22222
0
0
0
0
0
0
0
5588888
33333
0
0
0
0
0
0
0
0
5488888
433333
33333
0
0
0
0
0
0
0
5388888
333333
33333
0
0
0
0
0
0
0
5288888
233333
33333
0
0
0
0
0
0
0
5188888
133333
33333
0
0
0
0
0
0
0
5088888
33333
0
0
0
0
0
0
0
0
4988888
544444
33333
0
0
0
0
0
0
0
4888888
444444
0
0
0
0
0
0
0
0
4788888
344444
11111
0
0
0
0
0
0
0
4688888
244444
22222
0
0
0
0
0
0
0
4588888
144444
33333
0
0
0
0
0
0
0
4488888
44444
0
0
0
0
0
0
0
0
4388888
344444
44444
0
0
0
0
0
0
0
4288888
244444
44444
0
0
0
0
0
0
0
4188888
144444
44444
0
0
0
0
0
0
0
4088888
44444
0
0
0
0
0
0
0
0
3988888
655555
44444
0
0
0
0
0
0
0
3888888
555555
0
0
0
0
0
0
0
0
3788888
455555
11111
0
0
0
0
0
0
0
3688888
355555
22222
0
0
0
0
0
0
0
3588888
255555
33333
0
0
0
0
0
0
0
3488888
155555
44444
0
0
0
0
0
0
0
3388888
55555
0
0
0
0
0
0
0
0
3288888
255555
55555
0
0
0
0
0
0
0
3188888
155555
55555
0
0
0
0
0
0
0
3088888
55555
0
0
0
0
0
0
0
0
2988888
766666
55555
0
0
0
0
0
0
0
2888888
666666
0
0
0
0
0
0
0
0
2788888
566666
11111
0
0
0
0
0
0
0
2688888
466666
22222
0
0
0
0
0
0
0
2588888
366666
33333
0
0
0
0
0
0
0
2488888
266666
44444
0
0
0
0
0
0
0
2388888
166666
55555
0
0
0
0
0
0
0
2288888
66666
0
0
0
0
0
0
0
0
2188888
166666
66666
0
0
0
0
0
0
0
2088888
66666
0
0
0
0
0
0
0
0
1988888
877777
66666
0
0
0
0
0
0
0
1888888
777777
0
0
0
0
0
0
0
0
1788888
677777
11111
0
0
0
0
0
0
0
1688888
577777
22222
0
0
0
0
0
0
0
1588888
477777
33333
0
0
0
0
0
0
0
1488888
377777
44444
0
0
0
0
0
0
0
1388888
277777
55555
0
0
0
0
0
0
0
1288888
177777
66666
0
0
0
0
0
0
0
1188888
77777
0
0
0
0
0
0
0
0
1088888
77777
0
0
0
0
0
0
0
0
988888
100000
77777
0
0
0
0
0
0
0
888888
0
0
0
0
0
0
0
0
0
788888
11111
0
0
0
0
0
0
0
0
688888
22222
0
0
0
0
0
0
0
0
588888
33333
0
0
0
0
0
0
0
0
488888
44444
0
0
0
0
0
0
0
0
388888
55555
0
0
0
0
0
0
0
0
288888
66666
0
0
0
0
0
0
0
0
188888
77777
0
0
0
0
0
0
0
0
88888
0
0
0
0
0
0
0
0
0
11099999
88888
0
0
0
0
0
0
0
0
10999999
888888
0
0
0
0
0
0
0
0
10899999
788888
11111
0
0
0
0
0
0
0
10799999
688888
22222
0
0
0
0
0
0
0
10699999
588888
33333
0
0
0
0
0
0
0
10599999
488888
44444
0
0
0
0
0
0
0
10499999
388888
55555
0
0
0
0
0
0
0
10399999
288888
66666
0
0
0
0
0
0
0
10299999
188888
77777
0
0
0
0
0
0
0
10199999
88888
0
0
0
0
0
0
0
0
10099999
88888
0
0
0
0
0
0
0
0
9999999
0
0
0
0
0
0
0
0
0
9899999
800000
0
0
0
0
0
0
0
0
9799999
700000
0
0
0
0
0
0
0
0
9699999
600000
0
0
0
0
0
0
0
0
9599999
500000
0
0
0
0
0
0
0
0
9499999
400000
0
0
0
0
0
0
0
0
9399999
300000
0
0
0
0
0
0
0
0
9299999
200000
0
0
0
0
0
0
0
0
9199999
100000
0
0
0
0
0
0
0
0
9099999
0
0
0
0
0
0
0
0
0
8999999
111111
0
0
0
0
0
0
0
0
8899999
11111
0
0
0
0
0
0
0
0
8799999
711111
11111
0
0
0
0
0
0
0
8699999
611111
11111
0
0
0
0
0
0
0
8599999
511111
11111
0
0
0
0
0
0
0
8499999
411111
11111
0
0
0
0
0
0
0
8399999
311111
11111
0
0
0
0
0
0
0
8299999
211111
11111
0
0
0
0
0
0
0
8199999
111111
11111
0
0
0
0
0
0
0
8099999
11111
0
0
0
0
0
0
0
0
7999999
222222
0
0
0
0
0
0
0
0
7899999
122222
11111
0
0
0
0
0
0
0
7799999
22222
0
0
0
0
0
0
0
0
7699999
622222
22222
0
0
0
0
0
0
0
7599999
522222
22222
0
0
0
0
0
0
0
7499999
422222
22222
0
0
0
0
0
0
0
7399999
322222
22222
0
0
0
0
0
0
0
7299999
222222
22222
0
0
0
0
0
0
0
7199999
122222
22222
0
0
0
0
0
0
0
7099999
22222
0
0
0
0
0
0
0
0
6999999
333333
0
0
0
0
0
0
0
0
6899999
233333
11111
0
0
0
0
0
0
0
6799999
133333
22222
0
0
0
0
0
0
0
6699999
33333
0
0
0
0
0
0
0
0
6599999
533333
33333
0
0
0
0
0
0
0
6499999
433333
33333
0
0
0
0
0
0
0
6399999
333333
33333
0
0
0
0
0
0
0
6299999
233333
33333
0
0
0
0
0
0
0
6199999
133333
33333
0
0
0
0
0
0
0
6099999
33333
0
0
0
0
0
0
0
0
5999999
444444
0
0
0
0
0
0
0
0
5899999
344444
11111
0
0
0
0
0
0
0
5799999
244444
22222
0
0
0
0
0
0
0
5699999
144444
33333
0
0
0
0
0
0
0
5599999
44444
0
0
0
0
0
0
0
0
5499999
444444
44444
0
0
0
0
0
0
0
5399999
344444
44444
0
0
0
0
0
0
0
5299999
244444
44444
0
0
0
0
0
0
0
5199999
144444
44444
0
0
0
0
0
0
0
5099999
44444
0
0
0
0
0
0
0
0
4999999
555555
0
0
0
0
0
0
0
0
4899999
455555
11111
0
0
0
0
0
0
0
4799999
355555
22222
0
0
0
0
0
0
0
4699999
255555
33333
0
0
0
0
0
0
0
4599999
155555
44444
0
0
0
0
0
0
0
4499999
55555
0
0
0
0
0
0
0
0
4399999
355555
55555
0
0
0
0
0
0
0
4299999
255555
55555
0
0
0
0
0
0
0
4199999
155555
55555
0
0
0
0
0
0
0
4099999
55555
0
0
0
0
0
0
0
0
3999999
666666
0
0
0
0
0
0
0
0
3899999
566666
11111
0
0
0
0
0
0
0
3799999
466666
22222
0
0
0
0
0
0
0
3699999
366666
33333
0
0
0
0
0
0
0
3599999
266666
44444
0
0
0
0
0
0
0
3499999
166666
55555
0
0
0
0
0
0
0
3399999
66666
0
0
0
0
0
0
0
0
3299999
266666
66666
0
0
0
0
0
0
0
3199999
166666
66666
0
0
0
0
0
0
0
3099999
66666
0
0
0
0
0
0
0
0
2999999
777777
0
0
0
0
0
0
0
0
2899999
677777
11111
0
0
0
0
0
0
0
2799999
577777
22222
0
0
0
0
0
0
0
2699999
477777
33333
0
0
0
0
0
0
0
2599999
377777
44444
0
0
0
0
0
0
0
2499999
277777
55555
0
0
0
0
0
0
0
2399999
177777
66666
0
0
0
0
0
0
0
2299999
77777
0
0
0
0
0
0
0
0
2199999
177777
77777
0
0
0
0
0
0
0
2099999
77777
0
0
0
0
0
0
0
0
1999999
888888
0
0
0
0
0
0
0
0
1899999
788888
11111
0
0
0
0
0
0
0
1799999
688888
22222
0
0
0
0
0
0
0
1699999
588888
33333
0
0
0
0
0
0
0
1599999
488888
44444
0
0
0
0
0
0
0
1499999
388888
55555
0
0
0
0
0
0
0
1399999
288888
66666
0
0
0
0
0
0
0
1299999
188888
77777
0
0
0
0
0
0
0
1199999
88888
0
0
0
0
0
0
0
0
1099999
88888
0
0
0
0
0
0
0
0
999999
0
0
0
0
0
0
0
0
0
899999
11111
0
0
0
0
0
0
0
0
799999
22222
0
0
0
0
0
0
0
0
699999
33333
0
0
0
0
0
0
0
0
599999
44444
0
0
0
0
0
0
0
0
499999
55555
0
0
0
0
0
0
0
0
399999
66666
0
0
0
0
0
0
0
0
299999
77777
0
0
0
0
0
0
0
0
199999
88888
0
0
0
0
0
0
0
0
99999
0
0
0
0
0
0
0
0
0
11111111
0
0
0
0
0
0
0
0
0
11011111
0
0
0
0
0
0
0
0
0
10911111
800000
0
0
0
0
0
0
0
0
10811111
700000
0
0
0
0
0
0
0
0
10711111
600000
0
0
0
0
0
0
0
0
10611111
500000
0
0
0
0
0
0
0
0
10511111
400000
0
0
0
0
0
0
0
0
10411111
300000
0
0
0
0
0
0
0
0
10311111
200000
0
0
0
0
0
0
0
0
10211111
100000
0
0
0
0
0
0
0
0
10111111
0
0
0
0
0
0
0
0
0
10011111
0
0
0
0
0
0
0
0
0
9911111
8800000
0
0
0
0
0
0
0
0
9811111
8700000
0
0
0
0
0
0
0
0
9711111
8600000
0
0
0
0
0
0
0
0
9611111
8500000
0
0
0
0
0
0
0
0
9511111
8400000
0
0
0
0
0
0
0
0
9411111
8300000
0
0
0
0
0
0
0
0
9311111
8200000
0
0
0
0
0
0
0
0
9211111
8100000
0
0
0
0
0
0
0
0
9111111
8000000
0
0
0
0
0
0
0
0
9011111
7900000
0
0
0
0
0
0
0
0
8911111
7800000
0
0
0
0
0
0
0
0
8811111
7700000
700000
0
0
0
0
0
0
0
8711111
7600000
600000
0
0
0
0
0
0
0
8611111
7500000
500000
0
0
0
0
0
0
0
8511111
7400000
400000
0
0
0
0
0
0
0
8411111
7300000
300000
0
0
0
0
0
0
0
8311111
7200000
200000
0
0
0
0
0
0
0
8211111
7100000
100000
0
0
0
0
0
0
0
8111111
7000000
0
0
0
0
0
0
0
0
8011111
6900000
0
0
0
0
0
0
0
0
7911111
6800000
100000
0
0
0
0
0
0
0
7811111
6700000
0
0
0
0
0
0
0
0
7711111
6600000
600000
0
0
0
0
0
0
0
7611111
6500000
500000
0
0
0
0
0
0
0
7511111
6400000
400000
0
0
0
0
0
0
0
7411111
6300000
300000
0
0
0
0
0
0
0
7311111
6200000
200000
0
0
0
0
0
0
0
7211111
6100000
100000
0
0
0
0
0
0
0
7111111
6000000
0
0
0
0
0
0
0
0
7011111
5900000
0
0
0
0
0
0
0
0
6911111
5800000
200000
0
0
0
0
0
0
0
6811111
5700000
100000
0
0
0
0
0
0
0
6711111
5600000
0
0
0
0
0
0
0
0
6611111
5500000
500000
0
0
0
0
0
0
0
6511111
5400000
400000
0
0
0
0
0
0
0
6411111
5300000
300000
0
0
0
0
0
0
0
6311111
5200000
200000
0
0
0
0
0
0
0
6211111
5100000
100000
0
0
0
0
0
0
0
6111111
5000000
0
0
0
0
0
0
0
0
6011111
4900000
0
0
0
0
0
0
0
0
5911111
4800000
300000
0
0
0
0
0
0
0
5811111
4700000
200000
0
0
0
0
0
0
0
5711111
4600000
100000
0
0
0
0
0
0
0
5611111
4500000
0
0
0
0
0
0
0
0
5511111
4400000
400000
0
0
0
0
0
0
0
5411111
4300000
300000
0
0
0
0
0
0
0
5311111
4200000
200000
0
0
0
0
0
0
0
5211111
4100000
100000
0
0
0
0
0
0
0
5111111
4000000
0
0
0
0
0
0
0
0
5011111
3900000
0
0
0
0
0
0
0
0
4911111
3800000
400000
0
0
0
0
0
0
0
4811111
3700000
300000
0
0
0
0
0
0
0
4711111
3600000
200000
0
0
0
0
0
0
0
4611111
3500000
100000
0
0
0
0
0
0
0
4511111
3400000
0
0
0
0
0
0
0
0
4411111
3300000
300000
0
0
0
0
0
0
0
4311111
3200000
200000
0
0
0
0
0
0
0
4211111
3100000
100000
0
0
0
0
0
0
0
4111111
3000000
0
0
0
0
0
0
0
0
4011111
2900000
0
0
0
0
0
0
0
0
3911111
2800000
500000
0
0
0
0
0
0
0
3811111
2700000
400000
0
0
0
0
0
0
0
3711111
2600000
300000
0
0
0
0
0
0
0
3611111
2500000
200000
0
0
0
0
0
0
0
3511111
2400000
100000
0
0
0
0
0
0
0
3411111
2300000
0
0
0
0
0
0
0
0
3311111
2200000
200000
0
0
0
0
0
0
0
3211111
2100000
100000
0
0
0
0
0
0
0
3111111
2000000
0
0
0
0
0
0
0
0
3011111
1900000
0
0
0
0
0
0
0
0
2911111
1800000
600000
0
0
0
0
0
0
0
2811111
1700000
500000
0
0
0
0
0
0
0
2711111
1600000
400000
0
0
0
0
0
0
0
2611111
1500000
300000
0
0
0
0
0
0
0
2511111
1400000
200000
0
0
0
0
0
0
0
2411111
1300000
100000
0
0
0
0
0
0
0
2311111
1200000
0
0
0
0
0
0
0
0
2211111
1100000
100000
0
0
0
0
0
0
0
2111111
1000000
0
0
0
0
0
0
0
0
2011111
900000
0
0
0
0
0
0
0
0
1911111
800000
700000
0
0
0
0
0
0
0
1811111
700000
600000
0
0
0
0
0
0
0
1711111
600000
500000
0
0
0
0
0
0
0
1611111
500000
400000
0
0
0
0
0
0
0
1511111
400000
300000
0
0
0
0
0
0
0
1411111
300000
200000
0
0
0
0
0
0
0
1311111
200000
100000
0
0
0
0
0
0
0
1211111
100000
0
0
0
0
0
0
0
0
1111111
0
0
0
0
0
0
0
0
0
1011111
0
0
0
0
0
0
0
0
0
911111
800000
0
0
0
0
0
0
0
0
811111
700000
0
0
0
0
0
0
0
0
711111
600000
0
0
0
0
0
0
0
0
611111
500000
0
0
0
0
0
0
0
0
511111
400000
0
0
0
0
0
0
0
0
411111
300000
0
0
0
0
0
0
0
0
311111
200000
0
0
0
0
0
0
0
0
211111
100000
0
0
0
0
0
0
0
0
111111
0
0
0
0
0
0
0
0
0
11111
0
0
0
0
0
0
0
0
0
111022222
11111
0
0
0
0
0
0
0
0
110922222
11111
0
0
0
0
0
0
0
0
110822222
11111
0
0
0
0
0
0
0
0
110722222
11111
0
0
0
0
0
0
0
0
110622222
11111
0
0
0
0
0
0
0
0
110522222
11111
0
0
0
0
0
0
0
0
110422222
11111
0
0
0
0
0
0
0
0
110322222
11111
0
0
0
0
0
0
0
0
110222222
111111
0
0
0
0
0
0
0
0
110122222
11111
0
0
0
0
0
0
0
0
110022222
11111
0
0
0
0
0
0
0
0
109922222
811111
11111
0
0
0
0
0
0
0
109822222
711111
11111
0
0
0
0
0
0
0
109722222
611111
11111
0
0
0
0
0
0
0
109622222
511111
11111
0
0
0
0
0
0
0
109522222
411111
11111
0
0
0
0
0
0
0
109422222
311111
11111
0
0
0
0
0
0
0
109322222
211111
11111
0
0
0
0
0
0
0
109222222
111111
0
0
0
0
0
0
0
0
109122222
11111
0
0
0
0
0
0
0
0
109022222
111111
11111
0
0
0
0
0
0
0
108922222
11111
0
0
0
0
0
0
0
0
108822222
711111
11111
0
0
0
0
0
0
0
108722222
611111
11111
0
0
0
0
0
0
0
108622222
511111
11111
0
0
0
0
0
0
0
108522222
411111
11111
0
0
0
0
0
0
0
108422222
311111
11111
0
0
0
0
0
0
0
108322222
211111
11111
0
0
0
0
0
0
0
108222222
111111
0
0
0
0
0
0
0
0
108122222
11111
0
0
0
0
0
0
0
0
108022222
211111
11111
0
0
0
0
0
0
0
107922222
111111
11111
0
0
0
0
0
0
0
107822222
11111
0
0
0
0
0
0
0
0
107722222
611111
11111
0
0
0
0
0
0
0
107622222
511111
11111
0
0
0
0
0
0
0
107522222
411111
11111
0
0
0
0
0
0
0
107422222
311111
11111
0
0
0
0
0
0
0
107322222
211111
11111
0
0
0
0
0
0
0
107222222
111111
0
0
0
0
0
0
0
0
107122222
11111
0
0
0
0
0
0
0
0
107022222
311111
11111
0
0
0
0
0
0
0
106922222
211111
11111
0
0
0
0
0
0
0
106822222
111111
11111
0
0
0
0
0
0
0
106722222
11111
0
0
0
0
0
0
0
0
106622222
511111
11111
0
0
0
0
0
0
0
106522222
411111
11111
0
0
0
0
0
0
0
106422222
311111
11111
0
0
0
0
0
0
0
106322222
211111
11111
0
0
0
0
0
0
0
106222222
111111
0
0
0
0
0
0
0
0
106122222
11111
0
0
0
0
0
0
0
0
106022222
411111
11111
0
0
0
0
0
0
0
105922222
311111
11111
0
0
0
0
0
0
0
105822222
211111
11111
0
0
0
0
0
0
0
105722222
111111
11111
0
0
0
0
0
0
0
105622222
11111
0
0
0
0
0
0
0
0
105522222
411111
11111
0
0
0
0
0
0
0
105422222
311111
11111
0
0
0
0
0
0
0
105322222
211111
11111
0
0
0
0
0
0
0
105222222
111111
0
0
0
0
0
0
0
0
105122222
11111
0
0
0
0
0
0
0
0
105022222
511111
11111
0
0
0
0
0
0
0
104922222
411111
11111
0
0
0
0
0
0
0
104822222
311111
11111
0
0
0
0
0
0
0
104722222
211111
11111
0
0
0
0
0
0
0
104622222
111111
11111
0
0
0
0
0
0
0
104522222
11111
0
0
0
0
0
0
0
0
104422222
311111
11111
0
0
0
0
0
0
0
104322222
211111
11111
0
0
0
0
0
0
0
104222222
111111
0
0
0
0
0
0
0
0
104122222
11111
0
0
0
0
0
0
0
0
104022222
611111
11111
0
0
0
0
0
0
0
103922222
511111
11111
0
0
0
0
0
0
0
103822222
411111
11111
0
0
0
0
0
0
0
103722222
311111
11111
0
0
0
0
0
0
0
103622222
211111
11111
0
0
0
0
0
0
0
103522222
111111
11111
0
0
0
0
0
0
0
103422222
11111
0
0
0
0
0
0
0
0
103322222
211111
11111
0
0
0
0
0
0
0
103222222
111111
0
0
0
0
0
0
0
0
103122222
11111
0
0
0
0
0
0
0
0
103022222
711111
11111
0
0
0
0
0
0
0
102922222
611111
11111
0
0
0
0
0
0
0
102822222
511111
11111
0
0
0
0
0
0
0
102722222
411111
11111
0
0
0
0
0
0
0
102622222
311111
11111
0
0
0
0
0
0
0
102522222
211111
11111
0
0
0
0
0
0
0
102422222
111111
11111
0
0
0
0
0
0
0
102322222
11111
0
0
0
0
0
0
0
0
102222222
1111111
0
0
0
0
0
0
0
0
102122222
1011111
0
0
0
0
0
0
0
0
102022222
911111
0
0
0
0
0
0
0
0
101922222
811111
700000
0
0
0
0
0
0
0
101822222
711111
600000
0
0
0
0
0
0
0
101722222
611111
500000
0
0
0
0
0
0
0
101622222
511111
400000
0
0
0
0
0
0
0
101522222
411111
300000
0
0
0
0
0
0
0
101422222
311111
200000
0
0
0
0
0
0
0
101322222
211111
100000
0
0
0
0
0
0
0
101222222
111111
0
0
0
0
0
0
0
0
101122222
11111
0
0
0
0
0
0
0
0
101022222
11111
0
0
0
0
0
0
0
0
100922222
811111
11111
0
0
0
0
0
0
0
100822222
711111
11111
0
0
0
0
0
0
0
100722222
611111
11111
0
0
0
0
0
0
0
100622222
511111
11111
0
0
0
0
0
0
0
100522222
411111
11111
0
0
0
0
0
0
0
100422222
311111
11111
0
0
0
0
0
0
0
100322222
211111
11111
0
0
0
0
0
0
0
100222222
111111
0
0
0
0
0
0
0
0
100122222
11111
0
0
0
0
0
0
0
0
100022222
11111
0
0
0
0
0
0
0
0
99922222
8811111
11111
0
0
0
0
0
0
0
99822222
8711111
11111
0
0
0
0
0
0
0
99722222
8611111
11111
0
0
0
0
0
0
0
99622222
8511111
11111
0
0
0
0
0
0
0
99522222
8411111
11111
0
0
0
0
0
0
0
99422222
8311111
11111
0
0
0
0
0
0
0
99322222
8211111
11111
0
0
0
0
0
0
0
99222222
8111111
111111
0
0
0
0
0
0
0
99122222
8011111
11111
0
0
0
0
0
0
0
99022222
7911111
11111
0
0
0
0
0
0
0
98922222
7811111
11111
0
0
0
0
0
0
0
98822222
7711111
711111
11111
0
0
0
0
0
0
98722222
7611111
611111
11111
0
0
0
0
0
0
98622222
7511111
511111
11111
0
0
0
0
0
0
98522222
7411111
411111
11111
0
0
0
0
0
0
98422222
7311111
311111
11111
0
0
0
0
0
0
98322222
7211111
211111
11111
0
0
0
0
0
0
98222222
7111111
111111
0
0
0
0
0
0
0
98122222
7011111
11111
0
0
0
0
0
0
0
98022222
6911111
11111
0
0
0
0
0
0
0
97922222
6811111
111111
11111
0
0
0
0
0
0
97822222
6711111
11111
0
0
0
0
0
0
0
97722222
6611111
611111
11111
0
0
0
0
0
0
97622222
6511111
511111
11111
0
0
0
0
0
0
97522222
6411111
411111
11111
0
0
0
0
0
0
97422222
6311111
311111
11111
0
0
0
0
0
0
97322222
6211111
211111
11111
0
0
0
0
0
0
97222222
6111111
111111
0
0
0
0
0
0
0
97122222
6011111
11111
0
0
0
0
0
0
0
97022222
5911111
11111
0
0
0
0
0
0
0
96922222
5811111
211111
11111
0
0
0
0
0
0
96822222
5711111
111111
11111
0
0
0
0
0
0
96722222
5611111
11111
0
0
0
0
0
0
0
96622222
5511111
511111
11111
0
0
0
0
0
0
96522222
5411111
411111
11111
0
0
0
0
0
0
96422222
5311111
311111
11111
0
0
0
0
0
0
96322222
5211111
211111
11111
0
0
0
0
0
0
96222222
5111111
111111
0
0
0
0
0
0
0
96122222
5011111
11111
0
0
0
0
0
0
0
96022222
4911111
11111
0
0
0
0
0
0
0
95922222
4811111
311111
11111
0
0
0
0
0
0
95822222
4711111
211111
11111
0
0
0
0
0
0
95722222
4611111
111111
11111
0
0
0
0
0
0
95622222
4511111
11111
0
0
0
0
0
0
0
95522222
4411111
411111
11111
0
0
0
0
0
0
95422222
4311111
311111
11111
0
0
0
0
0
0
95322222
4211111
211111
11111
0
0
0
0
0
0
95222222
4111111
111111
0
0
0
0
0
0
0
95122222
4011111
11111
0
0
0
0
0
0
0
95022222
3911111
11111
0
0
0
0
0
0
0
94922222
3811111
411111
11111
0
0
0
0
0
0
94822222
3711111
311111
11111
0
0
0
0
0
0
94722222
3611111
211111
11111
0
0
0
0
0
0
94622222
3511111
111111
11111
0
0
0
0
0
0
94522222
3411111
11111
0
0
0
0
0
0
0
94422222
3311111
311111
11111
0
0
0
0
0
0
94322222
3211111
211111
11111
0
0
0
0
0
0
94222222
3111111
111111
0
0
0
0
0
0
0
94122222
3011111
11111
0
0
0
0
0
0
0
94022222
2911111
11111
0
0
0
0
0
0
0
93922222
2811111
511111
11111
0
0
0
0
0
0
93822222
2711111
411111
11111
0
0
0
0
0
0
93722222
2611111
311111
11111
0
0
0
0
0
0
93622222
2511111
211111
11111
0
0
0
0
0
0
93522222
2411111
111111
11111
0
0
0
0
0
0
93422222
2311111
11111
0
0
0
0
0
0
0
93322222
2211111
211111
11111
0
0
0
0
0
0
93222222
2111111
111111
0
0
0
0
0
0
0
93122222
2011111
11111
0
0
0
0
0
0
0
93022222
1911111
11111
0
0
0
0
0
0
0
92922222
1811111
611111
11111
0
0
0
0
0
0
92822222
1711111
511111
11111
0
0
0
0
0
0
92722222
1611111
411111
11111
0
0
0
0
0
0
92622222
1511111
311111
11111
0
0
0
0
0
0
92522222
1411111
211111
11111
0
0
0
0
0
0
92422222
1311111
111111
11111
0
0
0
0
0
0
92322222
1211111
11111
0
0
0
0
0
0
0
92222222
1111111
0
0
0
0
0
0
0
0
92122222
1011111
0
0
0
0
0
0
0
0
92022222
911111
100000
0
0
0
0
0
0
0
91922222
811111
0
0
0
0
0
0
0
0
91822222
711111
600000
0
0
0
0
0
0
0
91722222
611111
500000
0
0
0
0
0
0
0
91622222
511111
400000
0
0
0
0
0
0
0
91522222
411111
300000
0
0
0
0
0
0
0
91422222
311111
200000
0
0
0
0
0
0
0
91322222
211111
100000
0
0
0
0
0
0
0
91222222
111111
0
0
0
0
0
0
0
0
91122222
11111
0
0
0
0
0
0
0
0
91022222
111111
11111
0
0
0
0
0
0
0
90922222
11111
0
0
0
0
0
0
0
0
90822222
1711111
11111
0
0
0
0
0
0
0
90722222
1611111
11111
0
0
0
0
0
0
0
90622222
1511111
11111
0
0
0
0
0
0
0
90522222
1411111
11111
0
0
0
0
0
0
0
90422222
1311111
11111
0
0
0
0
0
0
0
90322222
1211111
11111
0
0
0
0
0
0
0
90222222
1111111
111111
0
0
0
0
0
0
0
90122222
1011111
11111
0
0
0
0
0
0
0
90022222
911111
11111
0
0
0
0
0
0
0
89922222
811111
11111
0
0
0
0
0
0
0
89822222
711111
600000
11111
0
0
0
0
0
0
89722222
611111
500000
11111
0
0
0
0
0
0
89622222
511111
400000
11111
0
0
0
0
0
0
89522222
411111
300000
11111
0
0
0
0
0
0
89422222
311111
200000
11111
0
0
0
0
0
0
89322222
211111
100000
11111
0
0
0
0
0
0
89222222
111111
0
0
0
0
0
0
0
0
89122222
11111
0
0
0
0
0
0
0
0
89022222
111111
11111
0
0
0
0
0
0
0
88922222
11111
0
0
0
0
0
0
0
0
88822222
7711111
11111
0
0
0
0
0
0
0
88722222
7611111
11111
0
0
0
0
0
0
0
88622222
7511111
11111
0
0
0
0
0
0
0
88522222
7411111
11111
0
0
0
0
0
0
0
88422222
7311111
11111
0
0
0
0
0
0
0
88322222
7211111
11111
0
0
0
0
0
0
0
88222222
7111111
111111
0
0
0
0
0
0
0
88122222
7011111
11111
0
0
0
0
0
0
0
88022222
6911111
111111
11111
0
0
0
0
0
0
87922222
6811111
11111
0
0
0
0
0
0
0
87822222
6711111
11111
0
0
0
0
0
0
0
87722222
6611111
611111
11111
0
0
0
0
0
0
87622222
6511111
511111
11111
0
0
0
0
0
0
87522222
6411111
411111
11111
0
0
0
0
0
0
87422222
6311111
311111
11111
0
0
0
0
0
0
87322222
6211111
211111
11111
0
0
0
0
0
0
87222222
6111111
111111
0
0
0
0
0
0
0
87122222
6011111
11111
0
0
0
0
0
0
0
87022222
5911111
111111
11111
0
0
0
0
0
0
86922222
5811111
11111
0
0
0
0
0
0
0
86822222
5711111
111111
11111
0
0
0
0
0
0
86722222
5611111
11111
0
0
0
0
0
0
0
86622222
5511111
511111
11111
0
0
0
0
0
0
86522222
5411111
411111
11111
0
0
0
0
0
0
86422222
5311111
311111
11111
0
0
0
0
0
0
86322222
5211111
211111
11111
0
0
0
0
0
0
86222222
5111111
111111
0
0
0
0
0
0
0
86122222
5011111
11111
0
0
0
0
0
0
0
86022222
4911111
111111
11111
0
0
0
0
0
0
85922222
4811111
11111
0
0
0
0
0
0
0
85822222
4711111
211111
11111
0
0
0
0
0
0
85722222
4611111
111111
11111
0
0
0
0
0
0
85622222
4511111
11111
0
0
0
0
0
0
0
85522222
4411111
411111
11111
0
0
0
0
0
0
85422222
4311111
311111
11111
0
0
0
0
0
0
85322222
4211111
211111
11111
0
0
0
0
0
0
85222222
4111111
111111
0
0
0
0
0
0
0
85122222
4011111
11111
0
0
0
0
0
0
0
85022222
3911111
111111
11111
0
0
0
0
0
0
84922222
3811111
11111
0
0
0
0
0
0
0
84822222
3711111
311111
11111
0
0
0
0
0
0
84722222
3611111
211111
11111
0
0
0
0
0
0
84622222
3511111
111111
11111
0
0
0
0
0
0
84522222
3411111
11111
0
0
0
0
0
0
0
84422222
3311111
311111
11111
0
0
0
0
0
0
84322222
3211111
211111
11111
0
0
0
0
0
0
84222222
3111111
111111
0
0
0
0
0
0
0
84122222
3011111
11111
0
0
0
0
0
0
0
84022222
2911111
111111
11111
0
0
0
0
0
0
83922222
2811111
11111
0
0
0
0
0
0
0
83822222
2711111
411111
11111
0
0
0
0
0
0
83722222
2611111
311111
11111
0
0
0
0
0
0
83622222
2511111
211111
11111
0
0
0
0
0
0
83522222
2411111
111111
11111
0
0
0
0
0
0
83422222
2311111
11111
0
0
0
0
0
0
0
83322222
2211111
211111
11111
0
0
0
0
0
0
83222222
2111111
111111
0
0
0
0
0
0
0
83122222
2011111
11111
0
0
0
0
0
0
0
83022222
1911111
111111
11111
0
0
0
0
0
0
82922222
1811111
11111
0
0
0
0
0
0
0
82822222
1711111
511111
11111
0
0
0
0
0
0
82722222
1611111
411111
11111
0
0
0
0
0
0
82622222
1511111
311111
11111
0
0
0
0
0
0
82522222
1411111
211111
11111
0
0
0
0
0
0
82422222
1311111
111111
11111
0
0
0
0
0
0
82322222
1211111
11111
0
0
0
0
0
0
0
82222222
1111111
0
0
0
0
0
0
0
0
82122222
1011111
0
0
0
0
0
0
0
0
82022222
911111
200000
0
0
0
0
0
0
0
81922222
811111
100000
0
0
0
0
0
0
0
81822222
711111
0
0
0
0
0
0
0
0
81722222
611111
500000
0
0
0
0
0
0
0
81622222
511111
400000
0
0
0
0
0
0
0
81522222
411111
300000
0
0
0
0
0
0
0
81422222
311111
200000
0
0
0
0
0
0
0
81322222
211111
100000
0
0
0
0
0
0
0
81222222
111111
0
0
0
0
0
0
0
0
81122222
11111
0
0
0
0
0
0
0
0
81022222
211111
11111
0
0
0
0
0
0
0
80922222
111111
11111
0
0
0
0
0
0
0
80822222
11111
0
0
0
0
0
0
0
0
80722222
2611111
11111
0
0
0
0
0
0
0
80622222
2511111
11111
0
0
0
0
0
0
0
80522222
2411111
11111
0
0
0
0
0
0
0
80422222
2311111
11111
0
0
0
0
0
0
0
80322222
2211111
11111
0
0
0
0
0
0
0
80222222
2111111
111111
0
0
0
0
0
0
0
80122222
2011111
11111
0
0
0
0
0
0
0
80022222
1911111
11111
0
0
0
0
0
0
0
79922222
1811111
111111
11111
0
0
0
0
0
0
79822222
1711111
11111
0
0
0
0
0
0
0
79722222
1611111
611111
11111
0
0
0
0
0
0
79622222
1511111
511111
11111
0
0
0
0
0
0
79522222
1411111
411111
11111
0
0
0
0
0
0
79422222
1311111
311111
11111
0
0
0
0
0
0
79322222
1211111
211111
11111
0
0
0
0
0
0
79222222
1111111
111111
0
0
0
0
0
0
0
79122222
1011111
11111
0
0
0
0
0
0
0
79022222
911111
111111
11111
0
0
0
0
0
0
78922222
811111
11111
0
0
0
0
0
0
0
78822222
711111
11111
0
0
0
0
0
0
0
78722222
611111
500000
11111
0
0
0
0
0
0
78622222
511111
400000
11111
0
0
0
0
0
0
78522222
411111
300000
11111
0
0
0
0
0
0
78422222
311111
200000
11111
0
0
0
0
0
0
78322222
211111
100000
11111
0
0
0
0
0
0
78222222
111111
0
0
0
0
0
0
0
0
78122222
11111
0
0
0
0
0
0
0
0
78022222
211111
11111
0
0
0
0
0
0
0
77922222
111111
11111
0
0
0
0
0
0
0
77822222
11111
0
0
0
0
0
0
0
0
77722222
6611111
11111
0
0
0
0
0
0
0
77622222
6511111
11111
0
0
0
0
0
0
0
77522222
6411111
11111
0
0
0
0
0
0
0
77422222
6311111
11111
0
0
0
0
0
0
0
77322222
6211111
11111
0
0
0
0
0
0
0
77222222
6111111
111111
0
0
0
0
0
0
0
77122222
6011111
11111
0
0
0
0
0
0
0
77022222
5911111
211111
11111
0
0
0
0
0
0
76922222
5811111
111111
11111
0
0
0
0
0
0
76822222
5711111
11111
0
0
0
0
0
0
0
76722222
5611111
11111
0
0
0
0
0
0
0
76622222
5511111
511111
11111
0
0
0
0
0
0
76522222
5411111
411111
11111
0
0
0
0
0
0
76422222
5311111
311111
11111
0
0
0
0
0
0
76322222
5211111
211111
11111
0
0
0
0
0
0
76222222
5111111
111111
0
0
0
0
0
0
0
76122222
5011111
11111
0
0
0
0
0
0
0
76022222
4911111
211111
11111
0
0
0
0
0
0
75922222
4811111
111111
11111
0
0
0
0
0
0
75822222
4711111
11111
0
0
0
0
0
0
0
75722222
4611111
111111
11111
0
0
0
0
0
0
75622222
4511111
11111
0
0
0
0
0
0
0
75522222
4411111
411111
11111
0
0
0
0
0
0
75422222
4311111
311111
11111
0
0
0
0
0
0
75322222
4211111
211111
11111
0
0
0
0
0
0
75222222
4111111
111111
0
0
0
0
0
0
0
75122222
4011111
11111
0
0
0
0
0
0
0
75022222
3911111
211111
11111
0
0
0
0
0
0
74922222
3811111
111111
11111
0
0
0
0
0
0
74822222
3711111
11111
0
0
0
0
0
0
0
74722222
3611111
211111
11111
0
0
0
0
0
0
74622222
3511111
111111
11111
0
0
0
0
0
0
74522222
3411111
11111
0
0
0
0
0
0
0
74422222
3311111
311111
11111
0
0
0
0
0
0
74322222
3211111
211111
11111
0
0
0
0
0
0
74222222
3111111
111111
0
0
0
0
0
0
0
74122222
3011111
11111
0
0
0
0
0
0
0
74022222
2911111
211111
11111
0
0
0
0
0
0
73922222
2811111
111111
11111
0
0
0
0
0
0
73822222
2711111
11111
0
0
0
0
0
0
0
73722222
2611111
311111
11111
0
0
0
0
0
0
73622222
2511111
211111
11111
0
0
0
0
0
0
73522222
2411111
111111
11111
0
0
0
0
0
0
73422222
2311111
11111
0
0
0
0
0
0
0
73322222
2211111
211111
11111
0
0
0
0
0
0
73222222
2111111
111111
0
0
0
0
0
0
0
73122222
2011111
11111
0
0
0
0
0
0
0
73022222
1911111
211111
11111
0
0
0
0
0
0
72922222
1811111
111111
11111
0
0
0
0
0
0
72822222
1711111
11111
0
0
0
0
0
0
0
72722222
1611111
411111
11111
0
0
0
0
0
0
72622222
1511111
311111
11111
0
0
0
0
0
0
72522222
1411111
211111
11111
0
0
0
0
0
0
72422222
1311111
111111
11111
0
0
0
0
0
0
72322222
1211111
11111
0
0
0
0
0
0
0
72222222
1111111
0
0
0
0
0
0
0
0
72122222
1011111
0
0
0
0
0
0
0
0
72022222
911111
300000
0
0
0
0
0
0
0
71922222
811111
200000
0
0
0
0
0
0
0
71822222
711111
100000
0
0
0
0
0
0
0
71722222
611111
0
0
0
0
0
0
0
0
71622222
511111
400000
0
0
0
0
0
0
0
71522222
411111
300000
0
0
0
0
0
0
0
71422222
311111
200000
0
0
0
0
0
0
0
71322222
211111
100000
0
0
0
0
0
0
0
71222222
111111
0
0
0
0
0
0
0
0
71122222
11111
0
0
0
0
0
0
0
0
71022222
311111
11111
0
0
0
0
0
0
0
70922222
211111
11111
0
0
0
0
0
0
0
70822222
111111
11111
0
0
0
0
0
0
0
70722222
11111
0
0
0
0
0
0
0
0
70622222
3511111
11111
0
0
0
0
0
0
0
70522222
3411111
11111
0
0
0
0
0
0
0
70422222
3311111
11111
0
0
0
0
0
0
0
70322222
3211111
11111
0
0
0
0
0
0
0
70222222
3111111
111111
0
0
0
0
0
0
0
70122222
3011111
11111
0
0
0
0
0
0
0
70022222
2911111
11111
0
0
0
0
0
0
0
69922222
2811111
211111
11111
0
0
0
0
0
0
69822222
2711111
111111
11111
0
0
0
0
0
0
69722222
2611111
11111
0
0
0
0
0
0
0
69622222
2511111
511111
11111
0
0
0
0
0
0
69522222
2411111
411111
11111
0
0
0
0
0
0
69422222
2311111
311111
11111
0
0
0
0
0
0
69322222
2211111
211111
11111
0
0
0
0
0
0
69222222
2111111
111111
0
0
0
0
0
0
0
69122222
2011111
11111
0
0
0
0
0
0
0
69022222
1911111
111111
11111
0
0
0
0
0
0
68922222
1811111
11111
0
0
0
0
0
0
0
68822222
1711111
111111
11111
0
0
0
0
0
0
68722222
1611111
11111
0
0
0
0
0
0
0
68622222
1511111
511111
11111
0
0
0
0
0
0
68522222
1411111
411111
11111
0
0
0
0
0
0
68422222
1311111
311111
11111
0
0
0
0
0
0
68322222
1211111
211111
11111
0
0
0
0
0
0
68222222
1111111
111111
0
0
0
0
0
0
0
68122222
1011111
11111
0
0
0
0
0
0
0
68022222
911111
211111
11111
0
0
0
0
0
0
67922222
811111
111111
11111
0
0
0
0
0
0
67822222
711111
11111
0
0
0
0
0
0
0
67722222
611111
11111
0
0
0
0
0
0
0
67622222
511111
400000
11111
0
0
0
0
0
0
67522222
411111
300000
11111
0
0
0
0
0
0
67422222
311111
200000
11111
0
0
0
0
0
0
67322222
211111
100000
11111
0
0
0
0
0
0
67222222
111111
0
0
0
0
0
0
0
0
67122222
11111
0
0
0
0
0
0
0
0
67022222
311111
11111
0
0
0
0
0
0
0
66922222
211111
11111
0
0
0
0
0
0
0
66822222
111111
11111
0
0
0
0
0
0
0
66722222
11111
0
0
0
0
0
0
0
0
66622222
5511111
11111
0
0
0
0
0
0
0
66522222
5411111
11111
0
0
0
0
0
0
0
66422222
5311111
11111
0
0
0
0
0
0
0
66322222
5211111
11111
0
0
0
0
0
0
0
66222222
5111111
111111
0
0
0
0
0
0
0
66122222
5011111
11111
0
0
0
0
0
0
0
66022222
4911111
311111
11111
0
0
0
0
0
0
65922222
4811111
211111
11111
0
0
0
0
0
0
65822222
4711111
111111
11111
0
0
0
0
0
0
65722222
4611111
11111
0
0
0
0
0
0
0
65622222
4511111
11111
0
0
0
0
0
0
0
65522222
4411111
411111
11111
0
0
0
0
0
0
65422222
4311111
311111
11111
0
0
0
0
0
0
65322222
4211111
211111
11111
0
0
0
0
0
0
65222222
4111111
111111
0
0
0
0
0
0
0
65122222
4011111
11111
0
0
0
0
0
0
0
65022222
3911111
311111
11111
0
0
0
0
0
0
64922222
3811111
211111
11111
0
0
0
0
0
0
64822222
3711111
111111
11111
0
0
0
0
0
0
64722222
3611111
11111
0
0
0
0
0
0
0
64622222
3511111
111111
11111
0
0
0
0
0
0
64522222
3411111
11111
0
0
0
0
0
0
0
64422222
3311111
311111
11111
0
0
0
0
0
0
64322222
3211111
211111
11111
0
0
0
0
0
0
64222222
3111111
111111
0
0
0
0
0
0
0
64122222
3011111
11111
0
0
0
0
0
0
0
64022222
2911111
311111
11111
0
0
0
0
0
0
63922222
2811111
211111
11111
0
0
0
0
0
0
63822222
2711111
111111
11111
0
0
0
0
0
0
63722222
2611111
11111
0
0
0
0
0
0
0
63622222
2511111
211111
11111
0
0
0
0
0
0
63522222
2411111
111111
11111
0
0
0
0
0
0
63422222
2311111
11111
0
0
0
0
0
0
0
63322222
2211111
211111
11111
0
0
0
0
0
0
63222222
2111111
111111
0
0
0
0
0
0
0
63122222
2011111
11111
0
0
0
0
0
0
0
63022222
1911111
311111
11111
0
0
0
0
0
0
62922222
1811111
211111
11111
0
0
0
0
0
0
62822222
1711111
111111
11111
0
0
0
0
0
0
62722222
1611111
11111
0
0
0
0
0
0
0
62622222
1511111
311111
11111
0
0
0
0
0
0
62522222
1411111
211111
11111
0
0
0
0
0
0
62422222
1311111
111111
11111
0
0
0
0
0
0
62322222
1211111
11111
0
0
0
0
0
0
0
62222222
1111111
0
0
0
0
0
0
0
0
62122222
1011111
0
0
0
0
0
0
0
0
62022222
911111
400000
0
0
0
0
0
0
0
61922222
811111
300000
0
0
0
0
0
0
0
61822222
711111
200000
0
0
0
0
0
0
0
61722222
611111
100000
0
0
0
0
0
0
0
61622222
511111
0
0
0
0
0
0
0
0
61522222
411111
300000
0
0
0
0
0
0
0
61422222
311111
200000
0
0
0
0
0
0
0
61322222
211111
100000
0
0
0
0
0
0
0
61222222
111111
0
0
0
0
0
0
0
0
61122222
11111
0
0
0
0
0
0
0
0
61022222
411111
11111
0
0
0
0
0
0
0
60922222
311111
11111
0
0
0
0
0
0
0
60822222
211111
11111
0
0
0
0
0
0
0
60722222
111111
11111
0
0
0
0
0
0
0
60622222
11111
0
0
0
0
0
0
0
0
60522222
4411111
11111
0
0
0
0
0
0
0
60422222
4311111
11111
0
0
0
0
0
0
0
60322222
4211111
11111
0
0
0
0
0
0
0
60222222
4111111
111111
0
0
0
0
0
0
0
60122222
4011111
11111
0
0
0
0
0
0
0
60022222
3911111
11111
0
0
0
0
0
0
0
59922222
3811111
311111
11111
0
0
0
0
0
0
59822222
3711111
211111
11111
0
0
0
0
0
0
59722222
3611111
111111
11111
0
0
0
0
0
0
59622222
3511111
11111
0
0
0
0
0
0
0
59522222
3411111
411111
11111
0
0
0
0
0
0
59422222
3311111
311111
11111
0
0
0
0
0
0
59322222
3211111
211111
11111
0
0
0
0
0
0
59222222
3111111
111111
0
0
0
0
0
0
0
59122222
3011111
11111
0
0
0
0
0
0
0
59022222
2911111
111111
11111
0
0
0
0
0
0
58922222
2811111
11111
0
0
0
0
0
0
0
58822222
2711111
211111
11111
0
0
0
0
0
0
58722222
2611111
111111
11111
0
0
0
0
0
0
58622222
2511111
11111
0
0
0
0
0
0
0
58522222
2411111
411111
11111
0
0
0
0
0
0
58422222
2311111
311111
11111
0
0
0
0
0
0
58322222
2211111
211111
11111
0
0
0
0
0
0
58222222
2111111
111111
0
0
0
0
0
0
0
58122222
2011111
11111
0
0
0
0
0
0
0
58022222
1911111
211111
11111
0
0
0
0
0
0
57922222
1811111
111111
11111
0
0
0
0
0
0
57822222
1711111
11111
0
0
0
0
0
0
0
57722222
1611111
111111
11111
0
0
0
0
0
0
57622222
1511111
11111
0
0
0
0
0
0
0
57522222
1411111
411111
11111
0
0
0
0
0
0
57422222
1311111
311111
11111
0
0
0
0
0
0
57322222
1211111
211111
11111
0
0
0
0
0
0
57222222
1111111
111111
0
0
0
0
0
0
0
57122222
1011111
11111
0
0
0
0
0
0
0
57022222
911111
311111
11111
0
0
0
0
0
0
56922222
811111
211111
11111
0
0
0
0
0
0
56822222
711111
111111
11111
0
0
0
0
0
0
56722222
611111
11111
0
0
0
0
0
0
0
56622222
511111
11111
0
0
0
0
0
0
0
56522222
411111
300000
11111
0
0
0
0
0
0
56422222
311111
200000
11111
0
0
0
0
0
0
56322222
211111
100000
11111
0
0
0
0
0
0
56222222
111111
0
0
0
0
0
0
0
0
56122222
11111
0
0
0
0
0
0
0
0
56022222
411111
11111
0
0
0
0
0
0
0
55922222
311111
11111
0
0
0
0
0
0
0
55822222
211111
11111
0
0
0
0
0
0
0
55722222
111111
11111
0
0
0
0
0
0
0
55622222
11111
0
0
0
0
0
0
0
0
55522222
4411111
11111
0
0
0
0
0
0
0
55422222
4311111
11111
0
0
0
0
0
0
0
55322222
4211111
11111
0
0
0
0
0
0
0
55222222
4111111
111111
0
0
0
0
0
0
0
55122222
4011111
11111
0
0
0
0
0
0
0
55022222
3911111
411111
11111
0
0
0
0
0
0
54922222
3811111
311111
11111
0
0
0
0
0
0
54822222
3711111
211111
11111
0
0
0
0
0
0
54722222
3611111
111111
11111
0
0
0
0
0
0
54622222
3511111
11111
0
0
0
0
0
0
0
54522222
3411111
11111
0
0
0
0
0
0
0
54422222
3311111
311111
11111
0
0
0
0
0
0
54322222
3211111
211111
11111
0
0
0
0
0
0
54222222
3111111
111111
0
0
0
0
0
0
0
54122222
3011111
11111
0
0
0
0
0
0
0
54022222
2911111
411111
11111
0
0
0
0
0
0
53922222
2811111
311111
11111
0
0
0
0
0
0
53822222
2711111
211111
11111
0
0
0
0
0
0
53722222
2611111
111111
11111
0
0
0
0
0
0
53622222
2511111
11111
0
0
0
0
0
0
0
53522222
2411111
111111
11111
0
0
0
0
0
0
53422222
2311111
11111
0
0
0
0
0
0
0
53322222
2211111
211111
11111
0
0
0
0
0
0
53222222
2111111
111111
0
0
0
0
0
0
0
53122222
2011111
11111
0
0
0
0
0
0
0
53022222
1911111
411111
11111
0
0
0
0
0
0
52922222
1811111
311111
11111
0
0
0
0
0
0
52822222
1711111
211111
11111
0
0
0
0
0
0
52722222
1611111
111111
11111
0
0
0
0
0
0
52622222
1511111
11111
0
0
0
0
0
0
0
52522222
1411111
211111
11111
0
0
0
0
0
0
52422222
1311111
111111
11111
0
0
0
0
0
0
52322222
1211111
11111
0
0
0
0
0
0
0
52222222
1111111
0
0
0
0
0
0
0
0
52122222
1011111
0
0
0
0
0
0
0
0
52022222
911111
500000
0
0
0
0
0
0
0
51922222
811111
400000
0
0
0
0
0
0
0
51822222
711111
300000
0
0
0
0
0
0
0
51722222
611111
200000
0
0
0
0
0
0
0
51622222
511111
100000
0
0
0
0
0
0
0
51522222
411111
0
0
0
0
0
0
0
0
51422222
311111
200000
0
0
0
0
0
0
0
51322222
211111
100000
0
0
0
0
0
0
0
51222222
111111
0
0
0
0
0
0
0
0
51122222
11111
0
0
0
0
0
0
0
0
51022222
511111
11111
0
0
0
0
0
0
0
50922222
411111
11111
0
0
0
0
0
0
0
50822222
311111
11111
0
0
0
0
0
0
0
50722222
211111
11111
0
0
0
0
0
0
0
50622222
111111
11111
0
0
0
0
0
0
0
50522222
11111
0
0
0
0
0
0
0
0
50422222
5311111
11111
0
0
0
0
0
0
0
50322222
5211111
11111
0
0
0
0
0
0
0
50222222
5111111
111111
0
0
0
0
0
0
0
50122222
5011111
11111
0
0
0
0
0
0
0
50022222
4911111
11111
0
0
0
0
0
0
0
49922222
4811111
411111
11111
0
0
0
0
0
0
49822222
4711111
311111
11111
0
0
0
0
0
0
49722222
4611111
211111
11111
0
0
0
0
0
0
49622222
4511111
111111
11111
0
0
0
0
0
0
49522222
4411111
11111
0
0
0
0
0
0
0
49422222
4311111
311111
11111
0
0
0
0
0
0
49322222
4211111
211111
11111
0
0
0
0
0
0
49222222
4111111
111111
0
0
0
0
0
0
0
49122222
4011111
11111
0
0
0
0
0
0
0
49022222
3911111
111111
11111
0
0
0
0
0
0
48922222
3811111
11111
0
0
0
0
0
0
0
48822222
3711111
311111
11111
0
0
0
0
0
0
48722222
3611111
211111
11111
0
0
0
0
0
0
48622222
3511111
111111
11111
0
0
0
0
0
0
48522222
3411111
11111
0
0
0
0
0
0
0
48422222
3311111
311111
11111
0
0
0
0
0
0
48322222
3211111
211111
11111
0
0
0
0
0
0
48222222
3111111
111111
0
0
0
0
0
0
0
48122222
3011111
11111
0
0
0
0
0
0
0
48022222
2911111
211111
11111
0
0
0
0
0
0
47922222
2811111
111111
11111
0
0
0
0
0
0
47822222
2711111
11111
0
0
0
0
0
0
0
47722222
2611111
211111
11111
0
0
0
0
0
0
47622222
2511111
111111
11111
0
0
0
0
0
0
47522222
2411111
11111
0
0
0
0
0
0
0
47422222
2311111
311111
11111
0
0
0
0
0
0
47322222
2211111
211111
11111
0
0
0
0
0
0
47222222
2111111
111111
0
0
0
0
0
0
0
47122222
2011111
11111
0
0
0
0
0
0
0
47022222
1911111
311111
11111
0
0
0
0
0
0
46922222
1811111
211111
11111
0
0
0
0
0
0
46822222
1711111
111111
11111
0
0
0
0
0
0
46722222
1611111
11111
0
0
0
0
0
0
0
46622222
1511111
111111
11111
0
0
0
0
0
0
46522222
1411111
11111
0
0
0
0
0
0
0
46422222
1311111
311111
11111
0
0
0
0
0
0
46322222
1211111
211111
11111
0
0
0
0
0
0
46222222
1111111
111111
0
0
0
0
0
0
0
46122222
1011111
11111
0
0
0
0
0
0
0
46022222
911111
411111
11111
0
0
0
0
0
0
45922222
811111
311111
11111
0
0
0
0
0
0
45822222
711111
211111
11111
0
0
0
0
0
0
45722222
611111
111111
11111
0
0
0
0
0
0
45622222
511111
11111
0
0
0
0
0
0
0
45522222
411111
11111
0
0
0
0
0
0
0
45422222
311111
200000
11111
0
0
0
0
0
0
45322222
211111
100000
11111
0
0
0
0
0
0
45222222
111111
0
0
0
0
0
0
0
0
45122222
11111
0
0
0
0
0
0
0
0
45022222
511111
11111
0
0
0
0
0
0
0
44922222
411111
11111
0
0
0
0
0
0
0
44822222
311111
11111
0
0
0
0
0
0
0
44722222
211111
11111
0
0
0
0
0
0
0
44622222
111111
11111
0
0
0
0
0
0
0
44522222
11111
0
0
0
0
0
0
0
0
44422222
3311111
11111
0
0
0
0
0
0
0
44322222
3211111
11111
0
0
0
0
0
0
0
44222222
3111111
111111
0
0
0
0
0
0
0
44122222
3011111
11111
0
0
0
0
0
0
0
44022222
2911111
511111
11111
0
0
0
0
0
0
43922222
2811111
411111
11111
0
0
0
0
0
0
43822222
2711111
311111
11111
0
0
0
0
0
0
43722222
2611111
211111
11111
0
0
0
0
0
0
43622222
2511111
111111
11111
0
0
0
0
0
0
43522222
2411111
11111
0
0
0
0
0
0
0
43422222
2311111
11111
0
0
0
0
0
0
0
43322222
2211111
211111
11111
0
0
0
0
0
0
43222222
2111111
111111
0
0
0
0
0
0
0
43122222
2011111
11111
0
0
0
0
0
0
0
43022222
1911111
511111
11111
0
0
0
0
0
0
42922222
1811111
411111
11111
0
0
0
0
0
0
42822222
1711111
311111
11111
0
0
0
0
0
0
42722222
1611111
211111
11111
0
0
0
0
0
0
42622222
1511111
111111
11111
0
0
0
0
0
0
42522222
1411111
11111
0
0
0
0
0
0
0
42422222
1311111
111111
11111
0
0
0
0
0
0
42322222
1211111
11111
0
0
0
0
0
0
0
42222222
1111111
0
0
0
0
0
0
0
0
42122222
1011111
0
0
0
0
0
0
0
0
42022222
911111
600000
0
0
0
0
0
0
0
41922222
811111
500000
0
0
0
0
0
0
0
41822222
711111
400000
0
0
0
0
0
0
0
41722222
611111
300000
0
0
0
0
0
0
0
41622222
511111
200000
0
0
0
0
0
0
0
41522222
411111
100000
0
0
0
0
0
0
0
41422222
311111
0
0
0
0
0
0
0
0
41322222
211111
100000
0
0
0
0
0
0
0
41222222
111111
0
0
0
0
0
0
0
0
41122222
11111
0
0
0
0
0
0
0
0
41022222
611111
11111
0
0
0
0
0
0
0
40922222
511111
11111
0
0
0
0
0
0
0
40822222
411111
11111
0
0
0
0
0
0
0
40722222
311111
11111
0
0
0
0
0
0
0
40622222
211111
11111
0
0
0
0
0
0
0
40522222
111111
11111
0
0
0
0
0
0
0
40422222
11111
0
0
0
0
0
0
0
0
40322222
6211111
11111
0
0
0
0
0
0
0
40222222
6111111
111111
0
0
0
0
0
0
0
40122222
6011111
11111
0
0
0
0
0
0
0
40022222
5911111
11111
0
0
0
0
0
0
0
39922222
5811111
511111
11111
0
0
0
0
0
0
39822222
5711111
411111
11111
0
0
0
0
0
0
39722222
5611111
311111
11111
0
0
0
0
0
0
39622222
5511111
211111
11111
0
0
0
0
0
0
39522222
5411111
111111
11111
0
0
0
0
0
0
39422222
5311111
11111
0
0
0
0
0
0
0
39322222
5211111
211111
11111
0
0
0
0
0
0
39222222
5111111
111111
0
0
0
0
0
0
0
39122222
5011111
11111
0
0
0
0
0
0
0
39022222
4911111
111111
11111
0
0
0
0
0
0
38922222
4811111
11111
0
0
0
0
0
0
0
38822222
4711111
411111
11111
0
0
0
0
0
0
38722222
4611111
311111
11111
0
0
0
0
0
0
38622222
4511111
211111
11111
0
0
0
0
0
0
38522222
4411111
111111
11111
0
0
0
0
0
0
38422222
4311111
11111
0
0
0
0
0
0
0
38322222
4211111
211111
11111
0
0
0
0
0
0
38222222
4111111
111111
0
0
0
0
0
0
0
38122222
4011111
11111
0
0
0
0
0
0
0
38022222
3911111
211111
11111
0
0
0
0
0
0
37922222
3811111
111111
11111
0
0
0
0
0
0
37822222
3711111
11111
0
0
0
0
0
0
0
37722222
3611111
311111
11111
0
0
0
0
0
0
37622222
3511111
211111
11111
0
0
0
0
0
0
37522222
3411111
111111
11111
0
0
0
0
0
0
37422222
3311111
11111
0
0
0
0
0
0
0
37322222
3211111
211111
11111
0
0
0
0
0
0
37222222
3111111
111111
0
0
0
0
0
0
0
37122222
3011111
11111
0
0
0
0
0
0
0
37022222
2911111
311111
11111
0
0
0
0
0
0
36922222
2811111
211111
11111
0
0
0
0
0
0
36822222
2711111
111111
11111
0
0
0
0
0
0
36722222
2611111
11111
0
0
0
0
0
0
0
36622222
2511111
211111
11111
0
0
0
0
0
0
36522222
2411111
111111
11111
0
0
0
0
0
0
36422222
2311111
11111
0
0
0
0
0
0
0
36322222
2211111
211111
11111
0
0
0
0
0
0
36222222
2111111
111111
0
0
0
0
0
0
0
36122222
2011111
11111
0
0
0
0
0
0
0
36022222
1911111
411111
11111
0
0
0
0
0
0
35922222
1811111
311111
11111
0
0
0
0
0
0
35822222
1711111
211111
11111
0
0
0
0
0
0
35722222
1611111
111111
11111
0
0
0
0
0
0
35622222
1511111
11111
0
0
0
0
0
0
0
35522222
1411111
111111
11111
0
0
0
0
0
0
35422222
1311111
11111
0
0
0
0
0
0
0
35322222
1211111
211111
11111
0
0
0
0
0
0
35222222
1111111
111111
0
0
0
0
0
0
0
35122222
1011111
11111
0
0
0
0
0
0
0
35022222
911111
511111
11111
0
0
0
0
0
0
34922222
811111
411111
11111
0
0
0
0
0
0
34822222
711111
311111
11111
0
0
0
0
0
0
34722222
611111
211111
11111
0
0
0
0
0
0
34622222
511111
111111
11111
0
0
0
0
0
0
34522222
411111
11111
0
0
0
0
0
0
0
34422222
311111
11111
0
0
0
0
0
0
0
34322222
211111
100000
11111
0
0
0
0
0
0
34222222
111111
0
0
0
0
0
0
0
0
34122222
11111
0
0
0
0
0
0
0
0
34022222
611111
11111
0
0
0
0
0
0
0
33922222
511111
11111
0
0
0
0
0
0
0
33822222
411111
11111
0
0
0
0
0
0
0
33722222
311111
11111
0
0
0
0
0
0
0
33622222
211111
11111
0
0
0
0
0
0
0
33522222
111111
11111
0
0
0
0
0
0
0
33422222
11111
0
0
0
0
0
0
0
0
33322222
2211111
11111
0
0
0
0
0
0
0
33222222
2111111
111111
0
0
0
0
0
0
0
33122222
2011111
11111
0
0
0
0
0
0
0
33022222
1911111
611111
11111
0
0
0
0
0
0
32922222
1811111
511111
11111
0
0
0
0
0
0
32822222
1711111
411111
11111
0
0
0
0
0
0
32722222
1611111
311111
11111
0
0
0
0
0
0
32622222
1511111
211111
11111
0
0
0
0
0
0
32522222
1411111
111111
11111
0
0
0
0
0
0
32422222
1311111
11111
0
0
0
0
0
0
0
32322222
1211111
11111
0
0
0
0
0
0
0
32222222
1111111
0
0
0
0
0
0
0
0
32122222
1011111
0
0
0
0
0
0
0
0
32022222
911111
700000
0
0
0
0
0
0
0
31922222
811111
600000
0
0
0
0
0
0
0
31822222
711111
500000
0
0
0
0
0
0
0
31722222
611111
400000
0
0
0
0
0
0
0
31622222
511111
300000
0
0
0
0
0
0
0
31522222
411111
200000
0
0
0
0
0
0
0
31422222
311111
100000
0
0
0
0
0
0
0
31322222
211111
0
0
0
0
0
0
0
0
31222222
111111
0
0
0
0
0
0
0
0
31122222
11111
0
0
0
0
0
0
0
0
31022222
711111
11111
0
0
0
0
0
0
0
30922222
611111
11111
0
0
0
0
0
0
0
30822222
511111
11111
0
0
0
0
0
0
0
30722222
411111
11111
0
0
0
0
0
0
0
30622222
311111
11111
0
0
0
0
0
0
0
30522222
211111
11111
0
0
0
0
0
0
0
30422222
111111
11111
0
0
0
0
0
0
0
30322222
11111
0
0
0
0
0
0
0
0
30222222
7111111
111111
0
0
0
0
0
0
0
30122222
7011111
11111
0
0
0
0
0
0
0
30022222
6911111
11111
0
0
0
0
0
0
0
29922222
6811111
611111
11111
0
0
0
0
0
0
29822222
6711111
511111
11111
0
0
0
0
0
0
29722222
6611111
411111
11111
0
0
0
0
0
0
29622222
6511111
311111
11111
0
0
0
0
0
0
29522222
6411111
211111
11111
0
0
0
0
0
0
29422222
6311111
111111
11111
0
0
0
0
0
0
29322222
6211111
11111
0
0
0
0
0
0
0
29222222
6111111
111111
0
0
0
0
0
0
0
29122222
6011111
11111
0
0
0
0
0
0
0
29022222
5911111
111111
11111
0
0
0
0
0
0
28922222
5811111
11111
0
0
0
0
0
0
0
28822222
5711111
511111
11111
0
0
0
0
0
0
28722222
5611111
411111
11111
0
0
0
0
0
0
28622222
5511111
311111
11111
0
0
0
0
0
0
28522222
5411111
211111
11111
0
0
0
0
0
0
28422222
5311111
111111
11111
0
0
0
0
0
0
28322222
5211111
11111
0
0
0
0
0
0
0
28222222
5111111
111111
0
0
0
0
0
0
0
28122222
5011111
11111
0
0
0
0
0
0
0
28022222
4911111
211111
11111
0
0
0
0
0
0
27922222
4811111
111111
11111
0
0
0
0
0
0
27822222
4711111
11111
0
0
0
0
0
0
0
27722222
4611111
411111
11111
0
0
0
0
0
0
27622222
4511111
311111
11111
0
0
0
0
0
0
27522222
4411111
211111
11111
0
0
0
0
0
0
27422222
4311111
111111
11111
0
0
0
0
0
0
27322222
4211111
11111
0
0
0
0
0
0
0
27222222
4111111
111111
0
0
0
0
0
0
0
27122222
4011111
11111
0
0
0
0
0
0
0
27022222
3911111
311111
11111
0
0
0
0
0
0
26922222
3811111
211111
11111
0
0
0
0
0
0
26822222
3711111
111111
11111
0
0
0
0
0
0
26722222
3611111
11111
0
0
0
0
0
0
0
26622222
3511111
311111
11111
0
0
0
0
0
0
26522222
3411111
211111
11111
0
0
0
0
0
0
26422222
3311111
111111
11111
0
0
0
0
0
0
26322222
3211111
11111
0
0
0
0
0
0
0
26222222
3111111
111111
0
0
0
0
0
0
0
26122222
3011111
11111
0
0
0
0
0
0
0
26022222
2911111
411111
11111
0
0
0
0
0
0
25922222
2811111
311111
11111
0
0
0
0
0
0
25822222
2711111
211111
11111
0
0
0
0
0
0
25722222
2611111
111111
11111
0
0
0
0
0
0
25622222
2511111
11111
0
0
0
0
0
0
0
25522222
2411111
211111
11111
0
0
0
0
0
0
25422222
2311111
111111
11111
0
0
0
0
0
0
25322222
2211111
11111
0
0
0
0
0
0
0
25222222
2111111
111111
0
0
0
0
0
0
0
25122222
2011111
11111
0
0
0
0
0
0
0
25022222
1911111
511111
11111
0
0
0
0
0
0
24922222
1811111
411111
11111
0
0
0
0
0
0
24822222
1711111
311111
11111
0
0
0
0
0
0
24722222
1611111
211111
11111
0
0
0
0
0
0
24622222
1511111
111111
11111
0
0
0
0
0
0
24522222
1411111
11111
0
0
0
0
0
0
0
24422222
1311111
111111
11111
0
0
0
0
0
0
24322222
1211111
11111
0
0
0
0
0
0
0
24222222
1111111
111111
0
0
0
0
0
0
0
24122222
1011111
11111
0
0
0
0
0
0
0
24022222
911111
611111
11111
0
0
0
0
0
0
23922222
811111
511111
11111
0
0
0
0
0
0
23822222
711111
411111
11111
0
0
0
0
0
0
23722222
611111
311111
11111
0
0
0
0
0
0
23622222
511111
211111
11111
0
0
0
0
0
0
23522222
411111
111111
11111
0
0
0
0
0
0
23422222
311111
11111
0
0
0
0
0
0
0
23322222
211111
11111
0
0
0
0
0
0
0
23222222
111111
0
0
0
0
0
0
0
0
23122222
11111
0
0
0
0
0
0
0
0
23022222
711111
11111
0
0
0
0
0
0
0
22922222
611111
11111
0
0
0
0
0
0
0
22822222
511111
11111
0
0
0
0
0
0
0
22722222
411111
11111
0
0
0
0
0
0
0
22622222
311111
11111
0
0
0
0
0
0
0
22522222
211111
11111
0
0
0
0
0
0
0
22422222
111111
11111
0
0
0
0
0
0
0
22322222
11111
0
0
0
0
0
0
0
0
22222222
0
0
0
0
0
0
0
0
0
22122222
100000
0
0
0
0
0
0
0
0
22022222
0
0
0
0
0
0
0
0
0
21922222
1700000
0
0
0
0
0
0
0
0
21822222
1600000
0
0
0
0
0
0
0
0
21722222
1500000
0
0
0
0
0
0
0
0
21622222
1400000
0
0
0
0
0
0
0
0
21522222
1300000
0
0
0
0
0
0
0
0
21422222
1200000
0
0
0
0
0
0
0
0
21322222
1100000
0
0
0
0
0
0
0
0
21222222
1000000
0
0
0
0
0
0
0
0
